0 0.6203125 0.259375 0.03671875 0.06953125
0 0.9765625 0.259375 0.04609375 0.08359375
0 0.45625 0.26875 0.03671875 0.06953125
0 0.71953125 0.27109375 0.04140625 0.07890625
0 0.678125 0.27109375 0.04140625 0.07421875
0 0.9375 0.28046875 0.05078125 0.09296875
0 0.83828125 0.29609375 0.04140625 0.08359375
0 0.88671875 0.29609375 0.04140625 0.07421875
0 0.74296875 0.3125 0.03203125 0.05546875
0 0.553125 0.31953125 0.04140625 0.08828125
0 0.778125 0.321875 0.04609375 0.06953125
0 0.0390625 0.33125 0.06953125 0.1109375
0 0.59921875 0.35390625 0.03203125 0.06015625
0 0.634375 0.365625 0.04140625 0.07890625
0 0.75 0.42109375 0.05078125 0.07890625
0 0.875 0.48359375 0.04609375 0.096875
0 0.6875 0.5 0.05078125 0.06484375
0 0.9140625 0.57890625 0.05078125 0.09296875
0 0.02109375 0.8125 0.04140625 0.14375
0 0.08359375 0.821875 0.06953125 0.08359375
0 0.196875 0.8515625 0.08828125 0.096875
0 0.071875 0.9140625 0.08359375 0.134375
0 0.21796875 0.91875 0.07890625 0.06015625
0 0.90078125 0.09296875 0.03203125 0.06484375
0 0.44453125 0.94453125 0.1109375 0.1015625
0 0.21953125 0.95859375 0.10625 0.07421875
0 0.8171875 0.115625 0.03671875 0.06484375
0 0.16171875 0.125 0.09296875 0.1390625
0 0.875 0.13203125 0.03671875 0.05546875
0 0.903125 0.15546875 0.03671875 0.05078125
0 0.02109375 0.15546875 0.04140625 0.08359375
0 0.3984375 0.15546875 0.06484375 0.1109375
0 0.8078125 0.15703125 0.03671875 0.05546875
0 0.7546875 0.1640625 0.03203125 0.04609375
0 0.68984375 0.16875 0.05078125 0.1015625
0 0.10390625 0.17109375 0.03203125 0.03671875
0 0.26171875 0.17578125 0.06953125 0.125
0 0.07421875 0.18046875 0.03203125 0.04609375
0 0.59453125 0.1875 0.03203125 0.06484375
0 0.97421875 0.1921875 0.04140625 0.05546875
0 0.31484375 0.19453125 0.05078125 0.07890625
0 0.91171875 0.20625 0.03203125 0.06484375
0 0.73125 0.20625 0.04140625 0.04609375
0 0.86796875 0.20859375 0.04609375 0.07421875
0 0.4609375 0.22890625 0.03203125 0.05078125
0 0.83125 0.23125 0.028125 0.04609375
0 0.5765625 0.23359375 0.03203125 0.05078125
0 0.0625 0.23359375 0.04609375 0.07890625
0 0.5234375 0.24296875 0.07890625 0.10625
0 0.78046875 0.24296875 0.04140625 0.05078125