0 0.0765625 0.02109375 0.028125 0.04140625
0 0.0234375 0.02109375 0.028125 0.03671875
0 0.096875 0.2109375 0.028125 0.04140625
0 0.9515625 0.21953125 0.03203125 0.05546875
0 0.06015625 0.221875 0.028125 0.04140625
0 0.20859375 0.2265625 0.03671875 0.04140625
0 0.86328125 0.2359375 0.03203125 0.04609375
0 0.17578125 0.240625 0.0234375 0.04140625
0 0.528125 0.02578125 0.03203125 0.05078125
0 0.509375 0.25703125 0.028125 0.04609375
0 0.52109375 0.25703125 0.028125 0.05078125
0 0.40078125 0.26171875 0.03203125 0.05078125
0 0.3359375 0.2640625 0.0234375 0.03671875
0 0.778125 0.26875 0.03203125 0.05078125
0 0.9515625 0.27578125 0.03671875 0.06484375
0 0.85625 0.2890625 0.03203125 0.03671875
0 0.49296875 0.03046875 0.0234375 0.04140625
0 0.62734375 0.29609375 0.028125 0.04609375
0 0.04375 0.30078125 0.03203125 0.05078125
0 0.125 0.303125 0.028125 0.04140625
0 0.2640625 0.33125 0.04140625 0.05078125
0 0.875 0.340625 0.028125 0.05078125
0 0.64375 0.34296875 0.03671875 0.05078125
0 0.7640625 0.346875 0.028125 0.05078125
0 0.51875 0.3515625 0.028125 0.03671875
0 0.0765625 0.35859375 0.0234375 0.04140625
0 0.3515625 0.36796875 0.03671875 0.05546875
0 0.9140625 0.3703125 0.03203125 0.05078125
0 0.02109375 0.3796875 0.03671875 0.05078125
0 0.3078125 0.384375 0.028125 0.05078125
0 0.67578125 0.39375 0.04140625 0.05078125
0 0.87734375 0.403125 0.04140625 0.05546875
0 0.4375 0.40546875 0.03203125 0.05078125
0 0.73828125 0.40546875 0.03203125 0.04609375
0 0.17578125 0.40703125 0.03203125 0.04609375
0 0.98125 0.40703125 0.03203125 0.05546875
0 0.01640625 0.44453125 0.03203125 0.04609375
0 0.22421875 0.44921875 0.03203125 0.04609375
0 0.57890625 0.45390625 0.03203125 0.05078125
0 0.41875 0.45625 0.0234375 0.04140625
0 0.784375 0.45859375 0.03203125 0.04609375
0 0.4953125 0.4609375 0.028125 0.05078125
0 0.53671875 0.46796875 0.03203125 0.05078125
0 0.3359375 0.47421875 0.03203125 0.04609375
0 0.25703125 0.0484375 0.0234375 0.03203125
0 0.678125 0.0484375 0.03203125 0.05546875
0 0.1734375 0.490625 0.028125 0.05546875
0 0.24296875 0.5 0.03203125 0.05078125
0 0.27578125 0.05078125 0.03203125 0.04609375
0 0.41640625 0.50234375 0.0234375 0.03671875
0 0.66171875 0.50234375 0.028125 0.06015625
0 0.965625 0.51171875 0.03203125 0.04609375
0 0.3984375 0.053125 0.0234375 0.04140625
0 0.0484375 0.52109375 0.0234375 0.04609375
0 0.89375 0.5234375 0.04140625 0.05546875
0 0.4328125 0.54609375 0.0234375 0.05078125
0 0.76171875 0.55546875 0.03203125 0.05078125
0 0.20390625 0.0578125 0.03203125 0.04140625
0 0.31015625 0.56953125 0.03203125 0.05546875
0 0.2359375 0.5859375 0.03203125 0.05546875
0 0.96796875 0.59453125 0.04140625 0.05546875
0 0.403125 0.59453125 0.03203125 0.05078125
0 0.8078125 0.59453125 0.03203125 0.05078125
0 0.115625 0.61328125 0.03671875 0.05078125
0 0.625 0.615625 0.028125 0.04140625
0 0.01875 0.61796875 0.028125 0.05078125
0 0.53203125 0.61796875 0.03671875 0.04609375
0 0.04609375 0.62265625 0.028125 0.05546875
0 0.28046875 0.64609375 0.03203125 0.04140625
0 0.73359375 0.06484375 0.03203125 0.04609375
0 0.81484375 0.6640625 0.03203125 0.06015625
0 0.31953125 0.6734375 0.03203125 0.05078125
0 0.409375 0.67578125 0.03203125 0.06015625
0 0.6109375 0.68046875 0.03671875 0.06484375
0 0.4859375 0.6828125 0.03671875 0.04609375
0 0.1296875 0.6875 0.03203125 0.05546875
0 0.18984375 0.6921875 0.04140625 0.06953125
0 0.8703125 0.70390625 0.028125 0.06484375
0 0.69921875 0.70390625 0.03203125 0.06015625
0 0.7890625 0.071875 0.04140625 0.05078125
0 0.903125 0.071875 0.028125 0.04140625
0 0.9765625 0.71328125 0.03671875 0.05078125
0 0.21796875 0.73125 0.03671875 0.06015625
0 0.31484375 0.759375 0.03203125 0.05546875
0 0.803125 0.7734375 0.03671875 0.04609375
0 0.91171875 0.77578125 0.03203125 0.05546875
0 0.41640625 0.778125 0.03203125 0.05546875
0 0.61796875 0.78671875 0.03203125 0.06484375
0 0.85390625 0.7984375 0.03671875 0.05546875
0 0.28203125 0.81015625 0.03203125 0.05078125
0 0.9609375 0.81015625 0.03203125 0.05546875
0 0.68515625 0.81015625 0.03671875 0.05546875
0 0.80078125 0.81015625 0.03203125 0.06015625
0 0.0578125 0.8125 0.03671875 0.05078125
0 0.134375 0.82421875 0.03203125 0.05546875
0 0.346875 0.8265625 0.03203125 0.05078125
0 0.21953125 0.82890625 0.03203125 0.05078125
0 0.47421875 0.83125 0.03203125 0.05078125
0 0.34453125 0.009375 0.0234375 0.01875
0 0.2265625 0.009375 0.01875 0.01875
0 0.115625 0.08359375 0.03203125 0.04140625
0 0.54609375 0.8515625 0.03203125 0.06015625
0 0.465625 0.0859375 0.03203125 0.04609375
0 0.678125 0.8796875 0.04140625 0.06015625
0 0.346875 0.88203125 0.03671875 0.05078125
0 0.8265625 0.903125 0.03203125 0.04609375
0 0.73125 0.90546875 0.03203125 0.06484375
0 0.1484375 0.9140625 0.03671875 0.04609375
0 0.26171875 0.9234375 0.03671875 0.05078125
0 0.94921875 0.92578125 0.03203125 0.05546875
0 0.17578125 0.928125 0.03203125 0.05546875
0 0.09453125 0.9421875 0.03203125 0.05078125
0 0.4515625 0.94453125 0.04140625 0.06484375
0 0.53671875 0.94921875 0.04140625 0.07421875
0 0.0390625 0.9515625 0.04609375 0.05546875
0 0.65703125 0.96796875 0.028125 0.03671875
0 0.80078125 0.96953125 0.04140625 0.04609375
0 0.4140625 0.97421875 0.04140625 0.05078125
0 0.85390625 0.97890625 0.03671875 0.04140625
0 0.9140625 0.97890625 0.028125 0.03671875
0 0.36796875 0.9859375 0.03671875 0.028125
0 0.0578125 0.10390625 0.0234375 0.04140625
0 0.40546875 0.10625 0.03203125 0.05546875
0 0.28046875 0.11796875 0.03203125 0.04609375
0 0.58828125 0.0140625 0.028125 0.0234375
0 0.6734375 0.12734375 0.028125 0.05078125
0 0.946875 0.12734375 0.03203125 0.05078125
0 0.82421875 0.1390625 0.03671875 0.04140625
0 0.60859375 0.1390625 0.03671875 0.05546875
0 0.70859375 0.14140625 0.028125 0.05546875
0 0.6921875 0.14609375 0.03203125 0.04609375
0 0.8890625 0.1484375 0.03671875 0.05546875
0 0.50703125 0.1484375 0.03203125 0.05078125
0 0.76640625 0.153125 0.04140625 0.04609375
0 0.1734375 0.16640625 0.03203125 0.04140625
0 0.034375 0.17109375 0.028125 0.04609375
0 0.56015625 0.1734375 0.03671875 0.05546875
0 0.30078125 0.178125 0.03671875 0.05546875
0 0.971875 0.18046875 0.03203125 0.05078125
0 0.81953125 0.1828125 0.04140625 0.05546875
0 0.9515625 0.01875 0.028125 0.03671875
0 0.125 0.18984375 0.03203125 0.03671875
0 0.66171875 0.18984375 0.03203125 0.05078125
0 0.44921875 0.19453125 0.028125 0.05546875
0 0.3890625 0.2015625 0.03203125 0.05078125
0 0.74765625 0.20390625 0.03671875 0.04609375