0 0.346875 0.26875 0.06484375 0.04140625
0 0.90078125 0.2890625 0.07421875 0.06015625
0 0.4375 0.2890625 0.06015625 0.04609375
0 0.58359375 0.29375 0.06953125 0.04140625
0 0.72890625 0.32421875 0.06953125 0.05078125
0 0.41171875 0.32890625 0.06953125 0.03671875
0 0.32421875 0.3359375 0.06484375 0.03671875
0 0.26640625 0.33828125 0.08828125 0.05546875
0 0.0390625 0.33828125 0.05546875 0.03203125
0 0.91640625 0.034375 0.05546875 0.03671875
0 0.62265625 0.3515625 0.07421875 0.06015625
0 0.30546875 0.034375 0.05078125 0.04140625
0 0.40078125 0.36796875 0.06953125 0.04140625
0 0.31015625 0.37265625 0.06015625 0.03671875
0 0.9859375 0.03671875 0.01875 0.04609375
0 0.22421875 0.03671875 0.05546875 0.04609375
0 0.48359375 0.03671875 0.05078125 0.03671875
0 0.60625 0.0390625 0.06484375 0.04609375
0 0.1203125 0.38671875 0.07421875 0.05078125
0 0.73125 0.39140625 0.08359375 0.06484375
0 0.97421875 0.3984375 0.05078125 0.04609375
0 0.471875 0.409375 0.07890625 0.05078125
0 0.29140625 0.428125 0.07890625 0.04609375
0 0.178125 0.43046875 0.08359375 0.05078125
0 0.69453125 0.04375 0.05546875 0.04140625
0 0.034375 0.434375 0.06875 0.059375
0 0.884375 0.4421875 0.06484375 0.05078125
0 0.634375 0.446875 0.06015625 0.05078125
0 0.56015625 0.44921875 0.08828125 0.06484375
0 0.72421875 0.465625 0.07421875 0.06484375
0 0.553125 0.04609375 0.06015625 0.04609375
0 0.81015625 0.490625 0.07890625 0.06953125
0 0.8359375 0.0484375 0.05078125 0.04140625
0 0.93984375 0.49765625 0.07421875 0.06015625
0 0.37734375 0.50703125 0.08828125 0.05078125
0 0.375 0.05078125 0.06484375 0.05078125
0 0.01875 0.05546875 0.03671875 0.04609375
0 0.403125 0.56953125 0.09296875 0.04609375
0 0.63671875 0.56953125 0.06953125 0.06484375
0 0.20390625 0.57890625 0.07890625 0.06484375
0 0.03671875 0.59453125 0.06953125 0.05546875
0 0.96015625 0.603125 0.0796875 0.065625
0 0.42109375 0.61328125 0.09296875 0.05546875
0 0.09296875 0.0625 0.04609375 0.03671875
0 0.6734375 0.6484375 0.07421875 0.06484375
0 0.86328125 0.67578125 0.09296875 0.06484375
0 0.0234375 0.6875 0.04609375 0.03671875
0 0.3609375 0.68984375 0.08828125 0.06015625
0 0.875 0.06953125 0.05546875 0.03671875
0 0.21328125 0.7015625 0.09296875 0.06015625
0 0.9375 0.06953125 0.06484375 0.04609375
0 0.740625 0.071875 0.06015625 0.03203125
0 0.06015625 0.740625 0.09296875 0.05546875
0 0.70625 0.740625 0.07890625 0.06015625
0 0.46328125 0.7453125 0.08828125 0.06484375
0 0.971875 0.75703125 0.05546875 0.07890625
0 0.79375 0.0765625 0.05546875 0.028125
0 0.34296875 0.07890625 0.06484375 0.05078125
0 0.721875 0.8265625 0.096875 0.06015625
0 0.0140625 0.8265625 0.028125 0.03203125
0 0.23359375 0.83359375 0.096875 0.07890625
0 0.44453125 0.08359375 0.07421875 0.05546875
0 0.0859375 0.8796875 0.1015625 0.05078125
0 0.01171875 0.88203125 0.0234375 0.03671875
0 0.13671875 0.090625 0.06953125 0.04609375
0 0.5046875 0.09296875 0.06484375 0.028125
0 0.16875 0.9140625 0.10625 0.06484375
0 0.90546875 0.9234375 0.10625 0.06484375
0 0.44453125 0.95625 0.1109375 0.06015625
0 0.65703125 0.965625 0.096875 0.06015625
0 0.215625 0.96796875 0.1015625 0.05078125
0 0.72421875 0.1015625 0.06953125 0.03671875
0 0.634375 0.10625 0.07421875 0.04140625
0 0.20859375 0.10625 0.06484375 0.04609375
0 0.44921875 0.01171875 0.03671875 0.01875
0 0.56953125 0.115625 0.04609375 0.0234375
0 0.39140625 0.115625 0.04609375 0.028125
0 0.81015625 0.11796875 0.06015625 0.03203125
0 0.8609375 0.1203125 0.05078125 0.03203125
0 0.909375 0.01171875 0.05078125 0.0234375
0 0.29140625 0.12734375 0.06015625 0.04140625
0 0.8515625 0.0140625 0.05078125 0.028125
0 0.03046875 0.1296875 0.06015625 0.04609375
0 0.50234375 0.13203125 0.05078125 0.03671875
0 0.11796875 0.13203125 0.06015625 0.03203125
0 0.9328125 0.1390625 0.08359375 0.04609375
0 0.38203125 0.01640625 0.05078125 0.03203125
0 0.19453125 0.1484375 0.08359375 0.04140625
0 0.57890625 0.15078125 0.07421875 0.04140625
0 0.95390625 0.01640625 0.03203125 0.028125
0 0.053125 0.15078125 0.05078125 0.0234375
0 0.70625 0.16171875 0.07890625 0.04140625
0 0.40078125 0.16171875 0.05546875 0.04609375
0 0.1109375 0.1640625 0.04609375 0.028125
0 0.196875 0.1828125 0.05546875 0.03671875
0 0.28203125 0.18515625 0.06484375 0.05078125
0 0.09296875 0.19453125 0.06484375 0.04140625
0 0.04609375 0.196875 0.06953125 0.04140625
0 0.134375 0.19921875 0.04609375 0.028125
0 0.7640625 0.20390625 0.07421875 0.05078125
0 0.8796875 0.20625 0.06953125 0.05078125
0 0.3609375 0.21796875 0.05078125 0.03203125
0 0.4234375 0.221875 0.07890625 0.04609375
0 0.7359375 0.0234375 0.09296875 0.04609375
0 0.58359375 0.2265625 0.06484375 0.04609375
0 0.03203125 0.2421875 0.0640625 0.05
0 0.05546875 0.02578125 0.05078125 0.03671875
0 0.14375 0.2453125 0.06484375 0.04140625
0 0.1484375 0.02578125 0.06484375 0.05078125
0 0.94921875 0.25 0.05546875 0.04140625