0 0.70390625 0.30078125 0.03203125 0.05078125
0 0.678125 0.303125 0.0140625 0.0234375
0 0.840625 0.321875 0.03203125 0.04140625
0 0.625 0.32890625 0.028125 0.04140625
0 0.57421875 0.33125 0.05546875 0.10625
0 0.65703125 0.33125 0.01875 0.0234375
0 0.60859375 0.33359375 0.0140625 0.05078125
0 0.384375 0.3359375 0.0140625 0.01875
0 0.50234375 0.34296875 0.028125 0.04140625
0 0.77109375 0.34296875 0.01875 0.04140625
0 0.24296875 0.34453125 0.0140625 0.0234375
0 0.4765625 0.346875 0.01875 0.03203125
0 0.26640625 0.346875 0.01875 0.028125
0 0.4609375 0.346875 0.01875 0.0234375
0 0.17578125 0.346875 0.0140625 0.04140625
0 0.20390625 0.34921875 0.028125 0.03671875
0 0.7734375 0.36796875 0.028125 0.04609375
0 0.115625 0.36796875 0.04609375 0.07421875
0 0.403125 0.3703125 0.0234375 0.04140625
0 0.35859375 0.37265625 0.03671875 0.07421875
0 0.08359375 0.375 0.05546875 0.115625
0 0.8078125 0.38203125 0.03203125 0.06484375
0 0.2640625 0.38203125 0.04140625 0.06015625
0 0.6640625 0.384375 0.05546875 0.06484375
0 0.740625 0.384375 0.05546875 0.115625
0 0.321875 0.38671875 0.04609375 0.08828125
0 0.4234375 0.3890625 0.03671875 0.05546875
0 0.534375 0.3890625 0.03203125 0.05546875
0 0.846875 0.403125 0.04140625 0.07890625
0 0.471875 0.41640625 0.05078125 0.08828125
0 0.2265625 0.446875 0.06484375 0.1203125
0 0.66171875 0.44921875 0.06015625 0.06953125
0 0.04375 0.44921875 0.07421875 0.15703125
0 0.4328125 0.490625 0.06484375 0.1203125
0 0.90703125 0.58828125 0.1296875 0.18515625
0 0.71953125 0.64375 0.10625 0.21328125
0 0.30546875 0.66640625 0.1015625 0.2265625
0 0.0671875 0.81953125 0.134375 0.346875