0 0.58125 0.32890625 0.05078125 0.04140625
0 0.32890625 0.33125 0.03671875 0.04140625
0 0.7109375 0.340625 0.03671875 0.04609375
0 0.19453125 0.34921875 0.03671875 0.05546875
0 0.28203125 0.34921875 0.03203125 0.04140625
0 0.64609375 0.3515625 0.028125 0.03671875
0 0.1484375 0.365625 0.04609375 0.03203125
0 0.23828125 0.365625 0.04140625 0.06953125
0 0.4515625 0.36796875 0.03671875 0.028125
0 0.0140625 0.36796875 0.028125 0.05546875
0 0.846875 0.36796875 0.04140625 0.06484375
0 0.66171875 0.3703125 0.03671875 0.05078125
0 0.49296875 0.37265625 0.028125 0.04609375
0 0.77109375 0.37265625 0.04140625 0.07421875
0 0.321875 0.375 0.06953125 0.06953125
0 0.9328125 0.375 0.04140625 0.06953125
0 0.15703125 0.37734375 0.03671875 0.0234375
0 0.41640625 0.37734375 0.03671875 0.05078125
0 0.31953125 0.38203125 0.06015625 0.07421875
0 0.3703125 0.38203125 0.04609375 0.06953125
0 0.60625 0.38203125 0.04140625 0.05546875
0 0.5140625 0.38203125 0.04609375 0.06484375
0 0.803125 0.38203125 0.04140625 0.04609375
0 0.72890625 0.38671875 0.03671875 0.06484375
0 0.13671875 0.40078125 0.04609375 0.04609375
0 0.009375 0.403125 0.01875 0.06484375
0 0.56015625 0.403125 0.06484375 0.08828125
0 0.91640625 0.40703125 0.05078125 0.06015625
0 0.875 0.40703125 0.03203125 0.05078125
0 0.17578125 0.409375 0.06953125 0.06953125
0 0.696875 0.41875 0.04140625 0.06015625
0 0.65078125 0.41875 0.05078125 0.06015625
0 0.11796875 0.4234375 0.03203125 0.05546875
0 0.034375 0.42578125 0.04140625 0.04140625
0 0.45625 0.42578125 0.07421875 0.06953125
0 0.96484375 0.43515625 0.0703125 0.1015625
0 0.79140625 0.43515625 0.06484375 0.06015625
0 0.07890625 0.43984375 0.06953125 0.06953125
0 0.91640625 0.45625 0.05546875 0.06484375
0 0.85625 0.45859375 0.06484375 0.04609375
0 0.6484375 0.46328125 0.06953125 0.07890625
0 0.29609375 0.46953125 0.134375 0.125
0 0.08359375 0.47421875 0.06015625 0.05546875
0 0.028125 0.47890625 0.04609375 0.06015625
0 0.70625 0.48359375 0.07421875 0.08828125
0 0.81953125 0.50234375 0.1296875 0.07421875
0 0.19921875 0.534375 0.17578125 0.1484375
0 0.03046875 0.55078125 0.06015625 0.07890625
0 0.6921875 0.58125 0.1296875 0.10625
0 0.41171875 0.596875 0.09296875 0.115625
0 0.8078125 0.6015625 0.09296875 0.1296875
0 0.553125 0.6203125 0.09296875 0.1296875
0 0.01640625 0.65703125 0.03203125 0.115625
0 0.68515625 0.70390625 0.1390625 0.14375
0 0.4421875 0.79609375 0.19921875 0.259375
0 0.81484375 0.83125 0.17578125 0.2734375
0 0.02578125 0.93984375 0.05078125 0.1015625