0 0.43515625 0.1875 0.0046875 0.009375
0 0.4421875 0.19453125 0.0046875 0.009375
0 0.4953125 0.19453125 0.009375 0.009375
0 0.45390625 0.196875 0.0046875 0.0046875
0 0.41640625 0.19921875 0.009375 0.009375
0 0.56015625 0.2015625 0.0046875 0.0046875
0 0.509375 0.20390625 0.0046875 0.0046875
0 0.43046875 0.20390625 0.0046875 0.009375
0 0.5234375 0.20390625 0.0046875 0.0046875
0 0.534375 0.20390625 0.0046875 0.0046875
0 0.45625 0.20625 0.0046875 0.009375
0 0.4421875 0.20625 0.0046875 0.009375
0 0.49765625 0.20625 0.0046875 0.0046875
0 0.54609375 0.20859375 0.0046875 0.0046875
0 0.48828125 0.2109375 0.0046875 0.009375
0 0.54140625 0.2109375 0.0046875 0.0046875
0 0.40078125 0.21328125 0.0046875 0.009375
0 0.5484375 0.21328125 0.0046875 0.009375
0 0.67109375 0.215625 0.009375 0.0046875
0 0.471875 0.215625 0.009375 0.009375
0 0.5 0.215625 0.009375 0.009375
0 0.5140625 0.215625 0.009375 0.0140625
0 0.4375 0.21796875 0.009375 0.009375
0 0.446875 0.21796875 0.009375 0.009375
0 0.37734375 0.221875 0.009375 0.0046875
0 0.384375 0.221875 0.009375 0.0140625
0 0.43046875 0.221875 0.0046875 0.009375
0 0.3703125 0.221875 0.0046875 0.0046875
0 0.490625 0.22421875 0.009375 0.009375
0 0.375 0.22421875 0.0046875 0.009375
0 0.4234375 0.2265625 0.009375 0.009375
0 0.50703125 0.22890625 0.009375 0.0140625
0 0.46953125 0.23125 0.0140625 0.0140625
0 0.70859375 0.23125 0.0140625 0.01875
0 0.2984375 0.23125 0.01875 0.01875
0 0.37734375 0.23359375 0.009375 0.0140625
0 0.3515625 0.23359375 0.009375 0.009375
0 0.48125 0.23359375 0.0140625 0.01875
0 0.528125 0.23359375 0.01875 0.03671875
0 0.28671875 0.2359375 0.0140625 0.0140625
0 0.30078125 0.2359375 0.0140625 0.01875
0 0.6484375 0.2359375 0.028125 0.04140625
0 0.340625 0.23828125 0.0140625 0.0140625
0 0.4375 0.23828125 0.0140625 0.0140625
0 0.678125 0.23828125 0.0140625 0.0234375
0 0.36796875 0.23828125 0.0046875 0.009375
0 0.8359375 0.240625 0.03203125 0.04140625
0 0.40546875 0.240625 0.0140625 0.01875
0 0.71796875 0.240625 0.0140625 0.01875
0 0.41640625 0.240625 0.0140625 0.0140625
0 0.22890625 0.24296875 0.01875 0.0234375
0 0.553125 0.2453125 0.01875 0.03671875
0 0.32421875 0.2453125 0.01875 0.028125
0 0.4328125 0.2453125 0.009375 0.0140625
0 0.7265625 0.2453125 0.0140625 0.0140625
0 0.31484375 0.2453125 0.0140625 0.01875
0 0.73828125 0.2453125 0.009375 0.0140625
0 0.69921875 0.2453125 0.01875 0.0234375
0 0.81484375 0.24765625 0.028125 0.03671875
0 0.375 0.24765625 0.0140625 0.0140625
0 0.39140625 0.25 0.009375 0.0140625
0 0.60625 0.25 0.009375 0.0140625
0 0.58828125 0.25234375 0.03671875 0.06015625
0 0.0765625 0.25234375 0.0234375 0.03203125
0 0.01171875 0.25703125 0.0234375 0.03671875
0 0.3515625 0.25703125 0.01875 0.0234375
0 0.25 0.25703125 0.0234375 0.028125
0 0.2640625 0.25703125 0.0140625 0.01875
0 0.28046875 0.259375 0.0234375 0.0234375
0 0.7359375 0.26171875 0.01875 0.028125
0 0.4765625 0.26171875 0.01875 0.0234375
0 0.43984375 0.26171875 0.01875 0.0234375
0 0.303125 0.2640625 0.01875 0.0234375
0 0.86796875 0.26640625 0.01875 0.0234375
0 0.1203125 0.27109375 0.01875 0.0234375
0 0.221875 0.27109375 0.01875 0.01875
0 0.88671875 0.27109375 0.0234375 0.0234375
0 0.3984375 0.278125 0.01875 0.028125
0 0.20390625 0.28203125 0.01875 0.04140625
0 0.93046875 0.284375 0.07421875 0.1109375
0 0.04609375 0.2890625 0.05546875 0.07890625
0 0.78203125 0.29140625 0.05078125 0.07421875
0 0.97890625 0.29140625 0.03203125 0.09296875
0 0.528125 0.29140625 0.028125 0.04140625
0 0.7265625 0.30546875 0.04609375 0.05546875
0 0.23125 0.31484375 0.03671875 0.05078125
0 0.83125 0.3171875 0.04609375 0.06953125
0 0.66171875 0.32890625 0.04609375 0.07421875
0 0.38203125 0.35625 0.07890625 0.096875
0 0.26171875 0.3703125 0.04140625 0.05078125
0 0.13203125 0.38671875 0.1109375 0.153125
0 0.64140625 0.5484375 0.06015625 0.07421875
0 0.36328125 0.67109375 0.06015625 0.09296875