0 0.971875 0.10859375 0.05546875 0.1296875
0 0.8359375 0.196875 0.04140625 0.05078125
0 0.196875 0.21328125 0.028125 0.04140625
0 0.5484375 0.21328125 0.009375 0.009375
0 0.259375 0.215625 0.0234375 0.03203125
0 0.48828125 0.21796875 0.009375 0.0140625
0 0.3703125 0.221875 0.01875 0.0234375
0 0.41875 0.221875 0.0140625 0.01875
0 0.5390625 0.22421875 0.0046875 0.009375
0 0.49296875 0.2265625 0.009375 0.009375
0 0.56484375 0.2265625 0.0046875 0.0046875
0 0.31953125 0.2265625 0.01875 0.0234375
0 0.553125 0.2265625 0.009375 0.0140625
0 0.24296875 0.23125 0.028125 0.03671875
0 0.4375 0.23125 0.01875 0.0234375
0 0.46953125 0.23359375 0.0140625 0.01875
0 0.28671875 0.2359375 0.01875 0.028125
0 0.73828125 0.2359375 0.0046875 0.0046875
0 0.5140625 0.2359375 0.0234375 0.03671875
0 0.22890625 0.23828125 0.0140625 0.03203125
0 0.36796875 0.23828125 0.0140625 0.0234375
0 0.04375 0.240625 0.03671875 0.06015625
0 0.340625 0.240625 0.0140625 0.028125
0 0.759375 0.2453125 0.009375 0.009375
0 0.3171875 0.24765625 0.0234375 0.03203125
0 0.6921875 0.25234375 0.0234375 0.0234375
0 0.5578125 0.25234375 0.0140625 0.01875
0 0.5484375 0.25703125 0.01875 0.03671875
0 0.57421875 0.25703125 0.0140625 0.01875
0 0.48125 0.25703125 0.0140625 0.028125
0 0.53671875 0.25703125 0.009375 0.03203125
0 0.76640625 0.259375 0.009375 0.0140625
0 0.59921875 0.26171875 0.009375 0.0140625
0 0.784375 0.26640625 0.0140625 0.0234375
0 0.58359375 0.26875 0.0140625 0.01875
0 0.6921875 0.27109375 0.0234375 0.01875
0 0.73359375 0.27109375 0.0234375 0.04609375
0 0.56484375 0.27109375 0.01875 0.009375
0 0.71796875 0.2734375 0.028125 0.04609375
0 0.1203125 0.27578125 0.06953125 0.08828125
0 0.59296875 0.278125 0.0140625 0.0234375
0 0.74765625 0.28046875 0.01875 0.028125
0 0.79140625 0.28671875 0.01875 0.01875
0 0.57890625 0.2890625 0.03203125 0.028125
0 0.68984375 0.29375 0.03203125 0.03671875
0 0.7640625 0.29375 0.03203125 0.04609375
0 0.028125 0.30546875 0.05546875 0.06484375
0 0.79609375 0.31015625 0.03203125 0.04609375
0 0.6828125 0.31953125 0.03671875 0.05546875
0 0.59921875 0.31953125 0.03671875 0.05078125
0 0.5625 0.32890625 0.03203125 0.05546875
0 0.31015625 0.33828125 0.04609375 0.06015625
0 0.26171875 0.340625 0.05078125 0.06953125
0 0.1875 0.35390625 0.06953125 0.096875
0 0.80078125 0.3609375 0.04140625 0.04140625
0 0.6390625 0.37734375 0.03671875 0.03671875
0 0.69921875 0.38203125 0.03203125 0.04609375
0 0.09453125 0.384375 0.07421875 0.115625
0 0.303125 0.38671875 0.05078125 0.07421875
0 0.409375 0.39375 0.04140625 0.028125
0 0.60625 0.409375 0.05078125 0.07421875
0 0.7890625 0.4234375 0.04140625 0.06953125
0 0.04140625 0.4234375 0.0828125 0.153125
0 0.6828125 0.428125 0.028125 0.05078125
0 0.721875 0.43515625 0.04609375 0.08828125
0 0.846875 0.45390625 0.07421875 0.1015625
0 0.41640625 0.4609375 0.07890625 0.08828125
0 0.27109375 0.46328125 0.07890625 0.125
0 0.57421875 0.48828125 0.08359375 0.06484375
0 0.6828125 0.51640625 0.05546875 0.1015625
0 0.3796875 0.57421875 0.096875 0.1390625
0 0.5 0.59296875 0.07890625 0.1296875
0 0.59453125 0.60390625 0.08828125 0.1296875