0 0.66875 0.39375 0.01875 0.01875
0 0.65078125 0.39609375 0.01875 0.0234375
0 0.57890625 0.39609375 0.01875 0.0140625
0 0.5671875 0.39609375 0.01875 0.0234375
0 0.20859375 0.3984375 0.028125 0.03203125
0 0.41875 0.40078125 0.01875 0.028125
0 0.2984375 0.40078125 0.01875 0.01875
0 0.25 0.403125 0.01875 0.0234375
0 0.23828125 0.403125 0.0140625 0.0234375
0 0.3125 0.403125 0.01875 0.0234375
0 0.33359375 0.40703125 0.0234375 0.0234375
0 0.68046875 0.40703125 0.01875 0.0234375
0 0.553125 0.40703125 0.01875 0.028125
0 0.61328125 0.40703125 0.01875 0.0234375
0 0.66171875 0.409375 0.0140625 0.028125
0 0.37265625 0.41171875 0.01875 0.028125
0 0.2890625 0.41640625 0.01875 0.0234375
0 0.27109375 0.41875 0.01875 0.0234375
0 0.7015625 0.42109375 0.01875 0.03203125
0 0.4859375 0.42109375 0.0234375 0.028125
0 0.58359375 0.42109375 0.01875 0.0234375
0 0.53203125 0.42578125 0.0234375 0.0234375
0 0.634375 0.428125 0.01875 0.028125
0 0.715625 0.43046875 0.01875 0.028125
0 0.23828125 0.43515625 0.0234375 0.03203125
0 0.7265625 0.43515625 0.0140625 0.0234375
0 0.346875 0.4375 0.0234375 0.028125
0 0.6828125 0.4375 0.0234375 0.03671875
0 0.60859375 0.4375 0.0234375 0.03203125
0 0.42109375 0.446875 0.0234375 0.0234375
0 0.2109375 0.446875 0.028125 0.03203125
0 0.5140625 0.44921875 0.01875 0.028125
0 0.65546875 0.45625 0.01875 0.028125
0 0.759375 0.4609375 0.0234375 0.03671875
0 0.534375 0.4609375 0.0234375 0.03671875
0 0.596875 0.465625 0.0234375 0.0234375
0 0.340625 0.46953125 0.0234375 0.028125
0 0.26171875 0.471875 0.0234375 0.01875
0 0.6203125 0.47890625 0.0234375 0.03203125
0 0.7265625 0.48125 0.0234375 0.028125
0 0.64609375 0.4859375 0.028125 0.028125
0 0.23828125 0.4859375 0.0234375 0.03203125
0 0.2734375 0.48828125 0.0234375 0.03203125
0 0.57890625 0.48828125 0.01875 0.03203125
0 0.7109375 0.5 0.0234375 0.03671875
0 0.259375 0.5 0.01875 0.03203125
0 0.409375 0.51640625 0.0234375 0.03671875
0 0.73828125 0.528125 0.01875 0.04140625
0 0.65546875 0.53046875 0.0234375 0.04140625
0 0.284375 0.53203125 0.0234375 0.028125
0 0.5671875 0.5484375 0.028125 0.04140625
0 0.39140625 0.5625 0.028125 0.03203125
0 0.51875 0.56953125 0.028125 0.04609375
0 0.6921875 0.57890625 0.028125 0.03671875
0 0.259375 0.59921875 0.03203125 0.04140625
0 0.72421875 0.59921875 0.0234375 0.04140625
0 0.75234375 0.6015625 0.03203125 0.05546875
0 0.6296875 0.6015625 0.028125 0.04140625
0 0.46328125 0.61328125 0.03203125 0.04609375
0 0.8171875 0.6203125 0.04140625 0.06484375
0 0.6875 0.62265625 0.03671875 0.04609375
0 0.071875 0.6296875 0.05078125 0.06953125
0 0.534375 0.6296875 0.028125 0.05078125
0 0.61328125 0.6390625 0.03203125 0.04140625
0 0.215625 0.66640625 0.03203125 0.04140625
0 0.6390625 0.68515625 0.03671875 0.03203125
0 0.07421875 0.6875 0.04140625 0.05546875
0 0.3078125 0.68984375 0.03671875 0.05078125
0 0.54375 0.68984375 0.04140625 0.05078125
0 0.27109375 0.69921875 0.028125 0.04140625
0 0.7265625 0.69921875 0.03671875 0.06015625
0 0.84296875 0.72421875 0.03671875 0.05546875
0 0.18046875 0.7359375 0.05546875 0.08828125
0 0.65703125 0.74765625 0.03203125 0.05078125
0 0.10859375 0.74765625 0.06015625 0.096875
0 0.90546875 0.75 0.04140625 0.06484375
0 0.81953125 0.76640625 0.04140625 0.06484375
0 0.56484375 0.7734375 0.028125 0.06015625
0 0.06484375 0.778125 0.05078125 0.05078125
0 0.3078125 0.78203125 0.04609375 0.07421875
0 0.7453125 0.79375 0.03671875 0.04609375
0 0.60625 0.7984375 0.04140625 0.06484375
0 0.259375 0.8078125 0.06484375 0.09296875
0 0.47421875 0.83125 0.05078125 0.06484375
0 0.928125 0.83828125 0.05078125 0.06484375
0 0.884375 0.84296875 0.05078125 0.07421875
0 0.73125 0.87265625 0.05078125 0.07890625
0 0.40703125 0.884375 0.04609375 0.05078125
0 0.97890625 0.8984375 0.04140625 0.07890625
0 0.78046875 0.95859375 0.06484375 0.07890625
0 0.89609375 0.96796875 0.06015625 0.05546875
0 0.56015625 0.215625 0.0046875 0.0046875
0 0.57890625 0.21953125 0.009375 0.009375
0 0.5625 0.221875 0.009375 0.009375
0 0.56953125 0.221875 0.0046875 0.009375
0 0.4421875 0.23125 0.0140625 0.0140625
0 0.571875 0.23359375 0.0046875 0.0046875
0 0.56484375 0.2359375 0.0046875 0.009375
0 0.58125 0.2359375 0.0046875 0.009375
0 0.5578125 0.2359375 0.009375 0.009375
0 0.44921875 0.2453125 0.009375 0.0046875
0 0.4421875 0.25234375 0.009375 0.009375
0 0.56953125 0.25703125 0.0046875 0.01875
0 0.45390625 0.259375 0.009375 0.0046875
0 0.56015625 0.26171875 0.009375 0.0140625
0 0.4421875 0.26171875 0.009375 0.009375
0 0.55546875 0.2640625 0.0046875 0.009375
0 0.56484375 0.26875 0.009375 0.0046875
0 0.42578125 0.27109375 0.009375 0.009375
0 0.4328125 0.2734375 0.009375 0.0140625
0 0.5765625 0.2734375 0.009375 0.0140625
0 0.5671875 0.2734375 0.009375 0.0046875
0 0.615625 0.278125 0.0140625 0.0140625
0 0.56484375 0.28203125 0.0140625 0.009375
0 0.3984375 0.29375 0.009375 0.01875
0 0.571875 0.29609375 0.0140625 0.01875
0 0.51875 0.303125 0.0140625 0.0140625
0 0.55078125 0.30546875 0.0140625 0.0140625
0 0.375 0.30546875 0.0140625 0.009375
0 0.54140625 0.3078125 0.0140625 0.01875
0 0.58125 0.3078125 0.0140625 0.0234375
0 0.39375 0.3125 0.0140625 0.01875
0 0.64375 0.31484375 0.009375 0.01875
0 0.625 0.31484375 0.0140625 0.0234375
0 0.65078125 0.3171875 0.0140625 0.01875
0 0.61328125 0.3171875 0.0140625 0.01875
0 0.6015625 0.31953125 0.009375 0.0140625
0 0.33828125 0.31953125 0.0140625 0.0140625
0 0.55078125 0.31953125 0.009375 0.01875
0 0.37265625 0.321875 0.0140625 0.0140625
0 0.5625 0.32421875 0.0140625 0.01875
0 0.5140625 0.32421875 0.0140625 0.0234375
0 0.5390625 0.3265625 0.0140625 0.01875
0 0.3890625 0.3265625 0.009375 0.0140625
0 0.58828125 0.32890625 0.0140625 0.01875
0 0.34921875 0.32890625 0.0140625 0.01875
0 0.528125 0.33125 0.0140625 0.01875
0 0.6484375 0.33359375 0.0140625 0.0234375
0 0.33359375 0.33359375 0.01875 0.01875
0 0.36328125 0.33359375 0.0140625 0.01875
0 0.60859375 0.3359375 0.01875 0.01875
0 0.37734375 0.33828125 0.01875 0.01875
0 0.5140625 0.346875 0.0140625 0.01875
0 0.4140625 0.34921875 0.0140625 0.01875
0 0.64609375 0.3515625 0.01875 0.01875
0 0.590625 0.3515625 0.0140625 0.0234375
0 0.46796875 0.3609375 0.0140625 0.0234375
0 0.67109375 0.36328125 0.01875 0.028125
0 0.51875 0.365625 0.0140625 0.0140625
0 0.61328125 0.36796875 0.01875 0.0234375
0 0.29375 0.36796875 0.01875 0.0234375
0 0.57421875 0.3703125 0.01875 0.0234375
0 0.6296875 0.37265625 0.01875 0.0234375
0 0.65078125 0.375 0.0234375 0.0140625
0 0.68984375 0.38203125 0.01875 0.0234375
0 0.596875 0.384375 0.01875 0.0234375
0 0.321875 0.384375 0.01875 0.01875
0 0.6109375 0.38671875 0.01875 0.01875
0 0.52109375 0.38671875 0.01875 0.0234375
0 0.2640625 0.38671875 0.01875 0.01875
0 0.53203125 0.38671875 0.01875 0.0234375
0 0.48125 0.39375 0.0234375 0.0234375