0 0.715625 0.3359375 0.028125 0.04140625
0 0.13671875 0.35859375 0.0234375 0.04140625
0 0.3359375 0.37734375 0.03203125 0.05078125
0 0.24296875 0.38671875 0.0140625 0.03203125
0 0.965625 0.39140625 0.0234375 0.03671875
0 0.98828125 0.39140625 0.0234375 0.05078125
0 0.08359375 0.39375 0.0234375 0.03671875
0 0.01171875 0.40078125 0.01875 0.03671875
0 0.51640625 0.40078125 0.01875 0.03671875
0 0.60859375 0.40078125 0.0140625 0.0234375
0 0.26875 0.403125 0.01875 0.03203125
0 0.2984375 0.403125 0.0140625 0.0140625
0 0.37265625 0.403125 0.01875 0.0234375
0 0.0671875 0.40546875 0.01875 0.03203125
0 0.4765625 0.40703125 0.0234375 0.04140625
0 0.05078125 0.40703125 0.01875 0.04140625
0 0.1109375 0.40703125 0.0140625 0.028125
0 0.44453125 0.40703125 0.0140625 0.028125
0 0.77578125 0.409375 0.028125 0.04609375
0 0.83125 0.409375 0.03671875 0.05546875
0 0.571875 0.409375 0.028125 0.04609375
0 0.43046875 0.41171875 0.0140625 0.01875
0 0.659375 0.41171875 0.03203125 0.04609375
0 0.23125 0.4140625 0.01875 0.03671875
0 0.40703125 0.41640625 0.0140625 0.01875
0 0.55546875 0.41640625 0.01875 0.028125
0 0.490625 0.41875 0.0140625 0.028125
0 0.19453125 0.4234375 0.03671875 0.07421875
0 0.25 0.42578125 0.0234375 0.03203125
0 0.14140625 0.428125 0.03203125 0.05078125
0 0.59453125 0.4328125 0.01875 0.04140625
0 0.73828125 0.43515625 0.0234375 0.04140625
0 0.69921875 0.4421875 0.03203125 0.04609375
0 0.41640625 0.44453125 0.01875 0.028125
0 0.625 0.44453125 0.04140625 0.06953125
0 0.9234375 0.44921875 0.028125 0.04609375
0 0.9421875 0.45625 0.03671875 0.05078125
0 0.30546875 0.4609375 0.03671875 0.08359375
0 0.51171875 0.46796875 0.03671875 0.06015625
0 0.8890625 0.46953125 0.028125 0.03671875
0 0.0140625 0.5 0.028125 0.09296875
0 0.4328125 0.5046875 0.0234375 0.028125
0 0.04140625 0.5140625 0.04140625 0.05078125
0 0.90703125 0.553125 0.03671875 0.06015625
0 0.9859375 0.57421875 0.028125 0.07890625
0 0.528125 0.58828125 0.04140625 0.06953125
0 0.07890625 0.60390625 0.04609375 0.07421875
0 0.4765625 0.90546875 0.134375 0.17109375