0 0.6203125 0.01875 0.0234375 0.03671875
0 0.3609375 0.1875 0.03203125 0.05546875
0 0.46953125 0.1921875 0.03671875 0.06953125
0 0.19921875 0.196875 0.03671875 0.06015625
0 0.02578125 0.2015625 0.03203125 0.06484375
0 0.39140625 0.215625 0.03203125 0.06015625
0 0.1109375 0.215625 0.03203125 0.06484375
0 0.36796875 0.2265625 0.028125 0.06484375
0 0.2890625 0.23359375 0.04140625 0.05078125
0 0.4515625 0.23828125 0.03203125 0.05546875
0 0.5578125 0.24296875 0.04140625 0.06484375
0 0.153125 0.24765625 0.028125 0.05078125
0 0.08125 0.25 0.03203125 0.06953125
0 0.7265625 0.25 0.04140625 0.07421875
0 0.67578125 0.25234375 0.05078125 0.096875
0 0.6296875 0.259375 0.03671875 0.07421875
0 0.19921875 0.26171875 0.03671875 0.06484375
0 0.09921875 0.2640625 0.03203125 0.06953125
0 0.03671875 0.26640625 0.03671875 0.06953125
0 0.471875 0.278125 0.04140625 0.06015625
0 0.696875 0.278125 0.03203125 0.05078125
0 0.50703125 0.284375 0.03671875 0.06953125
0 0.303125 0.2984375 0.03203125 0.05078125
0 0.58828125 0.03203125 0.03203125 0.05546875
0 0.64140625 0.03203125 0.03203125 0.05546875
0 0.590625 0.321875 0.04140625 0.08359375
0 0.83125 0.33359375 0.03671875 0.07421875
0 0.32890625 0.3359375 0.04140625 0.06484375
0 0.66171875 0.35859375 0.03203125 0.07890625
0 0.53671875 0.35859375 0.06015625 0.096875
0 0.0625 0.3890625 0.05078125 0.06953125
0 0.715625 0.3890625 0.03671875 0.06953125
0 0.74765625 0.3890625 0.03203125 0.07421875
0 0.784375 0.40703125 0.04140625 0.07890625
0 0.7015625 0.4234375 0.03671875 0.07421875
0 0.13203125 0.428125 0.04609375 0.096875
0 0.409375 0.4375 0.05078125 0.08828125
0 0.28671875 0.4421875 0.03671875 0.06953125
0 0.67109375 0.04609375 0.03203125 0.05546875
0 0.3078125 0.49765625 0.0234375 0.04609375
0 0.50703125 0.5 0.05078125 0.06953125
0 0.41640625 0.05078125 0.04140625 0.04609375
0 0.29375 0.05078125 0.04140625 0.06015625
0 0.83125 0.5046875 0.05078125 0.08359375
0 0.61796875 0.51875 0.05078125 0.07421875
0 0.46796875 0.053125 0.028125 0.06015625
0 0.6828125 0.53046875 0.05078125 0.096875
0 0.33828125 0.53203125 0.03671875 0.06953125
0 0.47890625 0.54375 0.05546875 0.1109375
0 0.26875 0.54609375 0.05546875 0.10625
0 0.57421875 0.553125 0.05078125 0.096875
0 0.5 0.05546875 0.028125 0.04140625
0 0.32421875 0.0578125 0.03203125 0.05546875
0 0.73125 0.57421875 0.06015625 0.1109375
0 0.54609375 0.6484375 0.06015625 0.1015625
0 0.3984375 0.659375 0.04609375 0.08359375
0 0.26875 0.66171875 0.04609375 0.08828125
0 0.20625 0.66640625 0.05078125 0.07421875
0 0.32890625 0.67109375 0.05078125 0.09296875
0 0.74296875 0.06953125 0.0234375 0.06015625
0 0.78671875 0.73359375 0.05546875 0.08828125
0 0.21328125 0.73828125 0.04609375 0.08828125
0 0.63671875 0.73828125 0.03671875 0.07421875
0 0.60390625 0.7453125 0.05078125 0.1015625
0 0.7109375 0.7546875 0.06953125 0.1109375
0 0.54375 0.759375 0.05546875 0.10625
0 0.134375 0.0765625 0.03203125 0.04140625
0 0.70625 0.0765625 0.03203125 0.05546875
0 0.11328125 0.7640625 0.05078125 0.096875
0 0.303125 0.78046875 0.05078125 0.096875
0 0.4859375 0.80078125 0.06015625 0.134375
0 0.24765625 0.81484375 0.06953125 0.1203125
0 0.61328125 0.8703125 0.05546875 0.07421875
0 0.53046875 0.08828125 0.028125 0.04609375
0 0.76171875 0.08828125 0.03203125 0.04609375
0 0.096875 0.89375 0.06015625 0.1203125
0 0.365625 0.91640625 0.07421875 0.07421875
0 0.590625 0.09296875 0.03203125 0.06484375
0 0.75 0.93515625 0.06953125 0.1015625
0 0.57890625 0.93515625 0.06484375 0.096875
0 0.40546875 0.09453125 0.028125 0.03671875
0 0.6203125 0.09453125 0.0234375 0.04609375
0 0.9046875 0.9578125 0.065625 0.084375
0 0.28671875 0.096875 0.03671875 0.06484375
0 0.215625 0.96328125 0.07421875 0.06953125
0 0.35390625 0.96796875 0.06953125 0.06015625
0 0.49765625 0.10625 0.03203125 0.06484375
0 0.66640625 0.11796875 0.028125 0.05546875
0 0.53671875 0.125 0.03203125 0.05546875
0 0.2546875 0.12734375 0.04140625 0.08359375
0 0.47421875 0.0140625 0.028125 0.028125
0 0.31953125 0.13203125 0.03671875 0.06015625
0 0.39140625 0.134375 0.0234375 0.05546875
0 0.65546875 0.1390625 0.028125 0.05546875
0 0.625 0.14609375 0.03203125 0.05078125
0 0.49765625 0.0140625 0.01875 0.0234375
0 0.740625 0.01640625 0.03203125 0.03203125
0 0.4234375 0.15078125 0.03203125 0.05546875
0 0.34921875 0.01875 0.028125 0.03671875
0 0.63203125 0.1828125 0.028125 0.05546875