0 0.31015625 0.30546875 0.0234375 0.03203125
0 0.3359375 0.33125 0.0140625 0.01875
0 0.47890625 0.33359375 0.009375 0.009375
0 0.35390625 0.3359375 0.0140625 0.0140625
0 0.44921875 0.33828125 0.009375 0.0140625
0 0.29375 0.33828125 0.0140625 0.0140625
0 0.42109375 0.33828125 0.0046875 0.009375
0 0.46796875 0.33828125 0.0046875 0.009375
0 0.39375 0.33828125 0.0046875 0.0140625
0 0.38671875 0.340625 0.009375 0.009375
0 0.51875 0.340625 0.0046875 0.009375
0 0.303125 0.340625 0.009375 0.0140625
0 0.40078125 0.340625 0.009375 0.0140625
0 0.409375 0.340625 0.0046875 0.009375
0 0.4140625 0.340625 0.009375 0.0140625
0 0.4609375 0.340625 0.0140625 0.0140625
0 0.534375 0.340625 0.009375 0.0140625
0 0.4375 0.340625 0.009375 0.0140625
0 0.571875 0.340625 0.009375 0.0140625
0 0.553125 0.34296875 0.009375 0.01875
0 0.26640625 0.34296875 0.0046875 0.0140625
0 0.4234375 0.34453125 0.009375 0.0140625
0 0.4328125 0.34453125 0.0046875 0.0140625
0 0.490625 0.34453125 0.0140625 0.01875
0 0.3796875 0.34453125 0.009375 0.0140625
0 0.21796875 0.346875 0.009375 0.0140625
0 0.61796875 0.346875 0.009375 0.0140625
0 0.27578125 0.34921875 0.0140625 0.0140625
0 0.5046875 0.34921875 0.0140625 0.0234375
0 0.36328125 0.35390625 0.028125 0.03203125
0 0.115625 0.35390625 0.01875 0.0234375
0 0.4140625 0.35390625 0.0140625 0.01875
0 0.59921875 0.35390625 0.0140625 0.0234375
0 0.465625 0.35625 0.0140625 0.0234375
0 0.85390625 0.35625 0.009375 0.0140625
0 0.1828125 0.35625 0.0140625 0.0234375
0 0.5484375 0.35625 0.0140625 0.0140625
0 0.6734375 0.35625 0.009375 0.0140625
0 0.09296875 0.35859375 0.028125 0.03203125
0 0.5765625 0.35859375 0.01875 0.0234375
0 0.840625 0.35859375 0.0140625 0.0234375
0 0.659375 0.35859375 0.0140625 0.0234375
0 0.0765625 0.35859375 0.01875 0.0234375
0 0.7984375 0.3609375 0.01875 0.0234375
0 0.88671875 0.3609375 0.0140625 0.0234375
0 0.65078125 0.3609375 0.0140625 0.0234375
0 0.1921875 0.3609375 0.0140625 0.0234375
0 0.5140625 0.3609375 0.01875 0.028125
0 0.23828125 0.36328125 0.0140625 0.01875
0 0.54140625 0.36328125 0.0140625 0.0234375
0 0.7546875 0.36328125 0.03671875 0.05546875
0 0.159375 0.36328125 0.0140625 0.028125
0 0.23125 0.36328125 0.0140625 0.01875
0 0.44921875 0.36328125 0.0140625 0.01875
0 0.99296875 0.365625 0.0140625 0.0234375
0 0.30078125 0.365625 0.0234375 0.028125
0 0.221875 0.36796875 0.01875 0.0234375
0 0.39609375 0.36796875 0.0140625 0.0234375
0 0.971875 0.36796875 0.0140625 0.0234375
0 0.01171875 0.36796875 0.0234375 0.04609375
0 0.20625 0.3703125 0.01875 0.01875
0 0.25 0.3703125 0.0234375 0.04140625
0 0.7359375 0.3703125 0.01875 0.01875
0 0.14140625 0.37265625 0.0234375 0.028125
0 0.38671875 0.37265625 0.0140625 0.0234375
0 0.17578125 0.375 0.0234375 0.03203125
0 0.87734375 0.37734375 0.01875 0.03203125
0 0.42109375 0.37734375 0.0140625 0.028125
0 0.47421875 0.37734375 0.0234375 0.04140625
0 0.92578125 0.384375 0.01875 0.0234375
0 0.09921875 0.38671875 0.028125 0.01875
0 0.5671875 0.38671875 0.028125 0.03671875
0 0.03046875 0.3890625 0.0234375 0.04609375
0 0.64140625 0.3890625 0.0234375 0.03671875
0 0.0671875 0.3890625 0.028125 0.04140625
0 0.490625 0.3890625 0.0234375 0.03203125
0 0.625 0.39140625 0.0234375 0.028125
0 0.3515625 0.39375 0.03671875 0.05078125
0 0.72421875 0.39609375 0.028125 0.04609375
0 0.69453125 0.3984375 0.03203125 0.05546875
0 0.8125 0.3984375 0.028125 0.05546875
0 0.2359375 0.40078125 0.0140625 0.0234375
0 0.403125 0.40078125 0.0234375 0.03671875
0 0.2734375 0.403125 0.03671875 0.06015625
0 0.20625 0.40703125 0.03203125 0.05078125
0 0.59453125 0.409375 0.0234375 0.03203125
0 0.97421875 0.409375 0.01875 0.0234375
0 0.93984375 0.4140625 0.01875 0.0234375
0 0.18046875 0.41875 0.03203125 0.04609375
0 0.87265625 0.41875 0.028125 0.04609375
0 0.7546875 0.41875 0.03671875 0.03671875
0 0.1109375 0.42109375 0.028125 0.06015625
0 0.090625 0.42578125 0.028125 0.06015625
0 0.54609375 0.446875 0.0234375 0.03203125
0 0.29609375 0.4515625 0.04140625 0.06953125
0 0.009375 0.45625 0.01875 0.05546875
0 0.76640625 0.471875 0.03671875 0.06953125
0 0.98125 0.4765625 0.03671875 0.06015625
0 0.20859375 0.52578125 0.03203125 0.04609375
0 0.59921875 0.528125 0.03671875 0.07421875
0 0.41640625 0.5484375 0.03671875 0.06953125
0 0.55078125 0.5859375 0.06015625 0.096875
0 0.6875 0.62734375 0.05546875 0.1015625
0 0.3703125 0.83828125 0.07421875 0.10625