0 0.8171875 0.11796875 0.04609375 0.05078125
0 0.35390625 0.1203125 0.04609375 0.06484375
0 0.43515625 0.12265625 0.05078125 0.06484375
0 0.56953125 0.134375 0.03671875 0.05546875
0 0.76640625 0.14609375 0.04609375 0.07890625
0 0.64609375 0.14609375 0.05078125 0.05546875
0 0.9765625 0.153125 0.04609375 0.07421875
0 0.1640625 0.153125 0.04609375 0.06015625
0 0.69453125 0.159375 0.03671875 0.05546875
0 0.31484375 0.1875 0.04140625 0.06953125
0 0.93515625 0.21953125 0.04140625 0.05546875
0 0.22421875 0.22890625 0.05078125 0.06484375
0 0.60625 0.23828125 0.04140625 0.05546875
0 0.4328125 0.23828125 0.04609375 0.07421875
0 0.028125 0.24296875 0.05546875 0.07890625
0 0.54609375 0.24296875 0.04140625 0.05546875
0 0.096875 0.25 0.04609375 0.07890625
0 0.6921875 0.2640625 0.04140625 0.06484375
0 0.91875 0.26875 0.05078125 0.05078125
0 0.3125 0.28671875 0.04609375 0.06953125
0 0.59453125 0.3125 0.05078125 0.09296875
0 0.49296875 0.3125 0.04609375 0.05078125
0 0.784375 0.321875 0.04609375 0.05546875
0 0.04609375 0.34453125 0.06484375 0.06484375
0 0.25703125 0.35859375 0.05078125 0.05078125
0 0.1640625 0.35859375 0.05546875 0.07421875
0 0.40078125 0.365625 0.04609375 0.07890625
0 0.91875 0.3796875 0.05078125 0.07421875
0 0.65703125 0.38203125 0.04140625 0.06953125
0 0.2546875 0.41171875 0.04609375 0.07421875
0 0.83125 0.4140625 0.04140625 0.06015625
0 0.76171875 0.4375 0.04609375 0.07890625
0 0.071875 0.44453125 0.05546875 0.08359375
0 0.58828125 0.44921875 0.06015625 0.07890625
0 0.96953125 0.465625 0.05078125 0.05546875
0 0.7734375 0.04609375 0.03671875 0.06484375
0 0.36796875 0.4765625 0.05078125 0.07421875
0 0.91640625 0.49296875 0.04609375 0.07890625
0 0.71328125 0.0484375 0.04140625 0.06484375
0 0.43984375 0.58125 0.04609375 0.07421875
0 0.72890625 0.58828125 0.04140625 0.08359375
0 0.62265625 0.634375 0.05078125 0.06484375
0 0.7734375 0.64609375 0.06015625 0.07421875
0 0.5484375 0.66171875 0.05078125 0.06484375
0 0.23125 0.70859375 0.06953125 0.08359375
0 0.71796875 0.7734375 0.06015625 0.08828125
0 0.4859375 0.784375 0.05546875 0.08828125
0 0.840625 0.090625 0.03203125 0.04609375
0 0.95390625 0.09921875 0.04140625 0.06484375
0 0.25 0.09921875 0.04609375 0.07890625
0 0.8984375 0.10390625 0.03671875 0.05546875
0 0.51875 0.10859375 0.04140625 0.06015625
0 0.3171875 0.115625 0.04140625 0.06015625