0 0.50234375 0.215625 0.05078125 0.06953125
0 0.0140625 0.22890625 0.028125 0.06953125
0 0.1015625 0.24765625 0.03671875 0.05546875
0 0.06484375 0.27109375 0.05546875 0.06953125
0 0.18515625 0.284375 0.05078125 0.06953125
0 0.1640625 0.31484375 0.06484375 0.05078125
0 0.28671875 0.3171875 0.04140625 0.06484375
0 0.38671875 0.31953125 0.04140625 0.04140625
0 0.2546875 0.3265625 0.05546875 0.06484375
0 0.4234375 0.33359375 0.03203125 0.05546875
0 0.31953125 0.3359375 0.05078125 0.05546875
0 0.5390625 0.34921875 0.028125 0.03671875
0 0.10859375 0.35859375 0.06015625 0.1015625
0 0.39140625 0.37265625 0.04609375 0.06015625
0 0.18984375 0.384375 0.05546875 0.06953125
0 0.528125 0.38671875 0.028125 0.05546875
0 0.5859375 0.39140625 0.03203125 0.05546875
0 0.634375 0.39375 0.03671875 0.04609375
0 0.68046875 0.3984375 0.028125 0.0234375
0 0.571875 0.40703125 0.03203125 0.03671875
0 0.33359375 0.40703125 0.05546875 0.09296875
0 0.62734375 0.42109375 0.03671875 0.05078125
0 0.71796875 0.4328125 0.03671875 0.04609375
0 0.68515625 0.4375 0.03203125 0.04609375
0 0.77109375 0.446875 0.03203125 0.03203125
0 0.59296875 0.44921875 0.03671875 0.06015625
0 0.6390625 0.47421875 0.03671875 0.05546875
0 0.29140625 0.4765625 0.05546875 0.08359375
0 0.77109375 0.4859375 0.03671875 0.05078125
0 0.2015625 0.48828125 0.07421875 0.08828125
0 0.61328125 0.48828125 0.03203125 0.05546875
0 0.696875 0.490625 0.04140625 0.05546875
0 0.84921875 0.51640625 0.03671875 0.04609375
0 0.7359375 0.5578125 0.04140625 0.05078125
0 0.821875 0.56953125 0.04609375 0.06484375
0 0.865625 0.58359375 0.03203125 0.04140625
0 0.90703125 0.5859375 0.03203125 0.03671875
0 0.14375 0.62734375 0.08359375 0.1296875
0 0.5578125 0.6296875 0.06015625 0.096875
0 0.42109375 0.63203125 0.06015625 0.08828125
0 0.3171875 0.63203125 0.06953125 0.1203125
0 0.91640625 0.63203125 0.05078125 0.06953125
0 0.9859375 0.6484375 0.01875 0.05546875
0 0.678125 0.6484375 0.06484375 0.115625
0 0.50234375 0.65078125 0.05546875 0.08828125
0 0.73125 0.659375 0.05078125 0.07890625
0 0.94921875 0.659375 0.04609375 0.07421875
0 0.79609375 0.6640625 0.05546875 0.07890625
0 0.8515625 0.66640625 0.05546875 0.09296875