0 0.64609375 0.215625 0.009375 0.009375
0 0.66875 0.215625 0.0046875 0.009375
0 0.45390625 0.21796875 0.009375 0.0046875
0 0.5234375 0.21796875 0.0046875 0.0046875
0 0.63203125 0.21796875 0.009375 0.009375
0 0.39609375 0.21953125 0.009375 0.0046875
0 0.48828125 0.21953125 0.0046875 0.0046875
0 0.53671875 0.21953125 0.0046875 0.0046875
0 0.5484375 0.21953125 0.0046875 0.0046875
0 0.6828125 0.21953125 0.0046875 0.009375
0 0.69453125 0.21953125 0.0046875 0.009375
0 0.6203125 0.221875 0.009375 0.009375
0 0.3609375 0.221875 0.0046875 0.0046875
0 0.71328125 0.221875 0.0046875 0.009375
0 0.41875 0.22421875 0.0046875 0.009375
0 0.409375 0.2265625 0.009375 0.0046875
0 0.3984375 0.2265625 0.0046875 0.0046875
0 0.384375 0.22890625 0.009375 0.0046875
0 0.346875 0.23125 0.009375 0.009375
0 0.33828125 0.23125 0.0046875 0.0046875
0 0.06484375 0.346875 0.03203125 0.03671875
0 0.26640625 0.35625 0.06015625 0.06953125
0 0.5234375 0.3609375 0.0140625 0.01875
0 0.384375 0.3609375 0.0140625 0.01875
0 0.865625 0.36328125 0.05078125 0.07421875
0 0.53203125 0.36328125 0.0046875 0.0140625
0 0.40703125 0.36328125 0.03203125 0.03671875
0 0.2109375 0.365625 0.0140625 0.01875
0 0.69453125 0.36796875 0.08828125 0.09296875
0 0.23125 0.3703125 0.0140625 0.01875
0 0.446875 0.37265625 0.009375 0.009375
0 0.09296875 0.37265625 0.03671875 0.05078125
0 0.31015625 0.37265625 0.009375 0.009375
0 0.52578125 0.37265625 0.0140625 0.01875
0 0.534375 0.37265625 0.009375 0.009375
0 0.61796875 0.375 0.0140625 0.01875
0 0.42578125 0.375 0.0140625 0.028125
0 0.1390625 0.375 0.0140625 0.028125
0 0.1828125 0.375 0.01875 0.03203125
0 0.125 0.37734375 0.0140625 0.0234375
0 0.159375 0.37734375 0.0140625 0.0234375
0 0.03203125 0.37734375 0.06015625 0.07421875
0 0.4765625 0.37734375 0.0140625 0.0234375
0 0.58125 0.3796875 0.0140625 0.01875
0 0.83828125 0.3796875 0.028125 0.05078125
0 0.4515625 0.3796875 0.009375 0.0140625
0 0.946875 0.3796875 0.009375 0.0140625
0 0.17109375 0.3796875 0.009375 0.01875
0 0.2265625 0.3796875 0.009375 0.0140625
0 0.4375 0.3796875 0.0140625 0.0234375
0 0.3265625 0.3796875 0.009375 0.0234375
0 0.37265625 0.38203125 0.01875 0.028125
0 0.95625 0.38203125 0.009375 0.009375
0 0.8984375 0.384375 0.01875 0.0234375
0 0.30546875 0.384375 0.01875 0.01875
0 0.63671875 0.38671875 0.0140625 0.01875
0 0.34296875 0.38671875 0.0234375 0.03203125
0 0.51640625 0.38671875 0.0234375 0.028125
0 0.59296875 0.38671875 0.009375 0.0140625
0 0.96796875 0.38671875 0.0140625 0.0140625
0 0.9859375 0.38671875 0.028125 0.08359375
0 0.81015625 0.38671875 0.028125 0.03671875
0 0.79140625 0.3890625 0.01875 0.0234375
0 0.92578125 0.3890625 0.009375 0.01875
0 0.6203125 0.3890625 0.0140625 0.0234375
0 0.60625 0.3890625 0.0234375 0.03203125
0 0.93515625 0.3890625 0.0140625 0.0234375
0 0.35859375 0.39140625 0.01875 0.0234375
0 0.3171875 0.39375 0.01875 0.0234375
0 0.909375 0.3984375 0.0140625 0.0234375
0 0.76640625 0.40546875 0.05078125 0.07421875
0 0.56015625 0.40703125 0.05078125 0.07890625
0 0.94453125 0.4140625 0.0234375 0.0234375
0 0.40703125 0.41640625 0.04140625 0.05546875