0 0.0234375 0.1390625 0.04609375 0.1109375
0 0.33359375 0.14375 0.06015625 0.1109375
0 0.178125 0.14609375 0.07890625 0.096875
0 0.10390625 0.159375 0.05078125 0.08359375
0 0.634375 0.0234375 0.05546875 0.04609375
0 0.8125 0.02578125 0.05078125 0.05078125
0 0.71328125 0.24296875 0.07421875 0.115625
0 0.92109375 0.028125 0.09296875 0.05546875
0 0.5859375 0.29140625 0.07421875 0.1015625
0 0.14609375 0.31484375 0.06015625 0.10625
0 0.965625 0.3171875 0.05546875 0.07890625
0 0.5046875 0.33125 0.09296875 0.1109375
0 0.75234375 0.33125 0.06484375 0.134375
0 0.0390625 0.33828125 0.06484375 0.1015625
0 0.428125 0.34453125 0.07421875 0.1015625
0 0.48046875 0.034375 0.0796875 0.06875
0 0.29140625 0.34453125 0.05546875 0.07890625
0 0.9859375 0.35859375 0.028125 0.1203125
0 0.375 0.409375 0.06015625 0.09296875
0 0.178125 0.0484375 0.08359375 0.096875
0 0.02109375 0.0484375 0.03671875 0.08359375
0 0.71328125 0.05546875 0.04609375 0.07890625
0 0.14140625 0.5625 0.06953125 0.10625
0 0.278125 0.0578125 0.06484375 0.1015625
0 0.5578125 0.1015625 0.05078125 0.09296875