0 0.27109375 0.01875 0.04140625 0.03671875
0 0.5046875 0.01875 0.028125 0.03671875
0 0.7453125 0.01875 0.028125 0.03671875
0 0.01875 0.16875 0.03671875 0.115625
0 0.93515625 0.17109375 0.03203125 0.06953125
0 0.8171875 0.17578125 0.03671875 0.07421875
0 0.98125 0.17578125 0.03671875 0.06484375
0 0.19921875 0.17578125 0.04140625 0.07890625
0 0.09921875 0.17578125 0.04609375 0.08828125
0 0.85625 0.18046875 0.03203125 0.06953125
0 0.534375 0.1875 0.04140625 0.07890625
0 0.61796875 0.18984375 0.028125 0.05546875
0 0.68046875 0.19453125 0.03203125 0.06484375
0 0.8890625 0.19921875 0.03203125 0.06484375
0 0.9515625 0.02109375 0.028125 0.04140625
0 0.428125 0.02109375 0.0234375 0.04140625
0 0.81015625 0.02109375 0.028125 0.03671875
0 0.6109375 0.02109375 0.0234375 0.04140625
0 0.77578125 0.02109375 0.0234375 0.04140625
0 0.59296875 0.2109375 0.03203125 0.07890625
0 0.1390625 0.215625 0.03203125 0.04609375
0 0.38203125 0.21796875 0.04609375 0.08828125
0 0.971875 0.02109375 0.01875 0.04140625
0 0.3515625 0.2265625 0.03203125 0.06484375
0 0.7453125 0.2265625 0.04609375 0.06484375
0 0.46953125 0.23125 0.04140625 0.08828125
0 0.8796875 0.0234375 0.028125 0.04609375
0 0.7109375 0.0234375 0.01875 0.03671875
0 0.83828125 0.0234375 0.01875 0.03671875
0 0.9609375 0.2359375 0.03671875 0.07890625
0 0.21953125 0.23828125 0.03671875 0.08828125
0 0.66171875 0.2453125 0.03671875 0.08359375
0 0.403125 0.02578125 0.028125 0.04609375
0 0.80546875 0.2546875 0.04609375 0.096875
0 0.25234375 0.25703125 0.05078125 0.1015625
0 0.44453125 0.2640625 0.04140625 0.07890625
0 0.02578125 0.26875 0.05078125 0.1015625
0 0.5 0.028125 0.0140625 0.028125
0 0.3125 0.028125 0.028125 0.05546875
0 0.87265625 0.26875 0.04140625 0.07890625
0 0.125 0.2734375 0.05078125 0.08828125
0 0.634375 0.27578125 0.05078125 0.10625
0 0.9328125 0.278125 0.03671875 0.07421875
0 0.57890625 0.284375 0.04140625 0.08828125
0 0.7265625 0.30078125 0.05078125 0.096875
0 0.33359375 0.303125 0.05546875 0.07421875
0 0.51171875 0.3171875 0.05078125 0.1203125
0 0.5390625 0.03203125 0.0140625 0.0234375
0 0.13828125 0.03203125 0.0328125 0.0640625
0 0.5765625 0.03203125 0.01875 0.04609375
0 0.41875 0.3359375 0.04609375 0.096875
0 0.8890625 0.340625 0.04140625 0.06953125
0 0.85390625 0.034375 0.028125 0.04609375
0 0.990625 0.03671875 0.009375 0.05546875
0 0.66640625 0.03671875 0.028125 0.05546875
0 0.9765625 0.35625 0.04609375 0.09296875
0 0.04375 0.35859375 0.06015625 0.125
0 0.31953125 0.375 0.05546875 0.10625
0 0.14375 0.37734375 0.06015625 0.1203125
0 0.678125 0.3796875 0.06015625 0.115625
0 0.59453125 0.0390625 0.01875 0.04609375
0 0.596875 0.39140625 0.05078125 0.08828125
0 0.803125 0.39609375 0.05546875 0.115625
0 0.85859375 0.4140625 0.05078125 0.096875
0 0.4421875 0.41640625 0.06015625 0.14375
0 0.72890625 0.04140625 0.01875 0.028125
0 0.909375 0.04375 0.01875 0.04609375
0 0.446875 0.04375 0.01875 0.04609375
0 0.2734375 0.04609375 0.0234375 0.05546875
0 0.5046875 0.45625 0.06484375 0.115625
0 0.77109375 0.46953125 0.06015625 0.1296875
0 0.2109375 0.5 0.06953125 0.125
0 0.56953125 0.5046875 0.06484375 0.153125
0 0.70625 0.50703125 0.06484375 0.115625
0 0.9765625 0.509375 0.04140625 0.125
0 0.34453125 0.5140625 0.04140625 0.1109375
0 0.45625 0.053125 0.0234375 0.028125
0 0.91640625 0.55078125 0.06015625 0.1109375
0 0.3796875 0.56484375 0.06015625 0.125
0 0.34296875 0.0578125 0.01875 0.04609375
0 0.47890625 0.571875 0.06015625 0.1203125
0 0.03046875 0.58359375 0.06015625 0.1390625
0 0.3890625 0.0578125 0.01875 0.04609375
0 0.77578125 0.0578125 0.028125 0.04609375
0 0.51875 0.06015625 0.0234375 0.05078125
0 0.9515625 0.0625 0.0234375 0.04609375
0 0.29375 0.0625 0.0234375 0.05546875
0 0.05078125 0.06484375 0.05078125 0.07890625
0 0.63203125 0.06484375 0.0234375 0.04609375
0 0.32421875 0.06484375 0.028125 0.05078125
0 0.54609375 0.06484375 0.0234375 0.04140625
0 0.8078125 0.0671875 0.028125 0.06015625
0 0.07890625 0.67109375 0.07890625 0.18046875
0 0.53046875 0.67109375 0.07890625 0.19921875
0 0.90546875 0.009375 0.03203125 0.01875
0 0.10390625 0.0671875 0.04140625 0.07890625
0 0.22421875 0.0671875 0.03671875 0.04609375
0 0.90703125 0.678125 0.06484375 0.15703125
0 0.79140625 0.6875 0.06484375 0.1390625
0 0.72890625 0.06953125 0.01875 0.04609375
0 0.6828125 0.06953125 0.028125 0.05546875
0 0.365625 0.071875 0.03203125 0.06015625
0 0.1734375 0.74765625 0.08828125 0.17578125
0 0.696875 0.759375 0.06484375 0.15703125
0 0.45859375 0.0765625 0.01875 0.028125
0 0.2984375 0.80546875 0.096875 0.18046875
0 0.534375 0.08125 0.0234375 0.03203125
0 0.91171875 0.08359375 0.0234375 0.03671875
0 0.78046875 0.08359375 0.028125 0.05078125
0 0.4515625 0.009375 0.028125 0.01875
0 0.49296875 0.0859375 0.0234375 0.04609375
0 0.98125 0.8609375 0.03671875 0.16640625
0 0.8515625 0.08828125 0.0234375 0.04609375
0 0.3796875 0.8984375 0.09296875 0.17578125
0 0.7640625 0.090625 0.01875 0.03671875
0 0.77578125 0.91640625 0.134375 0.15703125
0 0.94921875 0.09296875 0.01875 0.04609375
0 0.7453125 0.09296875 0.0234375 0.03203125
0 0.8171875 0.09296875 0.0234375 0.06484375
0 0.5390625 0.9234375 0.115625 0.134375
0 0.965625 0.09453125 0.028125 0.05546875
0 0.8703125 0.096875 0.03203125 0.06953125
0 0.38671875 0.096875 0.01875 0.03671875
0 0.465625 0.09921875 0.0234375 0.028125
0 0.54140625 0.01171875 0.0140625 0.0234375
0 0.840625 0.1015625 0.03203125 0.06484375
0 0.98828125 0.10390625 0.0234375 0.06953125
0 0.153125 0.10390625 0.04609375 0.08828125
0 0.7109375 0.10390625 0.03671875 0.07421875
0 0.60625 0.10625 0.03203125 0.07890625
0 0.278125 0.11328125 0.03203125 0.07890625
0 0.215625 0.115625 0.04140625 0.096875
0 0.59296875 0.01171875 0.0140625 0.0234375
0 0.51875 0.0140625 0.01875 0.028125
0 0.5671875 0.0140625 0.0234375 0.028125
0 0.4515625 0.11796875 0.028125 0.04140625
0 0.903125 0.11796875 0.03671875 0.06484375
0 0.66875 0.1203125 0.028125 0.06015625
0 0.30546875 0.12265625 0.03671875 0.07421875
0 0.97421875 0.1296875 0.0234375 0.04140625
0 0.51640625 0.13203125 0.03203125 0.07890625
0 0.57890625 0.13203125 0.028125 0.04609375
0 0.403125 0.134375 0.03671875 0.07890625
0 0.634375 0.134375 0.03671875 0.08359375
0 0.78671875 0.1390625 0.03671875 0.06953125
0 0.06484375 0.1390625 0.04140625 0.10625
0 0.8265625 0.01640625 0.01875 0.03203125
0 0.375 0.01640625 0.01875 0.03203125
0 0.22890625 0.15703125 0.04609375 0.05546875
0 0.13671875 0.159375 0.028125 0.06484375
0 0.76171875 0.159375 0.03203125 0.06484375
0 0.46328125 0.16171875 0.03203125 0.06015625