0 0.58828125 0.16171875 0.04140625 0.06015625
0 0.33828125 0.1921875 0.07890625 0.1296875
0 0.40078125 0.1921875 0.03203125 0.07890625
0 0.0390625 0.19921875 0.03671875 0.08828125
0 0.73828125 0.2015625 0.06484375 0.125
0 0.9234375 0.20625 0.07421875 0.125
0 0.30078125 0.20859375 0.03671875 0.1109375
0 0.43984375 0.221875 0.06015625 0.115625
0 0.5 0.2265625 0.04140625 0.115625
0 0.65703125 0.22890625 0.06484375 0.1296875
0 0.096875 0.2359375 0.07421875 0.153125
0 0.54609375 0.2359375 0.05546875 0.14375
0 0.2546875 0.240625 0.07421875 0.153125
0 0.18515625 0.27109375 0.04609375 0.08828125
0 0.35859375 0.34921875 0.08359375 0.115625