0 0.27109375 0.4375 0.009375 0.0140625
0 0.28046875 0.44921875 0.0140625 0.0140625
0 0.70859375 0.471875 0.01875 0.0234375
0 0.75703125 0.47890625 0.0140625 0.0234375
0 0.16875 0.4859375 0.009375 0.0140625
0 0.84453125 0.490625 0.009375 0.0234375
0 0.15546875 0.490625 0.0140625 0.01875
0 0.8125 0.4953125 0.01875 0.0234375
0 0.65546875 0.49765625 0.0140625 0.0140625
0 0.94921875 0.5 0.0140625 0.01875
0 0.56015625 0.5046875 0.01875 0.0234375
0 0.62734375 0.5046875 0.0140625 0.01875
0 0.71953125 0.5046875 0.009375 0.01875
0 0.76171875 0.50703125 0.0140625 0.0234375
0 0.80546875 0.509375 0.0140625 0.0234375
0 0.25234375 0.509375 0.0140625 0.0234375
0 0.85859375 0.509375 0.01875 0.028125
0 0.534375 0.509375 0.01875 0.028125
0 0.6015625 0.509375 0.009375 0.0140625
0 0.6109375 0.509375 0.009375 0.009375
0 0.590625 0.51171875 0.0140625 0.01875
0 0.4328125 0.51171875 0.0140625 0.028125
0 0.340625 0.51171875 0.0140625 0.01875
0 0.64140625 0.51171875 0.01875 0.01875
0 0.240625 0.5140625 0.0140625 0.01875
0 0.47421875 0.5140625 0.0140625 0.01875
0 0.375 0.5140625 0.0140625 0.028125
0 0.52109375 0.5140625 0.009375 0.0140625
0 0.553125 0.5140625 0.0140625 0.0140625
0 0.50234375 0.5140625 0.0140625 0.0140625
0 0.20859375 0.51640625 0.0140625 0.01875
0 0.46328125 0.51640625 0.009375 0.01875
0 0.66171875 0.52109375 0.01875 0.028125
0 0.27578125 0.52109375 0.0140625 0.01875
0 0.759375 0.5234375 0.01875 0.01875
0 0.83125 0.5234375 0.01875 0.03203125
0 0.875 0.52578125 0.01875 0.03671875
0 0.6109375 0.52578125 0.01875 0.01875
0 0.18515625 0.528125 0.01875 0.028125
0 0.36328125 0.528125 0.009375 0.0140625
0 0.40703125 0.53046875 0.0140625 0.0140625
0 0.471875 0.53046875 0.0140625 0.0234375
0 0.346875 0.53203125 0.0140625 0.028125
0 0.3171875 0.53203125 0.0140625 0.0140625
0 0.08125 0.53203125 0.01875 0.028125
0 0.9328125 0.534375 0.01875 0.028125
0 0.58828125 0.53671875 0.01875 0.03203125
0 0.8515625 0.5390625 0.0140625 0.0140625
0 0.1484375 0.5390625 0.01875 0.028125
0 0.50703125 0.5390625 0.0046875 0.028125
0 0.05078125 0.5390625 0.0140625 0.028125
0 0.51875 0.54140625 0.0140625 0.01875
0 0.990625 0.54375 0.009375 0.03203125
0 0.48828125 0.54375 0.01875 0.028125
0 0.5765625 0.5484375 0.01875 0.028125
0 0.96796875 0.5484375 0.01875 0.028125
0 0.5578125 0.55078125 0.0140625 0.028125
0 0.659375 0.553125 0.0234375 0.028125
0 0.61796875 0.553125 0.0234375 0.028125
0 0.23125 0.55546875 0.009375 0.0140625
0 0.83125 0.5578125 0.01875 0.028125
0 0.321875 0.5578125 0.01875 0.028125
0 0.64140625 0.5578125 0.0140625 0.0140625
0 0.865625 0.5578125 0.01875 0.03203125
0 0.63203125 0.5578125 0.0140625 0.01875
0 0.03046875 0.56015625 0.028125 0.028125
0 0.4328125 0.5625 0.01875 0.03203125
0 0.3890625 0.5625 0.01875 0.03203125
0 0.25 0.56484375 0.0140625 0.0140625
0 0.34453125 0.5671875 0.01875 0.028125
0 0.68046875 0.5671875 0.0234375 0.03203125
0 0.7984375 0.5671875 0.0234375 0.028125
0 0.5671875 0.5671875 0.01875 0.028125
0 0.06484375 0.56953125 0.028125 0.03203125
0 0.71796875 0.56953125 0.0234375 0.03671875
0 0.35859375 0.56953125 0.009375 0.028125
0 0.91875 0.571875 0.0234375 0.03203125
0 0.73125 0.57421875 0.0234375 0.028125
0 0.41640625 0.57421875 0.0234375 0.03203125
0 0.52109375 0.57421875 0.01875 0.03671875
0 0.10625 0.5765625 0.0140625 0.0234375
0 0.8515625 0.5765625 0.01875 0.03671875
0 0.36796875 0.5765625 0.0234375 0.028125
0 0.59453125 0.5765625 0.0140625 0.0234375
0 0.178125 0.57890625 0.0234375 0.03203125
0 0.96328125 0.58125 0.01875 0.03671875
0 0.89375 0.58359375 0.01875 0.03671875
0 0.47890625 0.58359375 0.0234375 0.03671875
0 0.20625 0.5859375 0.01875 0.03203125
0 0.45390625 0.5859375 0.0234375 0.0140625
0 0.5 0.5859375 0.01875 0.03203125
0 0.29375 0.5859375 0.01875 0.03203125
0 0.1203125 0.58828125 0.01875 0.04140625
0 0.64375 0.590625 0.028125 0.03203125
0 0.14375 0.59296875 0.028125 0.03671875
0 0.240625 0.59296875 0.0234375 0.03203125
0 0.82421875 0.59921875 0.0234375 0.03671875
0 0.90078125 0.59921875 0.01875 0.05078125
0 0.740625 0.6015625 0.028125 0.01875
0 0.99296875 0.60625 0.0046875 0.04609375
0 0.38203125 0.60625 0.0234375 0.04140625
0 0.7984375 0.61328125 0.01875 0.03671875
0 0.0234375 0.61328125 0.01875 0.03671875
0 0.4515625 0.615625 0.01875 0.04140625
0 0.68515625 0.61796875 0.028125 0.04140625
0 0.46953125 0.6203125 0.01875 0.03203125
0 0.965625 0.6203125 0.028125 0.04609375
0 0.64609375 0.62734375 0.01875 0.04140625
0 0.740625 0.63203125 0.0234375 0.03203125
0 0.16640625 0.63203125 0.0234375 0.03671875
0 0.58125 0.634375 0.028125 0.04140625
0 0.81953125 0.634375 0.0234375 0.04140625
0 0.528125 0.63671875 0.01875 0.04140625
0 0.759375 0.63671875 0.01875 0.03671875
0 0.0625 0.64140625 0.028125 0.03671875
0 0.125 0.6484375 0.01875 0.03671875
0 0.23125 0.6828125 0.0234375 0.03671875