0 0.6203125 0.18984375 0.04140625 0.06484375
0 0.25 0.1921875 0.03203125 0.05078125
0 0.8703125 0.196875 0.04609375 0.09296875
0 0.74765625 0.19921875 0.04140625 0.08828125
0 0.3796875 0.19921875 0.03203125 0.06015625
0 0.48828125 0.20390625 0.04140625 0.06953125
0 0.6640625 0.2109375 0.03203125 0.06953125
0 0.97890625 0.21328125 0.03203125 0.1109375
0 0.090625 0.21796875 0.05078125 0.096875
0 0.92578125 0.21953125 0.04140625 0.08359375
0 0.3515625 0.221875 0.03203125 0.07421875
0 0.42578125 0.2265625 0.04140625 0.07890625
0 0.54609375 0.23828125 0.04140625 0.06953125
0 0.83125 0.240625 0.04140625 0.09296875
0 0.28046875 0.24296875 0.028125 0.06015625
0 0.70390625 0.25 0.04609375 0.07421875
0 0.25703125 0.2546875 0.04140625 0.07890625
0 0.31484375 0.25703125 0.04609375 0.08828125
0 0.37734375 0.2734375 0.03671875 0.06953125
0 0.625 0.278125 0.03203125 0.05546875
0 0.1296875 0.28046875 0.04609375 0.096875
0 0.21328125 0.284375 0.04140625 0.096875
0 0.7546875 0.3125 0.04140625 0.06484375
0 0.53046875 0.32890625 0.04140625 0.06015625
0 0.284375 0.3609375 0.03203125 0.07890625
0 0.35859375 0.3609375 0.03671875 0.07890625
0 0.240625 0.39140625 0.04140625 0.07890625
0 0.4375 0.39609375 0.04609375 0.08828125
0 0.48828125 0.3984375 0.03203125 0.06015625
0 0.59296875 0.403125 0.03203125 0.06015625
0 0.05546875 0.42109375 0.05078125 0.07421875
0 0.553125 0.428125 0.04140625 0.07421875
0 0.715625 0.4375 0.04140625 0.08828125
0 0.50234375 0.446875 0.03671875 0.05078125
0 0.65078125 0.446875 0.04140625 0.07890625
0 0.97890625 0.48828125 0.04140625 0.10625
0 0.471875 0.5 0.03671875 0.07421875
0 0.77109375 0.53046875 0.04140625 0.08828125
0 0.33828125 0.53671875 0.05078125 0.096875
0 0.0625 0.54375 0.05078125 0.07421875
0 0.25703125 0.56484375 0.05078125 0.1109375
0 0.153125 0.5671875 0.05546875 0.1109375
0 0.41171875 0.5859375 0.03671875 0.07421875
0 0.884375 0.60390625 0.04140625 0.08828125
0 0.59453125 0.60625 0.06015625 0.1109375
0 0.3359375 0.70859375 0.05546875 0.134375
0 0.90703125 0.14375 0.03671875 0.06953125
0 0.69921875 0.16171875 0.04609375 0.06953125
0 0.80078125 0.16875 0.03203125 0.06015625