0 0.01640625 0.12734375 0.03203125 0.08359375
0 0.59453125 0.19453125 0.028125 0.03671875
0 0.4515625 0.20859375 0.0140625 0.01875
0 0.39609375 0.215625 0.0140625 0.01875
0 0.37734375 0.21796875 0.0140625 0.0234375
0 0.465625 0.221875 0.0234375 0.03203125
0 0.115625 0.221875 0.03671875 0.05078125
0 0.0765625 0.2265625 0.05546875 0.08828125
0 0.5671875 0.22890625 0.0140625 0.01875
0 0.41171875 0.23359375 0.01875 0.01875
0 0.44453125 0.23359375 0.01875 0.028125
0 0.4765625 0.23359375 0.0234375 0.03203125
0 0.6734375 0.2359375 0.0140625 0.0140625
0 0.4234375 0.2359375 0.0140625 0.0234375
0 0.50234375 0.2359375 0.01875 0.028125
0 0.68515625 0.2359375 0.009375 0.009375
0 0.7109375 0.2359375 0.01875 0.0234375
0 0.60390625 0.24296875 0.04140625 0.05546875
0 0.64375 0.2546875 0.03203125 0.06484375
0 0.6921875 0.2640625 0.01875 0.0234375
0 0.53046875 0.26640625 0.0234375 0.04140625
0 0.72421875 0.2734375 0.03671875 0.04140625
0 0.9421875 0.28046875 0.01875 0.03203125
0 0.778125 0.28203125 0.06015625 0.06015625
0 0.92109375 0.28671875 0.03203125 0.03671875
0 0.98828125 0.28671875 0.0140625 0.04609375
0 0.47421875 0.30078125 0.05078125 0.09296875
0 0.10625 0.3078125 0.06015625 0.07421875
0 0.55546875 0.31015625 0.04609375 0.07890625
0 0.70859375 0.3125 0.04140625 0.05078125
0 0.840625 0.31953125 0.04140625 0.05546875
0 0.884375 0.321875 0.04609375 0.04609375
0 0.97421875 0.3359375 0.04140625 0.06484375
0 0.34453125 0.346875 0.05546875 0.08828125
0 0.41171875 0.3515625 0.06953125 0.1296875
0 0.7734375 0.3515625 0.06015625 0.07421875
0 0.89140625 0.403125 0.07421875 0.09296875
0 0.553125 0.44453125 0.06015625 0.125
0 0.63671875 0.465625 0.08359375 0.16640625
0 0.92578125 0.48359375 0.07890625 0.1390625
0 0.20859375 0.51875 0.07890625 0.14375