0 0.58359375 0.11796875 0.03671875 0.05078125
0 0.4859375 0.11796875 0.03203125 0.05546875
0 0.7890625 0.1296875 0.04609375 0.06484375
0 0.51171875 0.13671875 0.03203125 0.04609375
0 0.7640625 0.0140625 0.028125 0.028125
0 0.98828125 0.13671875 0.0140625 0.06953125
0 0.40546875 0.1484375 0.04140625 0.04609375
0 0.0625 0.1484375 0.028125 0.04140625
0 0.89375 0.17109375 0.04140625 0.06484375
0 0.02578125 0.1734375 0.03671875 0.07890625
0 0.153125 0.01875 0.03203125 0.03671875
0 0.60859375 0.01875 0.028125 0.03671875
0 0.0859375 0.1828125 0.04140625 0.05546875
0 0.159375 0.1828125 0.03203125 0.05546875
0 0.92578125 0.1875 0.04140625 0.06484375
0 0.58125 0.18984375 0.03671875 0.05078125
0 0.696875 0.19453125 0.03671875 0.05546875
0 0.26640625 0.02109375 0.028125 0.03671875
0 0.534375 0.0234375 0.04140625 0.04609375
0 0.134375 0.2109375 0.03671875 0.04609375
0 0.40546875 0.221875 0.0234375 0.04609375
0 0.52578125 0.22421875 0.03671875 0.05078125
0 0.8796875 0.0234375 0.03671875 0.04609375
0 0.321875 0.2359375 0.03203125 0.05078125
0 0.3515625 0.2359375 0.03203125 0.06015625
0 0.63671875 0.24296875 0.03671875 0.05078125
0 0.78671875 0.25234375 0.03203125 0.04609375
0 0.3078125 0.02578125 0.03203125 0.03203125
0 0.8890625 0.259375 0.05078125 0.05078125
0 0.0140625 0.028125 0.0234375 0.03203125
0 0.96796875 0.2640625 0.04609375 0.07421875
0 0.534375 0.27109375 0.03671875 0.05078125
0 0.66640625 0.278125 0.03671875 0.05078125
0 0.15703125 0.28046875 0.04140625 0.06015625
0 0.48125 0.284375 0.03671875 0.05078125
0 0.09453125 0.3078125 0.03671875 0.05078125
0 0.29375 0.31484375 0.04140625 0.05546875
0 0.6109375 0.31953125 0.04140625 0.06953125
0 0.85390625 0.3265625 0.028125 0.06484375
0 0.88671875 0.32890625 0.06484375 0.06953125
0 0.02109375 0.365625 0.03671875 0.06484375
0 0.08125 0.365625 0.04609375 0.06484375
0 0.68984375 0.365625 0.03671875 0.06015625
0 0.946875 0.03671875 0.04140625 0.03671875
0 0.6875 0.03671875 0.03203125 0.03671875
0 0.28046875 0.38203125 0.05078125 0.06484375
0 0.43984375 0.38671875 0.04140625 0.06015625
0 0.61328125 0.42109375 0.03671875 0.06953125
0 0.2015625 0.4234375 0.04140625 0.04609375
0 0.659375 0.4328125 0.03671875 0.07421875
0 0.3609375 0.4328125 0.03671875 0.06484375
0 0.87265625 0.4375 0.04140625 0.06484375
0 0.8078125 0.43984375 0.04140625 0.06015625
0 0.490625 0.44921875 0.03203125 0.06484375
0 0.3265625 0.44921875 0.04609375 0.05546875
0 0.009375 0.4515625 0.01875 0.08828125
0 0.18046875 0.46328125 0.04140625 0.06484375
0 0.0140625 0.04609375 0.01875 0.05078125
0 0.5484375 0.47890625 0.03671875 0.06015625
0 0.40078125 0.50703125 0.04609375 0.05546875
0 0.60625 0.5234375 0.04140625 0.05078125
0 0.48125 0.053125 0.028125 0.04609375
0 0.08359375 0.55078125 0.04609375 0.06484375
0 0.9765625 0.56484375 0.04140625 0.07890625
0 0.31015625 0.05546875 0.03671875 0.05546875
0 0.6109375 0.5765625 0.06484375 0.07421875
0 0.27109375 0.5859375 0.03671875 0.06484375
0 0.81953125 0.590625 0.05546875 0.06484375
0 0.48359375 0.59453125 0.04609375 0.05078125
0 0.303125 0.62265625 0.06015625 0.06484375
0 0.0234375 0.64140625 0.03671875 0.06484375
0 0.12734375 0.65703125 0.03671875 0.05546875
0 0.80546875 0.66171875 0.06484375 0.06484375
0 0.49296875 0.66640625 0.06015625 0.07890625
0 0.95859375 0.6828125 0.05078125 0.07421875
0 0.25703125 0.696875 0.05078125 0.06484375
0 0.70859375 0.69921875 0.06484375 0.08359375
0 0.215625 0.06953125 0.03671875 0.05546875
0 0.01171875 0.7109375 0.0234375 0.07421875
0 0.62265625 0.07421875 0.03671875 0.05546875
0 0.08125 0.72890625 0.03671875 0.06484375
0 0.5484375 0.74296875 0.04609375 0.06484375
0 0.96328125 0.76875 0.05078125 0.09296875
0 0.75234375 0.8125 0.06015625 0.07890625
0 0.48125 0.8125 0.05546875 0.07421875
0 0.16640625 0.08359375 0.0234375 0.03671875
0 0.67109375 0.08359375 0.03203125 0.05078125
0 0.24296875 0.840625 0.05078125 0.07421875
0 0.91171875 0.8515625 0.05078125 0.1015625
0 0.83125 0.0859375 0.03671875 0.05546875
0 0.4140625 0.0859375 0.0234375 0.04609375
0 0.596875 0.865625 0.05546875 0.06484375
0 0.0390625 0.8703125 0.05078125 0.06953125
0 0.865625 0.8703125 0.05078125 0.06953125
0 0.1296875 0.87734375 0.07890625 0.06484375
0 0.66640625 0.8796875 0.06015625 0.05546875
0 0.96328125 0.08828125 0.04140625 0.05546875
0 0.45625 0.88203125 0.05546875 0.04609375
0 0.1875 0.090625 0.03203125 0.05078125
0 0.09921875 0.09296875 0.03671875 0.04609375