0 0.28203125 0.10625 0.028125 0.03671875
0 0.125 0.10859375 0.03203125 0.03671875
0 0.446875 0.1109375 0.0234375 0.028125
0 0.59921875 0.1109375 0.028125 0.03203125
0 0.86796875 0.01171875 0.01875 0.0234375
0 0.10859375 0.01171875 0.01875 0.0234375
0 0.84921875 0.115625 0.028125 0.03671875
0 0.86796875 0.11796875 0.0234375 0.028125
0 0.659375 0.12265625 0.01875 0.03203125
0 0.25703125 0.0140625 0.0234375 0.028125
0 0.303125 0.0140625 0.01875 0.028125
0 0.77578125 0.12734375 0.01875 0.028125
0 0.97890625 0.12734375 0.0234375 0.04140625
0 0.21796875 0.13203125 0.01875 0.03203125
0 0.40078125 0.13203125 0.0234375 0.028125
0 0.35859375 0.134375 0.028125 0.03671875
0 0.90703125 0.14140625 0.028125 0.03671875
0 0.83359375 0.14375 0.01875 0.028125
0 0.0625 0.14609375 0.0234375 0.03671875
0 0.04375 0.1484375 0.01875 0.03203125
0 0.18984375 0.153125 0.01875 0.0234375
0 0.740625 0.153125 0.03203125 0.04140625
0 0.54140625 0.15546875 0.028125 0.04140625
0 0.0859375 0.15703125 0.028125 0.04140625
0 0.20625 0.15703125 0.028125 0.03203125
0 0.1109375 0.16171875 0.01875 0.03203125
0 0.5625 0.1640625 0.028125 0.03203125
0 0.696875 0.1640625 0.0234375 0.03203125
0 0.9375 0.16640625 0.028125 0.04140625
0 0.259375 0.17109375 0.0234375 0.028125
0 0.4953125 0.1734375 0.028125 0.03203125
0 0.01640625 0.178125 0.0234375 0.03671875
0 0.84453125 0.178125 0.03203125 0.03671875
0 0.409375 0.1828125 0.0234375 0.03203125
0 0.31015625 0.18515625 0.0234375 0.03203125
0 0.66875 0.1875 0.028125 0.03671875
0 0.86328125 0.18984375 0.0234375 0.03671875
0 0.7640625 0.1921875 0.028125 0.04140625
0 0.4765625 0.19453125 0.01875 0.03203125
0 0.59453125 0.19453125 0.028125 0.04140625
0 0.215625 0.196875 0.01875 0.03671875
0 0.3609375 0.196875 0.0234375 0.03203125
0 0.73828125 0.2015625 0.01875 0.028125
0 0.16171875 0.20625 0.0234375 0.03671875
0 0.2546875 0.20859375 0.0234375 0.03203125
0 0.01875 0.02109375 0.0234375 0.01875
0 0.8125 0.21328125 0.028125 0.04140625
0 0.3984375 0.215625 0.0234375 0.03203125
0 0.909375 0.215625 0.028125 0.04140625
0 0.01171875 0.2265625 0.0234375 0.03671875
0 0.10625 0.23359375 0.028125 0.03203125
0 0.08359375 0.23828125 0.028125 0.03203125
0 0.7265625 0.23828125 0.0234375 0.028125
0 0.38203125 0.240625 0.028125 0.03671875
0 0.48828125 0.0234375 0.01875 0.028125
0 0.6484375 0.2453125 0.0234375 0.04140625
0 0.71796875 0.259375 0.0234375 0.03203125
0 0.60390625 0.26171875 0.028125 0.03671875
0 0.95625 0.26171875 0.03203125 0.04140625
0 0.51875 0.26171875 0.028125 0.03671875
0 0.625 0.2640625 0.0234375 0.03671875
0 0.053125 0.26640625 0.028125 0.03203125
0 0.1484375 0.27109375 0.028125 0.03671875
0 0.1296875 0.028125 0.0234375 0.028125
0 0.259375 0.278125 0.0234375 0.03203125
0 0.83828125 0.28046875 0.01875 0.03203125
0 0.7453125 0.28046875 0.01875 0.03203125
0 0.08125 0.028125 0.01875 0.03203125
0 0.528125 0.2890625 0.028125 0.03671875
0 0.41171875 0.2890625 0.03203125 0.04140625
0 0.1640625 0.03046875 0.0234375 0.0234375
0 0.47421875 0.29375 0.028125 0.04140625
0 0.8125 0.30078125 0.028125 0.04140625
0 0.98125 0.30078125 0.028125 0.04140625
0 0.69453125 0.03046875 0.0234375 0.03203125
0 0.21328125 0.03046875 0.0234375 0.01875
0 0.3265625 0.30546875 0.028125 0.03203125
0 0.10625 0.03203125 0.01875 0.028125
0 0.89140625 0.3171875 0.0234375 0.03671875
0 0.009375 0.31953125 0.01875 0.04140625
0 0.18046875 0.03203125 0.0234375 0.028125
0 0.85859375 0.3265625 0.0234375 0.03671875
0 0.41171875 0.03203125 0.0234375 0.028125
0 0.21328125 0.340625 0.0234375 0.03671875
0 0.3703125 0.346875 0.028125 0.03671875
0 0.2640625 0.346875 0.0234375 0.03203125
0 0.76171875 0.3515625 0.0234375 0.03671875
0 0.7015625 0.3609375 0.028125 0.04140625
0 0.1640625 0.36328125 0.0234375 0.028125
0 0.615625 0.03671875 0.01875 0.028125
0 0.5234375 0.36796875 0.03203125 0.03671875
0 0.80546875 0.3703125 0.028125 0.04140625
0 0.61328125 0.37265625 0.028125 0.04140625
0 0.09921875 0.37265625 0.028125 0.03203125
0 0.0484375 0.0390625 0.0234375 0.03203125
0 0.2453125 0.38203125 0.0234375 0.03671875
0 0.45390625 0.0390625 0.01875 0.028125
0 0.659375 0.0390625 0.01875 0.028125
0 0.83828125 0.04375 0.01875 0.03671875
0 0.0140625 0.44453125 0.028125 0.04609375
0 0.09453125 0.04609375 0.0234375 0.028125
0 0.56015625 0.04609375 0.01875 0.0234375
0 0.590625 0.0484375 0.01875 0.03203125
0 0.8171875 0.0484375 0.0234375 0.03203125
0 0.215625 0.05078125 0.01875 0.0234375
0 0.40546875 0.053125 0.01875 0.03203125
0 0.7734375 0.05546875 0.01875 0.028125
0 0.946875 0.05546875 0.01875 0.01875
0 0.2984375 0.0578125 0.0234375 0.03203125
0 0.25 0.0578125 0.01875 0.0234375
0 0.58125 0.06015625 0.01875 0.03203125
0 0.06484375 0.06015625 0.01875 0.03203125
0 0.6734375 0.0625 0.01875 0.03203125
0 0.73125 0.0625 0.0234375 0.03203125
0 0.3515625 0.0625 0.0234375 0.028125
0 0.90703125 0.06484375 0.028125 0.03203125
0 0.01171875 0.6484375 0.0234375 0.04140625
0 0.678125 0.65703125 0.04140625 0.05546875
0 0.5234375 0.66171875 0.04140625 0.05078125
0 0.81484375 0.66875 0.03671875 0.05078125
0 0.803125 0.0671875 0.0234375 0.03671875
0 0.01640625 0.0671875 0.01875 0.028125
0 0.40546875 0.68046875 0.04140625 0.06484375
0 0.9234375 0.6875 0.03671875 0.06015625
0 0.96328125 0.06953125 0.028125 0.03671875
0 0.10390625 0.6921875 0.03671875 0.05078125
0 0.34453125 0.69453125 0.03671875 0.05078125
0 0.20390625 0.696875 0.04140625 0.05546875
0 0.08828125 0.07890625 0.028125 0.03671875
0 0.76640625 0.07890625 0.028125 0.04140625
0 0.2265625 0.07890625 0.028125 0.028125
0 0.26875 0.07890625 0.0234375 0.028125
0 0.54609375 0.07890625 0.028125 0.03203125
0 0.13671875 0.08125 0.028125 0.03203125
0 0.721875 0.8265625 0.05078125 0.06484375
0 0.259375 0.8265625 0.04140625 0.06484375
0 0.20859375 0.08359375 0.0234375 0.03203125
0 0.9609375 0.08828125 0.01875 0.03203125
0 0.05078125 0.090625 0.0234375 0.028125
0 0.36796875 0.09296875 0.0234375 0.03671875
0 0.52578125 0.009375 0.01875 0.01875
0 0.16640625 0.1015625 0.01875 0.03203125
0 0.49765625 0.10390625 0.0234375 0.028125