0 0.45390625 0.10625 0.0234375 0.03671875
0 0.875 0.1109375 0.05078125 0.03203125
0 0.46328125 0.11328125 0.0234375 0.028125
0 0.78203125 0.115625 0.03671875 0.05546875
0 0.05078125 0.125 0.03203125 0.06484375
0 0.41640625 0.12734375 0.04140625 0.05078125
0 0.965625 0.12734375 0.04140625 0.06015625
0 0.69921875 0.1296875 0.028125 0.04140625
0 0.28046875 0.13203125 0.0234375 0.03203125
0 0.23828125 0.0140625 0.028125 0.028125
0 0.36328125 0.13671875 0.04140625 0.05546875
0 0.09296875 0.1390625 0.03671875 0.05546875
0 0.1296875 0.14140625 0.03203125 0.05546875
0 0.221875 0.14375 0.03671875 0.05078125
0 0.64609375 0.14375 0.03203125 0.03203125
0 0.17578125 0.01640625 0.0234375 0.028125
0 0.51875 0.1484375 0.04609375 0.06484375
0 0.3265625 0.1484375 0.03203125 0.03671875
0 0.90546875 0.153125 0.05078125 0.06953125
0 0.98359375 0.153125 0.03203125 0.04140625
0 0.85859375 0.15546875 0.03671875 0.06015625
0 0.58359375 0.15546875 0.04140625 0.06484375
0 0.18984375 0.159375 0.04140625 0.06484375
0 0.82421875 0.16640625 0.05078125 0.08828125
0 0.659375 0.16640625 0.03671875 0.01875
0 0.69921875 0.16640625 0.04140625 0.05078125
0 0.34921875 0.01640625 0.03671875 0.03203125
0 0.42578125 0.16875 0.028125 0.03671875
0 0.08359375 0.16875 0.03203125 0.04140625
0 0.76171875 0.1828125 0.05546875 0.07890625
0 0.25234375 0.19453125 0.05078125 0.07421875
0 0.64609375 0.196875 0.04140625 0.04609375
0 0.2015625 0.20625 0.04609375 0.03203125
0 0.11328125 0.20859375 0.03203125 0.06015625
0 0.3984375 0.20859375 0.04140625 0.05078125
0 0.1484375 0.21328125 0.04609375 0.06953125
0 0.471875 0.215625 0.06015625 0.07890625
0 0.10859375 0.02109375 0.028125 0.03671875
0 0.97890625 0.22421875 0.03203125 0.07890625
0 0.30546875 0.22890625 0.05546875 0.1015625
0 0.21796875 0.2546875 0.05078125 0.06484375
0 0.71328125 0.25703125 0.06484375 0.08828125
0 0.0484375 0.02578125 0.03203125 0.04140625
0 0.0859375 0.028125 0.03671875 0.04609375
0 0.65078125 0.26640625 0.06015625 0.07890625
0 0.93515625 0.26875 0.06484375 0.096875
0 0.40703125 0.27109375 0.05078125 0.07890625
0 0.89375 0.2734375 0.05078125 0.07421875
0 0.0484375 0.284375 0.05546875 0.07890625
0 0.3265625 0.03046875 0.03203125 0.04140625
0 0.2015625 0.303125 0.05546875 0.05078125
0 0.09296875 0.3078125 0.04140625 0.06953125
0 0.5765625 0.31015625 0.06484375 0.08828125
0 0.5234375 0.3171875 0.04140625 0.06484375
0 0.134375 0.3171875 0.04609375 0.06953125
0 0.3078125 0.32421875 0.05078125 0.06484375
0 0.41875 0.33125 0.04609375 0.0234375
0 0.19921875 0.034375 0.03203125 0.04140625
0 0.30546875 0.034375 0.0234375 0.04140625
0 0.5390625 0.034375 0.04609375 0.05078125
0 0.875 0.346875 0.05078125 0.05078125
0 0.5 0.03671875 0.03671875 0.03671875
0 0.17109375 0.35625 0.04609375 0.05546875
0 0.01875 0.35859375 0.03671875 0.1109375
0 0.48828125 0.35859375 0.06484375 0.06484375
0 0.4140625 0.36796875 0.03671875 0.05546875
0 0.06953125 0.3703125 0.07421875 0.07890625
0 0.35625 0.38203125 0.07421875 0.08359375
0 0.14375 0.0390625 0.028125 0.04609375
0 0.35859375 0.0390625 0.03203125 0.03203125
0 0.13203125 0.39375 0.028125 0.04609375
0 0.24765625 0.0390625 0.0234375 0.03671875
0 0.81484375 0.4328125 0.07421875 0.115625
0 0.721875 0.4328125 0.07421875 0.09296875
0 0.89609375 0.43515625 0.06484375 0.08828125
0 0.20390625 0.43515625 0.05546875 0.08828125
0 0.6484375 0.4421875 0.08828125 0.096875
0 0.46796875 0.446875 0.07421875 0.1109375
0 0.1734375 0.04609375 0.03203125 0.03671875
0 0.4375 0.0484375 0.0234375 0.04140625
0 0.28046875 0.0484375 0.03671875 0.04609375
0 0.3703125 0.48359375 0.07421875 0.08828125
0 0.0625 0.48828125 0.08359375 0.1109375
0 0.409375 0.0484375 0.03203125 0.028125
0 0.6828125 0.56484375 0.08359375 0.1203125
0 0.1296875 0.06015625 0.0234375 0.03203125
0 0.64609375 0.06484375 0.028125 0.04609375
0 0.3265625 0.06484375 0.0140625 0.01875
0 0.25 0.0671875 0.01875 0.0234375
0 0.5 0.0671875 0.03671875 0.03671875
0 0.465625 0.0671875 0.03671875 0.04609375
0 0.09921875 0.06953125 0.03671875 0.04140625
0 0.39609375 0.071875 0.03671875 0.03671875
0 0.35390625 0.07421875 0.0234375 0.028125
0 0.04375 0.07421875 0.028125 0.03203125
0 0.56953125 0.0765625 0.028125 0.04140625
0 0.21953125 0.07890625 0.03203125 0.04609375
0 0.15703125 0.08125 0.028125 0.04609375
0 0.3359375 0.08125 0.01875 0.0234375
0 0.08828125 0.0859375 0.03203125 0.04140625
0 0.12265625 0.0859375 0.0234375 0.028125
0 0.37734375 0.090625 0.03203125 0.03671875
0 0.18984375 0.09296875 0.04140625 0.04609375
0 0.66171875 0.09296875 0.028125 0.05546875
0 0.28203125 0.09921875 0.04140625 0.04609375
0 0.6109375 0.1015625 0.03671875 0.06484375
0 0.5 0.10390625 0.04140625 0.028125
0 0.32421875 0.10390625 0.03203125 0.03671875