0 0.16171875 0.10859375 0.06484375 0.09296875
0 0.7109375 0.14140625 0.06015625 0.07890625
0 0.97421875 0.1484375 0.04140625 0.08359375
0 0.25234375 0.1484375 0.05078125 0.06953125
0 0.58125 0.15546875 0.07421875 0.096875
0 0.196875 0.159375 0.05078125 0.06953125
0 0.05078125 0.1734375 0.06015625 0.07421875
0 0.3265625 0.17578125 0.06484375 0.09296875
0 0.45390625 0.1828125 0.06015625 0.06015625
0 0.82890625 0.02578125 0.06015625 0.05078125
0 0.06015625 0.26171875 0.06953125 0.08828125
0 0.46796875 0.2640625 0.06953125 0.09296875
0 0.8890625 0.26875 0.07421875 0.09296875
0 0.71953125 0.29375 0.06484375 0.08828125
0 0.18984375 0.29609375 0.06953125 0.08359375
0 0.30078125 0.31953125 0.06015625 0.08828125
0 0.58125 0.346875 0.05546875 0.08828125
0 0.97890625 0.0390625 0.04140625 0.06484375
0 0.59921875 0.03671875 0.05078125 0.06953125
0 0.096875 0.37734375 0.06015625 0.07890625
0 0.3625 0.0390625 0.059375 0.078125
0 0.14765625 0.04140625 0.0703125 0.0828125
0 0.73125 0.41171875 0.07421875 0.10625
0 0.86796875 0.465625 0.07890625 0.1109375
0 0.5140625 0.46796875 0.06953125 0.1203125
0 0.71796875 0.0484375 0.07421875 0.096875
0 0.43984375 0.0484375 0.06015625 0.096875
0 0.03203125 0.49296875 0.06015625 0.08828125
0 0.3703125 0.528125 0.07421875 0.096875
0 0.6875 0.53671875 0.07421875 0.1109375
0 0.946875 0.5671875 0.08359375 0.1390625
0 0.4140625 0.6203125 0.08359375 0.1109375
0 0.0390625 0.63359375 0.078125 0.1296875
0 0.1875 0.634375 0.07421875 0.096875
0 0.2640625 0.06484375 0.05546875 0.08359375
0 0.659375 0.67578125 0.096875 0.1109375
0 0.51875 0.71328125 0.08359375 0.1109375
0 0.4859375 0.0765625 0.06015625 0.06953125
0 0.9328125 0.07890625 0.06015625 0.07890625
0 0.26640625 0.80078125 0.08359375 0.1109375
0 0.76875 0.8515625 0.07421875 0.1015625
0 0.92109375 0.86796875 0.115625 0.096875
0 0.028125 0.08828125 0.05546875 0.09296875
0 0.85859375 0.09453125 0.06484375 0.07890625