0 0.28203125 0.259375 0.028125 0.06953125
0 0.70859375 0.27109375 0.03671875 0.06484375
0 0.3359375 0.27578125 0.03203125 0.06953125
0 0.4375 0.31484375 0.03671875 0.05546875
0 0.53046875 0.31484375 0.04140625 0.07890625
0 0.6390625 0.16171875 0.03671875 0.05078125
0 0.303125 0.17109375 0.028125 0.06484375
0 0.36796875 0.1734375 0.028125 0.05078125
0 0.51640625 0.17578125 0.03671875 0.07421875
0 0.1875 0.20859375 0.03671875 0.06953125
0 0.5671875 0.21328125 0.03671875 0.06484375
0 0.84453125 0.21796875 0.04140625 0.06484375
0 0.4328125 0.21953125 0.028125 0.06484375
0 0.8078125 0.221875 0.03203125 0.06953125
0 0.47421875 0.23125 0.03203125 0.06015625
0 0.14375 0.2359375 0.04140625 0.07421875
0 0.76171875 0.24765625 0.04140625 0.06953125
0 0.39375 0.25 0.03671875 0.07421875
0 0.23125 0.25234375 0.03671875 0.07421875
0 0.61328125 0.25234375 0.03671875 0.07421875
0 0.6640625 0.25703125 0.04140625 0.07421875