0 0.5671875 0.36328125 0.03671875 0.06484375
0 0.34296875 0.36328125 0.03203125 0.09296875
0 0.4140625 0.36328125 0.03203125 0.05546875
0 0.28046875 0.375 0.03203125 0.06484375
0 0.48828125 0.375 0.03203125 0.05546875
0 0.76640625 0.375 0.0234375 0.06484375
0 0.8796875 0.3796875 0.03203125 0.06953125
0 0.06953125 0.38671875 0.04140625 0.08359375
0 0.94921875 0.38671875 0.03203125 0.06015625
0 0.74296875 0.38671875 0.03203125 0.06015625
0 0.60625 0.39140625 0.03203125 0.07421875
0 0.67578125 0.40078125 0.03671875 0.06953125
0 0.14609375 0.40546875 0.03203125 0.07890625
0 0.221875 0.40703125 0.03203125 0.06015625
0 0.8171875 0.40703125 0.03203125 0.06953125
0 0.54140625 0.41171875 0.03203125 0.06484375
0 0.58828125 0.43515625 0.04140625 0.08828125
0 0.5046875 0.44453125 0.03671875 0.06484375
0 0.36796875 0.44921875 0.03203125 0.06953125
0 0.928125 0.45390625 0.03203125 0.07890625
0 0.428125 0.45390625 0.03671875 0.06484375
0 0.30546875 0.45390625 0.04140625 0.07890625
0 0.721875 0.46796875 0.03671875 0.06484375
0 0.7984375 0.46796875 0.04140625 0.06484375
0 0.12265625 0.47421875 0.03203125 0.04609375
0 0.85859375 0.47890625 0.03203125 0.06015625
0 0.659375 0.48359375 0.03203125 0.06953125
0 0.37734375 0.21953125 0.03671875 0.07421875
0 0.30078125 0.2359375 0.03671875 0.06015625
0 0.51875 0.25234375 0.03671875 0.06484375
0 0.44453125 0.26171875 0.04140625 0.07421875
0 0.22890625 0.26171875 0.03203125 0.05078125
0 0.7984375 0.2640625 0.03203125 0.07421875
0 0.72890625 0.26640625 0.03203125 0.07421875
0 0.6640625 0.26875 0.04609375 0.07421875
0 0.59921875 0.28203125 0.03671875 0.06015625
0 0.86796875 0.28203125 0.03671875 0.07421875
0 0.5671875 0.28671875 0.028125 0.06484375
0 0.37265625 0.29140625 0.03203125 0.06953125
0 0.4953125 0.30546875 0.028125 0.05078125
0 0.08828125 0.30546875 0.03203125 0.07421875
0 0.17578125 0.3125 0.03671875 0.06484375
0 0.6296875 0.31484375 0.03671875 0.07890625
0 0.30078125 0.3171875 0.03203125 0.06015625
0 0.4375 0.3171875 0.03671875 0.08359375
0 0.13671875 0.32421875 0.03671875 0.05546875
0 0.82421875 0.3265625 0.03671875 0.07890625
0 0.90078125 0.33828125 0.03671875 0.08359375
0 0.240625 0.340625 0.03203125 0.05546875
0 0.21328125 0.34453125 0.0234375 0.05078125
0 0.70625 0.346875 0.03671875 0.07421875