0 0.01875 0.196875 0.03671875 0.1109375
0 0.44921875 0.2015625 0.04140625 0.06953125
0 0.97421875 0.20625 0.05078125 0.10625
0 0.7984375 0.20859375 0.05546875 0.10625
0 0.259375 0.20859375 0.05078125 0.10625
0 0.80546875 0.0234375 0.04609375 0.04609375
0 0.37734375 0.21953125 0.05078125 0.08828125
0 0.7265625 0.23359375 0.05078125 0.10625
0 0.86328125 0.0234375 0.03671875 0.04609375
0 0.8890625 0.2359375 0.05078125 0.1015625
0 0.49765625 0.23828125 0.04609375 0.07890625
0 0.08828125 0.23828125 0.04140625 0.06484375
0 0.5625 0.240625 0.04140625 0.09296875
0 0.21796875 0.26171875 0.05078125 0.08359375
0 0.60625 0.26640625 0.04609375 0.096875
0 0.0671875 0.2984375 0.04140625 0.08359375
0 0.4421875 0.30078125 0.05078125 0.096875
0 0.675 0.03203125 0.046875 0.0640625
0 0.4109375 0.03203125 0.040625 0.0640625
0 0.31953125 0.3265625 0.05078125 0.1015625
0 0.21796875 0.33125 0.04140625 0.08828125
0 0.509375 0.340625 0.05078125 0.1203125
0 0.71796875 0.3609375 0.05078125 0.115625
0 0.846875 0.3609375 0.05078125 0.1109375
0 0.09296875 0.36328125 0.04609375 0.096875
0 0.946875 0.37734375 0.06015625 0.1109375
0 0.2640625 0.384375 0.05546875 0.1203125
0 0.72578125 0.0390625 0.0515625 0.078125
0 0.48046875 0.04140625 0.0453125 0.0828125
0 0.36328125 0.43046875 0.05546875 0.1015625
0 0.15859375 0.04375 0.0515625 0.0875
0 0.01171875 0.43984375 0.0234375 0.115625
0 0.22890625 0.04609375 0.03671875 0.07890625
0 0.428125 0.45625 0.06015625 0.1203125
0 0.13671875 0.4765625 0.05546875 0.125
0 0.64609375 0.47890625 0.05546875 0.1203125
0 0.80078125 0.48828125 0.06015625 0.096875
0 0.57421875 0.5234375 0.05078125 0.1109375
0 0.33125 0.54609375 0.06484375 0.125
0 0.87265625 0.5625 0.04140625 0.08828125
0 0.73125 0.56953125 0.05546875 0.1109375
0 0.0390625 0.5765625 0.05078125 0.1203125
0 0.82890625 0.58359375 0.06015625 0.096875
0 0.178125 0.60625 0.05546875 0.10625
0 0.36328125 0.0625 0.04140625 0.08828125
0 0.5046875 0.634375 0.06953125 0.14375
0 0.68515625 0.63671875 0.06015625 0.10625
0 0.02578125 0.68984375 0.05078125 0.1390625
0 0.1015625 0.70390625 0.06015625 0.10625
0 0.40546875 0.7109375 0.06484375 0.1109375
0 0.26875 0.71796875 0.06953125 0.134375
0 0.8359375 0.75 0.05078125 0.1203125
0 0.5 0.75703125 0.06484375 0.14375
0 0.18046875 0.7640625 0.06953125 0.134375
0 0.6875 0.78046875 0.08359375 0.1484375
0 0.3609375 0.8171875 0.06015625 0.1203125
0 0.01875 0.0859375 0.03671875 0.096875
0 0.10390625 0.865625 0.06484375 0.1296875
0 0.625 0.08828125 0.05078125 0.096875
0 0.44921875 0.8703125 0.06953125 0.125
0 0.27109375 0.89609375 0.06484375 0.1203125
0 0.090625 0.09296875 0.05078125 0.09296875
0 0.61796875 0.95859375 0.07421875 0.07890625
0 0.02578125 0.965625 0.05078125 0.06484375
0 0.340625 0.96953125 0.04140625 0.05546875
0 0.2640625 0.09921875 0.04140625 0.08828125
0 0.68515625 0.1203125 0.05546875 0.10625
0 0.20625 0.125 0.05078125 0.08828125
0 0.5578125 0.13203125 0.05078125 0.10625
0 0.31953125 0.15078125 0.04609375 0.096875
0 0.125 0.16171875 0.05078125 0.10625