0 0.678125 0.10390625 0.028125 0.03203125
0 0.625 0.10859375 0.01875 0.03203125
0 0.153125 0.1109375 0.0234375 0.028125
0 0.2890625 0.115625 0.0234375 0.028125
0 0.89609375 0.134375 0.01875 0.03203125
0 0.27578125 0.1390625 0.0234375 0.03203125
0 0.31484375 0.14140625 0.0234375 0.04140625
0 0.74296875 0.14140625 0.03203125 0.04140625
0 0.7890625 0.14375 0.0234375 0.03671875
0 0.8265625 0.14375 0.01875 0.03671875
0 0.5578125 0.15078125 0.01875 0.0234375
0 0.29375 0.153125 0.0234375 0.03203125
0 0.0859375 0.15546875 0.03203125 0.04140625
0 0.1921875 0.15546875 0.03671875 0.05546875
0 0.10859375 0.15546875 0.03671875 0.06015625
0 0.92578125 0.15703125 0.0234375 0.04140625
0 0.04375 0.159375 0.0140625 0.0140625
0 0.125 0.159375 0.01875 0.028125
0 0.87265625 0.16171875 0.03203125 0.04609375
0 0.634375 0.16171875 0.028125 0.04140625
0 0.44453125 0.16171875 0.03671875 0.06015625
0 0.58359375 0.1640625 0.028125 0.04140625
0 0.6734375 0.1640625 0.01875 0.028125
0 0.1484375 0.1640625 0.03203125 0.05546875
0 0.259375 0.16640625 0.028125 0.04140625
0 0.06484375 0.16875 0.009375 0.0140625
0 0.35625 0.17109375 0.03203125 0.04609375
0 0.46328125 0.17109375 0.0234375 0.028125
0 0.05546875 0.17578125 0.01875 0.028125
0 0.32890625 0.178125 0.03203125 0.05078125
0 0.55078125 0.178125 0.028125 0.03203125
0 0.03046875 0.178125 0.01875 0.0234375
0 0.4859375 0.18046875 0.03203125 0.05546875
0 0.98359375 0.18515625 0.0234375 0.04609375
0 0.60625 0.1828125 0.0234375 0.028125
0 0.04140625 0.18515625 0.01875 0.0234375
0 0.6640625 0.18515625 0.028125 0.04140625
0 0.52109375 0.1875 0.05078125 0.07890625
0 0.39609375 0.18984375 0.03671875 0.05078125
0 0.93984375 0.19453125 0.03671875 0.03203125
0 0.7015625 0.19921875 0.03671875 0.05546875
0 0.6203125 0.2015625 0.03203125 0.03203125
0 0.92109375 0.21328125 0.0234375 0.028125
0 0.81015625 0.21328125 0.03203125 0.06015625
0 0.9609375 0.215625 0.028125 0.01875
0 0.8703125 0.21796875 0.03671875 0.05546875
0 0.8359375 0.221875 0.028125 0.04140625
0 0.7546875 0.22421875 0.028125 0.04609375
0 0.90546875 0.23359375 0.03671875 0.05546875
0 0.93984375 0.2359375 0.028125 0.05078125
0 0.95859375 0.24765625 0.028125 0.04609375
0 0.98359375 0.25703125 0.03203125 0.05546875
0 0.79140625 0.28203125 0.03203125 0.05078125
0 0.84921875 0.28671875 0.04140625 0.06015625
0 0.0046875 0.33125 0.009375 0.028125
0 0.06953125 0.34453125 0.03203125 0.05546875
0 0.215625 0.34921875 0.03203125 0.04609375
0 0.0390625 0.35625 0.05078125 0.05546875
0 0.24296875 0.36328125 0.03203125 0.04609375
0 0.15546875 0.36328125 0.03671875 0.04140625
0 0.27578125 0.403125 0.028125 0.04609375
0 0.70859375 0.403125 0.03203125 0.05546875
0 0.159375 0.403125 0.03203125 0.06953125
0 0.98828125 0.40703125 0.0234375 0.05078125
0 0.25234375 0.42109375 0.03671875 0.05078125
0 0.365625 0.42109375 0.03671875 0.06015625
0 0.42578125 0.42578125 0.03203125 0.06484375
0 0.5234375 0.42578125 0.04140625 0.06484375
0 0.7546875 0.4375 0.03671875 0.05546875
0 0.31953125 0.4375 0.04140625 0.06484375
0 0.65546875 0.4375 0.03203125 0.05546875
0 0.22890625 0.4375 0.03203125 0.05546875
0 0.8515625 0.44453125 0.04609375 0.06953125
0 0.465625 0.44453125 0.04140625 0.05078125
0 0.0140625 0.44921875 0.028125 0.05078125
0 0.09921875 0.45390625 0.03203125 0.05546875
0 0.98359375 0.47890625 0.03203125 0.06015625
0 0.89140625 0.490625 0.03203125 0.06015625
0 0.9375 0.490625 0.04140625 0.05078125
0 0.25703125 0.08359375 0.01875 0.028125
0 0.46953125 0.08828125 0.0234375 0.03203125
0 0.5578125 0.08828125 0.01875 0.03203125
0 0.39140625 0.096875 0.0234375 0.0234375
0 0.5234375 0.09921875 0.0140625 0.0234375