0 0.09296875 0.25703125 0.0140625 0.01875
0 0.26640625 0.26875 0.009375 0.01875
0 0.10390625 0.27109375 0.0140625 0.01875
0 0.134375 0.27109375 0.0140625 0.0234375
0 0.7546875 0.278125 0.0140625 0.0234375
0 0.71328125 0.28046875 0.01875 0.0234375
0 0.2546875 0.28203125 0.01875 0.0234375
0 0.625 0.284375 0.0140625 0.0234375
0 0.6875 0.28671875 0.0140625 0.0234375
0 0.03671875 0.2890625 0.0140625 0.0234375
0 0.66640625 0.2890625 0.009375 0.0234375
0 0.1203125 0.29140625 0.01875 0.028125
0 0.26640625 0.29140625 0.009375 0.01875
0 0.09296875 0.29375 0.01875 0.0234375
0 0.2015625 0.29609375 0.01875 0.03203125
0 0.65078125 0.29609375 0.009375 0.01875
0 0.84296875 0.29609375 0.01875 0.01875
0 0.23359375 0.30078125 0.01875 0.0234375
0 0.27578125 0.30078125 0.0140625 0.01875
0 0.5765625 0.30078125 0.01875 0.0234375
0 0.7015625 0.30078125 0.0140625 0.01875
0 0.303125 0.303125 0.01875 0.0234375
0 0.43984375 0.3078125 0.0140625 0.01875
0 0.7640625 0.3078125 0.0140625 0.01875
0 0.3515625 0.31015625 0.01875 0.0234375
0 0.53046875 0.3125 0.01875 0.0234375
0 0.64609375 0.31484375 0.0140625 0.0234375
0 0.971875 0.31953125 0.01875 0.0234375
0 0.6640625 0.31953125 0.0140625 0.01875
0 0.19453125 0.321875 0.028125 0.03203125
0 0.82890625 0.3265625 0.01875 0.03203125
0 0.9140625 0.3265625 0.0140625 0.0234375
0 0.88203125 0.33125 0.0140625 0.0234375
0 0.79375 0.3359375 0.01875 0.028125
0 0.125 0.33828125 0.03203125 0.05078125
0 0.85859375 0.346875 0.0140625 0.03203125
0 0.6296875 0.346875 0.0234375 0.028125
0 0.57421875 0.3515625 0.01875 0.028125
0 0.66171875 0.35390625 0.01875 0.028125
0 0.4859375 0.37734375 0.03203125 0.04609375
0 0.33828125 0.38671875 0.0234375 0.028125
0 0.21796875 0.38671875 0.028125 0.04140625
0 0.75234375 0.3890625 0.0234375 0.03671875
0 0.39140625 0.39375 0.0234375 0.028125
0 0.64140625 0.39609375 0.028125 0.028125
0 0.55546875 0.3984375 0.028125 0.03671875
0 0.86328125 0.3984375 0.0234375 0.03203125
0 0.41640625 0.40078125 0.0234375 0.028125
0 0.13671875 0.40078125 0.03671875 0.06015625
0 0.84296875 0.403125 0.0234375 0.03203125
0 0.92109375 0.403125 0.0234375 0.03671875
0 0.26640625 0.409375 0.0234375 0.03203125
0 0.2984375 0.409375 0.0234375 0.03671875
0 0.96796875 0.41171875 0.0234375 0.03203125
0 0.48828125 0.41171875 0.03203125 0.04609375
0 0.5140625 0.41171875 0.028125 0.04609375
0 0.1828125 0.41171875 0.028125 0.04140625
0 0.90546875 0.4140625 0.01875 0.04140625
0 0.20859375 0.41875 0.01875 0.03203125
0 0.34453125 0.42109375 0.01875 0.028125
0 0.375 0.42109375 0.028125 0.04609375
0 0.40546875 0.4234375 0.0234375 0.03671875
0 0.58359375 0.42578125 0.028125 0.03671875
0 0.8796875 0.428125 0.028125 0.03671875
0 0.62265625 0.43046875 0.01875 0.0234375
0 0.72890625 0.4328125 0.0234375 0.028125
0 0.79140625 0.4328125 0.0234375 0.03671875
0 0.6484375 0.4328125 0.01875 0.028125
0 0.9859375 0.43984375 0.0140625 0.03671875
0 0.45625 0.44921875 0.028125 0.05078125
0 0.66640625 0.4515625 0.028125 0.04609375
0 0.23828125 0.4515625 0.01875 0.03671875
0 0.83359375 0.45625 0.028125 0.03671875
0 0.5234375 0.4609375 0.03671875 0.06953125
0 0.3515625 0.4609375 0.03203125 0.04609375
0 0.87734375 0.4609375 0.01875 0.03671875
0 0.62265625 0.465625 0.028125 0.03203125
0 0.7359375 0.46796875 0.01875 0.03671875
0 0.75703125 0.47421875 0.028125 0.028125
0 0.40546875 0.4765625 0.03671875 0.04609375
0 0.465625 0.48359375 0.03671875 0.05546875
0 0.95390625 0.48828125 0.03671875 0.06484375
0 0.98828125 0.48828125 0.0234375 0.06484375
0 0.6296875 0.490625 0.0234375 0.03203125
0 0.66875 0.49296875 0.03203125 0.05078125
0 0.590625 0.49765625 0.01875 0.03203125
0 0.78046875 0.5 0.028125 0.03671875
0 0.16640625 0.51640625 0.03671875 0.07421875
0 0.365625 0.51875 0.03203125 0.05546875
0 0.5 0.5234375 0.03671875 0.06484375
0 0.82421875 0.5234375 0.03203125 0.05078125
0 0.4140625 0.5234375 0.028125 0.04140625
0 0.28046875 0.528125 0.03203125 0.05078125
0 0.60390625 0.534375 0.03671875 0.05546875
0 0.39140625 0.53671875 0.028125 0.04140625
0 0.07421875 0.5390625 0.03671875 0.04609375
0 0.215625 0.54375 0.03671875 0.06484375
0 0.85390625 0.54375 0.0234375 0.06015625
0 0.1203125 0.5484375 0.03203125 0.06953125
0 0.67578125 0.5484375 0.04140625 0.06484375
0 0.721875 0.55546875 0.03671875 0.06484375
0 0.55546875 0.5578125 0.04140625 0.06484375
0 0.41640625 0.56484375 0.03203125 0.05078125
0 0.86796875 0.57421875 0.03203125 0.04609375
0 0.321875 0.57421875 0.04140625 0.07890625
0 0.97890625 0.57421875 0.03203125 0.06484375
0 0.7640625 0.590625 0.05078125 0.07890625
0 0.0234375 0.6015625 0.04609375 0.08359375
0 0.96953125 0.60390625 0.04609375 0.05078125
0 0.64609375 0.60625 0.04140625 0.06484375
0 0.88671875 0.6109375 0.03203125 0.06484375
0 0.42578125 0.625 0.03203125 0.06953125
0 0.471875 0.63671875 0.04140625 0.07421875
0 0.2453125 0.6390625 0.06015625 0.096875
0 0.14140625 0.64140625 0.06953125 0.096875
0 0.90546875 0.6484375 0.03671875 0.096875
0 0.634375 0.65703125 0.06015625 0.04140625
0 0.79140625 0.65703125 0.05546875 0.09296875
0 0.06953125 0.69453125 0.06015625 0.096875
0 0.91875 0.71796875 0.04140625 0.10625
0 0.4375 0.721875 0.06015625 0.096875
0 0.95859375 0.73125 0.06015625 0.14375
0 0.634375 0.73359375 0.06015625 0.1015625
0 0.76171875 0.76875 0.06484375 0.1109375
0 0.3703125 0.784375 0.05546875 0.08828125
0 0.84453125 0.81015625 0.06953125 0.153125
0 0.48125 0.8171875 0.06484375 0.10625
0 0.58125 0.8359375 0.08828125 0.14375
0 0.23828125 0.840625 0.06484375 0.10625
0 0.31484375 0.865625 0.09296875 0.14375
0 0.1109375 0.93515625 0.1203125 0.1109375
0 0.3984375 0.96328125 0.1296875 0.06484375
0 0.75234375 0.96328125 0.14375 0.06484375
0 0.39609375 0.20859375 0.0140625 0.0234375
0 0.04609375 0.2109375 0.0140625 0.01875
0 0.06015625 0.2109375 0.009375 0.01875
0 0.3078125 0.21328125 0.0140625 0.028125
0 0.27578125 0.21328125 0.01875 0.0234375
0 0.29375 0.215625 0.0140625 0.0234375
0 0.21328125 0.21796875 0.01875 0.028125
0 0.409375 0.21953125 0.0140625 0.0234375
0 0.01640625 0.21953125 0.0140625 0.01875
0 0.24296875 0.21953125 0.0140625 0.028125
0 0.43515625 0.21953125 0.01875 0.028125
0 0.11796875 0.21953125 0.0140625 0.028125
0 0.15546875 0.21953125 0.01875 0.01875
0 0.67578125 0.22421875 0.0140625 0.0234375
0 0.94921875 0.22421875 0.0140625 0.028125
0 0.5671875 0.2265625 0.0140625 0.01875
0 0.7890625 0.22890625 0.0140625 0.01875
0 0.8265625 0.22890625 0.0140625 0.028125
0 0.696875 0.22890625 0.0140625 0.01875
0 0.77578125 0.23125 0.0140625 0.0234375
0 0.846875 0.23125 0.01875 0.028125
0 0.721875 0.23359375 0.01875 0.01875
0 0.7359375 0.23359375 0.0140625 0.0140625
0 0.64375 0.23828125 0.01875 0.0234375
0 0.90546875 0.240625 0.0140625 0.01875
0 0.54140625 0.240625 0.01875 0.0234375
0 0.88203125 0.2453125 0.01875 0.0234375