0 0.70859375 0.02109375 0.04609375 0.04140625
0 0.43984375 0.18984375 0.05078125 0.06015625
0 0.84921875 0.1921875 0.05078125 0.05078125
0 0.67109375 0.21328125 0.04609375 0.06015625
0 0.7890625 0.21328125 0.05078125 0.05078125
0 0.7984375 0.0234375 0.04140625 0.04609375
0 0.15546875 0.22890625 0.06953125 0.06484375
0 0.34453125 0.23359375 0.05078125 0.05546875
0 0.928125 0.02578125 0.05078125 0.05078125
0 0.96953125 0.24765625 0.06015625 0.04609375
0 0.23828125 0.24765625 0.06015625 0.06484375
0 0.40546875 0.2640625 0.05078125 0.06484375
0 0.57890625 0.26875 0.04609375 0.06015625
0 0.7265625 0.27109375 0.04609375 0.05078125
0 0.659375 0.27578125 0.04609375 0.05546875
0 0.028125 0.28671875 0.05546875 0.05078125
0 0.30078125 0.29609375 0.06484375 0.05546875
0 0.865625 0.29609375 0.06484375 0.05078125
0 0.0640625 0.03203125 0.065625 0.0640625
0 0.2265625 0.3265625 0.05078125 0.03671875
0 0.16640625 0.33125 0.06484375 0.04140625
0 0.4234375 0.33125 0.04140625 0.04609375
0 0.93515625 0.33828125 0.06484375 0.05546875
0 0.284375 0.34921875 0.06953125 0.04140625
0 0.34453125 0.35390625 0.06484375 0.04609375
0 0.7734375 0.35859375 0.06953125 0.04609375
0 0.54140625 0.3703125 0.05078125 0.05078125
0 0.6875 0.384375 0.06484375 0.04609375
0 0.59296875 0.39140625 0.03671875 0.04609375
0 0.846875 0.39375 0.06484375 0.05078125
0 0.134375 0.409375 0.05078125 0.05546875
0 0.26640625 0.42109375 0.05546875 0.05078125
0 0.20859375 0.44921875 0.05078125 0.06953125
0 0.0390625 0.46796875 0.06953125 0.05078125
0 0.95625 0.46796875 0.06015625 0.05078125
0 0.58125 0.47890625 0.04609375 0.06484375
0 0.76171875 0.48359375 0.05546875 0.04140625
0 0.653125 0.48359375 0.05078125 0.05078125
0 0.15703125 0.490625 0.05546875 0.06015625
0 0.22421875 0.5 0.05078125 0.05078125
0 0.2984375 0.5 0.06484375 0.05078125
0 0.71953125 0.50234375 0.04609375 0.04609375
0 0.84921875 0.5046875 0.07421875 0.05078125
0 0.97421875 0.51640625 0.05078125 0.05546875
0 0.53046875 0.53203125 0.04140625 0.05078125
0 0.65546875 0.54609375 0.06953125 0.05078125
0 0.6484375 0.05546875 0.04140625 0.05546875
0 0.40078125 0.05546875 0.04609375 0.05546875
0 0.13203125 0.5625 0.05546875 0.04140625
0 0.20390625 0.571875 0.04140625 0.04140625
0 0.83828125 0.571875 0.05078125 0.03671875
0 0.5 0.57890625 0.05078125 0.05546875
0 0.7359375 0.590625 0.05546875 0.05078125
0 0.990625 0.06015625 0.01875 0.05546875
0 0.2640625 0.59921875 0.04609375 0.028125
0 0.03046875 0.61328125 0.06015625 0.05078125
0 0.82421875 0.6296875 0.06484375 0.05078125
0 0.8984375 0.6296875 0.06484375 0.05546875
0 0.284375 0.63203125 0.06015625 0.04609375
0 0.45625 0.63671875 0.04609375 0.05546875
0 0.971875 0.64609375 0.05546875 0.06015625
0 0.3796875 0.65078125 0.05546875 0.04609375
0 0.715625 0.659375 0.06015625 0.05546875
0 0.471875 0.0671875 0.04609375 0.06015625
0 0.178125 0.67109375 0.04140625 0.03671875
0 0.59296875 0.6828125 0.05546875 0.05546875
0 0.55078125 0.06953125 0.04140625 0.06015625
0 0.096875 0.69453125 0.06484375 0.04140625
0 0.2890625 0.70625 0.05078125 0.04609375
0 0.43515625 0.715625 0.05546875 0.04609375
0 0.928125 0.71953125 0.05546875 0.05078125
0 0.75703125 0.72890625 0.06484375 0.06015625
0 0.5 0.73828125 0.04140625 0.05078125
0 0.221875 0.73828125 0.05078125 0.05078125
0 0.65703125 0.7453125 0.05546875 0.06015625
0 0.846875 0.76640625 0.06484375 0.05546875
0 0.35859375 0.7734375 0.04609375 0.06015625
0 0.115625 0.77578125 0.05078125 0.06015625
0 0.6015625 0.7984375 0.04609375 0.05078125
0 0.24765625 0.81484375 0.05078125 0.06015625
0 0.1640625 0.81953125 0.03671875 0.05078125
0 0.87734375 0.08359375 0.05546875 0.06015625
0 0.71328125 0.83359375 0.04609375 0.06484375
0 0.36796875 0.83828125 0.04609375 0.05078125
0 0.49765625 0.84453125 0.03671875 0.05078125
0 0.88671875 0.85390625 0.05078125 0.05546875
0 0.42578125 0.85859375 0.05078125 0.05546875
0 0.65078125 0.875 0.05078125 0.06015625
0 0.79140625 0.8890625 0.06484375 0.06484375
0 0.028125 0.89140625 0.05546875 0.05546875
0 0.2734375 0.89375 0.04609375 0.06015625
0 0.94921875 0.91171875 0.06015625 0.05078125
0 0.86328125 0.92109375 0.06484375 0.06015625
0 0.6015625 0.94453125 0.04140625 0.06015625
0 0.9609375 0.9609375 0.07421875 0.06015625
0 0.11328125 0.965625 0.05078125 0.06015625
0 0.46796875 0.971875 0.04609375 0.05078125
0 0.3796875 0.971875 0.04140625 0.05078125
0 0.240625 0.9765625 0.04609375 0.04609375
0 0.778125 0.98359375 0.04140625 0.03203125
0 0.70625 0.9859375 0.05078125 0.028125
0 0.5484375 0.01171875 0.03671875 0.0234375
0 0.75234375 0.1109375 0.04140625 0.06015625
0 0.17109375 0.11328125 0.05546875 0.06015625
0 0.23828125 0.1203125 0.05078125 0.06015625
0 0.03671875 0.1203125 0.05546875 0.05078125
0 0.971875 0.125 0.05078125 0.05546875
0 0.3703125 0.12734375 0.04140625 0.06015625
0 0.46796875 0.0140625 0.04140625 0.028125
0 0.553125 0.15078125 0.04609375 0.06484375
0 0.7015625 0.16640625 0.04140625 0.05546875
0 0.490625 0.16875 0.04609375 0.06015625
0 0.6203125 0.17578125 0.04609375 0.06953125
0 0.2984375 0.178125 0.04609375 0.05078125