0 0.5390625 0.30078125 0.01875 0.028125
0 0.59296875 0.30078125 0.01875 0.03203125
0 0.62734375 0.30546875 0.01875 0.03203125
0 0.57890625 0.3125 0.0234375 0.04609375
0 0.6109375 0.3125 0.01875 0.04140625
0 0.53203125 0.3125 0.01875 0.03203125
0 0.5578125 0.32421875 0.0234375 0.03671875
0 0.3609375 0.3359375 0.028125 0.04609375
0 0.4375 0.34453125 0.028125 0.04140625
0 0.67578125 0.34453125 0.03203125 0.04609375
0 0.34921875 0.3515625 0.0234375 0.03671875
0 0.50703125 0.35625 0.0234375 0.05078125
0 0.34296875 0.35859375 0.0234375 0.04140625
0 0.60390625 0.35859375 0.028125 0.04140625
0 0.41171875 0.36328125 0.028125 0.04609375
0 0.54609375 0.3703125 0.028125 0.05078125
0 0.5 0.37265625 0.01875 0.04609375
0 0.3171875 0.37265625 0.0234375 0.03203125
0 0.990625 0.375 0.01875 0.028125
0 0.39140625 0.37734375 0.028125 0.04609375
0 0.66171875 0.384375 0.028125 0.05078125
0 0.965625 0.38671875 0.0234375 0.03203125
0 0.471875 0.39140625 0.0234375 0.05078125
0 0.29140625 0.40078125 0.0234375 0.04609375
0 0.37734375 0.40078125 0.028125 0.04609375
0 0.65078125 0.40078125 0.028125 0.04609375
0 0.5765625 0.403125 0.028125 0.05078125
0 0.3125 0.40546875 0.028125 0.04609375
0 0.4421875 0.40546875 0.0234375 0.03203125
0 0.45625 0.40703125 0.0234375 0.05078125
0 0.990625 0.4140625 0.009375 0.03203125
0 0.84453125 0.41171875 0.0234375 0.0234375
0 0.02578125 0.4140625 0.0234375 0.03203125
0 0.05078125 0.41640625 0.0234375 0.03671875
0 0.13203125 0.41875 0.01875 0.028125
0 0.75703125 0.4234375 0.0234375 0.03671875
0 0.07421875 0.42578125 0.0234375 0.04140625
0 0.93984375 0.428125 0.01875 0.01875
0 0.10859375 0.428125 0.0234375 0.03671875
0 0.73828125 0.43046875 0.0140625 0.03203125
0 0.8359375 0.4328125 0.0140625 0.0234375
0 0.96328125 0.4375 0.01875 0.03203125
0 0.84921875 0.4375 0.0140625 0.0234375
0 0.99296875 0.4421875 0.0140625 0.028125
0 0.97890625 0.44453125 0.01875 0.028125
0 0.05078125 0.44921875 0.0234375 0.03671875
0 0.00703125 0.4515625 0.0140625 0.04140625
0 0.79140625 0.45625 0.01875 0.03671875
0 0.0390625 0.45625 0.01875 0.028125
0 0.02109375 0.45625 0.0234375 0.04140625
0 0.840625 0.4609375 0.0234375 0.0234375
0 0.9515625 0.46328125 0.01875 0.03203125
0 0.875 0.46953125 0.0140625 0.0234375
0 0.7734375 0.471875 0.028125 0.04140625
0 0.84453125 0.471875 0.01875 0.0234375
0 0.8609375 0.47421875 0.01875 0.03671875
0 0.98125 0.47421875 0.0234375 0.0234375
0 0.8125 0.4765625 0.0234375 0.04140625
0 0.89609375 0.48359375 0.0234375 0.04140625
0 0.93984375 0.4859375 0.01875 0.03671875
0 0.8359375 0.50234375 0.0234375 0.03671875
0 0.9234375 0.509375 0.01875 0.028125
0 0.528125 0.51875 0.04140625 0.05078125
0 0.69453125 0.528125 0.0234375 0.0234375
0 0.6015625 0.553125 0.0140625 0.0140625
0 0.9421875 0.5578125 0.028125 0.05078125
0 0.5234375 0.5578125 0.028125 0.04140625
0 0.92109375 0.56015625 0.0234375 0.0234375
0 0.490625 0.56015625 0.01875 0.028125
0 0.3359375 0.5625 0.028125 0.03203125
0 0.7109375 0.5625 0.028125 0.03203125
0 0.56484375 0.56484375 0.028125 0.028125
0 0.60859375 0.5671875 0.0234375 0.028125
0 0.35625 0.5671875 0.028125 0.04609375
0 0.471875 0.56953125 0.0234375 0.028125
0 0.40703125 0.571875 0.0234375 0.028125
0 0.2984375 0.57421875 0.0234375 0.03203125
0 0.1828125 0.57421875 0.0234375 0.03671875
0 0.625 0.57890625 0.0234375 0.01875
0 0.71953125 0.57890625 0.028125 0.04140625
0 0.9140625 0.58125 0.028125 0.03203125
0 0.12734375 0.58359375 0.028125 0.04140625
0 0.08125 0.5859375 0.028125 0.04140625
0 0.4609375 0.58828125 0.028125 0.04140625
0 0.37734375 0.58828125 0.03671875 0.05078125
0 0.4953125 0.59296875 0.03203125 0.03671875
0 0.509375 0.59453125 0.0234375 0.03671875
0 0.32421875 0.596875 0.028125 0.04140625
0 0.67109375 0.596875 0.03203125 0.04609375
0 0.26875 0.596875 0.0234375 0.04609375
0 0.29375 0.596875 0.0234375 0.03203125
0 0.16640625 0.59921875 0.028125 0.04609375
0 0.4140625 0.59921875 0.03203125 0.04609375
0 0.553125 0.59921875 0.0140625 0.028125
0 0.2453125 0.59921875 0.03203125 0.04140625
0 0.83359375 0.59921875 0.028125 0.05078125
0 0.9609375 0.6015625 0.03203125 0.04609375
0 0.53203125 0.6015625 0.028125 0.04140625
0 0.58828125 0.6015625 0.028125 0.04140625
0 0.0234375 0.60390625 0.028125 0.028125
0 0.7640625 0.6109375 0.03203125 0.05078125
0 0.1109375 0.61796875 0.03203125 0.05546875
0 0.62734375 0.61796875 0.03671875 0.04140625
0 0.91640625 0.62265625 0.03671875 0.05546875
0 0.79609375 0.625 0.03203125 0.05546875
0 0.971875 0.625 0.03203125 0.05078125
0 0.053125 0.625 0.03203125 0.05078125
0 0.57421875 0.62734375 0.03203125 0.04140625
0 0.49765625 0.62734375 0.03203125 0.04140625
0 0.98828125 0.634375 0.0140625 0.05546875
0 0.028125 0.634375 0.0234375 0.04140625
0 0.08828125 0.6390625 0.0234375 0.03671875
0 0.01171875 0.64375 0.0234375 0.04609375
0 0.071875 0.64609375 0.0140625 0.04140625
0 0.2546875 0.64609375 0.03671875 0.04609375
0 0.89609375 0.653125 0.03671875 0.05078125
0 0.33125 0.65703125 0.03671875 0.06484375
0 0.21796875 0.66875 0.03203125 0.04609375
0 0.67578125 0.68515625 0.028125 0.04140625
0 0.375 0.6875 0.04140625 0.06015625
0 0.715625 0.6921875 0.03203125 0.03203125
0 0.1296875 0.696875 0.028125 0.05078125
0 0.75234375 0.70859375 0.04140625 0.06015625
0 0.66171875 0.70859375 0.03671875 0.04140625
0 0.9375 0.71328125 0.03671875 0.03671875
0 0.15078125 0.715625 0.028125 0.05546875
0 0.571875 0.71796875 0.03671875 0.04609375
0 0.84453125 0.71953125 0.04140625 0.05546875
0 0.9765625 0.71953125 0.03203125 0.04609375
0 0.70625 0.72421875 0.03203125 0.05078125
0 0.21953125 0.7453125 0.03203125 0.05078125
0 0.509375 0.7453125 0.05078125 0.06484375
0 0.83828125 0.76171875 0.03671875 0.05546875
0 0.6203125 0.7640625 0.06484375 0.08828125
0 0.9421875 0.76640625 0.04609375 0.06484375
0 0.8078125 0.78671875 0.04609375 0.05078125
0 0.78046875 0.8125 0.0234375 0.03671875
0 0.9859375 0.82421875 0.028125 0.03203125
0 0.1015625 0.8359375 0.04140625 0.04609375
0 0.034375 0.85078125 0.06875 0.0921875
0 0.1203125 0.85625 0.028125 0.028125
0 0.5578125 0.8609375 0.04140625 0.05078125
0 0.0859375 0.865625 0.0234375 0.03203125
0 0.11328125 0.87734375 0.05078125 0.028125
0 0.846875 0.8796875 0.03671875 0.028125