0 0.5140625 0.14375 0.01875 0.03203125
0 0.784375 0.14375 0.028125 0.04140625
0 0.1296875 0.14609375 0.028125 0.028125
0 0.35390625 0.1484375 0.01875 0.03671875
0 0.29140625 0.1484375 0.0234375 0.03203125
0 0.68515625 0.1484375 0.0234375 0.03671875
0 0.25234375 0.153125 0.0234375 0.03203125
0 0.5859375 0.153125 0.0234375 0.03203125
0 0.15703125 0.15546875 0.028125 0.03671875
0 0.840625 0.159375 0.028125 0.04140625
0 0.20625 0.16640625 0.0234375 0.04140625
0 0.5625 0.16875 0.01875 0.0234375
0 0.89140625 0.17109375 0.028125 0.04140625
0 0.75 0.17109375 0.028125 0.05546875
0 0.37265625 0.1734375 0.0234375 0.03671875
0 0.3265625 0.17578125 0.028125 0.03671875
0 0.62265625 0.17578125 0.028125 0.04609375
0 0.1203125 0.178125 0.01875 0.03203125
0 0.278125 0.1828125 0.0234375 0.0234375
0 0.53046875 0.1828125 0.028125 0.04140625
0 0.69921875 0.1828125 0.028125 0.04140625
0 0.65546875 0.1828125 0.0234375 0.03203125
0 0.45859375 0.1875 0.0234375 0.04609375
0 0.06953125 0.1875 0.01875 0.04140625
0 0.73125 0.1875 0.028125 0.03671875
0 0.79375 0.1921875 0.028125 0.04140625
0 0.40546875 0.2015625 0.03203125 0.04609375
0 0.84921875 0.20390625 0.028125 0.04140625
0 0.92109375 0.20859375 0.0234375 0.04140625
0 0.1640625 0.2109375 0.01875 0.028125
0 0.48828125 0.2109375 0.028125 0.04609375
0 0.22890625 0.215625 0.0234375 0.04140625
0 0.8171875 0.21796875 0.028125 0.04609375
0 0.63203125 0.2265625 0.028125 0.04140625
0 0.27578125 0.22890625 0.028125 0.04609375
0 0.33828125 0.22890625 0.028125 0.04140625
0 0.534375 0.23359375 0.03203125 0.05078125
0 0.42578125 0.23828125 0.03203125 0.05078125
0 0.759375 0.240625 0.03203125 0.05078125
0 0.590625 0.2453125 0.028125 0.03671875
0 0.09921875 0.25 0.028125 0.04609375
0 0.87734375 0.25 0.028125 0.04140625
0 0.1640625 0.26171875 0.028125 0.03203125
0 0.659375 0.27109375 0.03203125 0.05078125
0 0.4859375 0.2734375 0.03671875 0.06015625
0 0.2265625 0.2734375 0.03671875 0.04140625
0 0.79609375 0.278125 0.03203125 0.05546875
0 0.30078125 0.28046875 0.03203125 0.04609375
0 0.93046875 0.28046875 0.03203125 0.05078125
0 0.715625 0.28203125 0.03671875 0.06484375
0 0.5625 0.29140625 0.03203125 0.06015625
0 0.36796875 0.29375 0.028125 0.05078125
0 0.44921875 0.29609375 0.03203125 0.05078125
0 0.06015625 0.2984375 0.03671875 0.05078125
0 0.13203125 0.31484375 0.03203125 0.05078125
0 0.884375 0.3171875 0.03203125 0.05078125
0 0.76171875 0.32421875 0.03671875 0.05078125
0 0.60390625 0.33359375 0.03203125 0.05078125
0 0.8265625 0.3359375 0.03671875 0.06015625
0 0.409375 0.346875 0.03671875 0.07421875
0 0.528125 0.35390625 0.03671875 0.06015625
0 0.20859375 0.35859375 0.03203125 0.05546875
0 0.0859375 0.36796875 0.03671875 0.05078125
0 0.32421875 0.3703125 0.04140625 0.06484375
0 0.928125 0.37265625 0.03671875 0.05546875
0 0.6640625 0.37734375 0.03671875 0.06953125
0 0.25703125 0.39140625 0.04140625 0.06484375
0 0.46796875 0.39375 0.04609375 0.06484375
0 0.73359375 0.40078125 0.03671875 0.05546875
0 0.8796875 0.4234375 0.04140625 0.06015625
0 0.36796875 0.4328125 0.04140625 0.06484375
0 0.7890625 0.4328125 0.03671875 0.06015625
0 0.15078125 0.4328125 0.03671875 0.07421875
0 0.571875 0.44921875 0.04140625 0.06015625
0 0.30078125 0.11796875 0.0234375 0.03203125
0 0.41875 0.12265625 0.0234375 0.03203125
0 0.33125 0.12265625 0.01875 0.028125
0 0.26640625 0.12265625 0.0234375 0.03203125
0 0.178125 0.125 0.01875 0.03203125
0 0.48359375 0.125 0.0234375 0.03671875
0 0.5625 0.12734375 0.01875 0.028125
0 0.61328125 0.1296875 0.01875 0.028125
0 0.3890625 0.1296875 0.028125 0.03203125
0 0.221875 0.1296875 0.01875 0.028125
0 0.81484375 0.13203125 0.028125 0.03203125
0 0.44453125 0.13671875 0.0234375 0.03203125
0 0.865625 0.13671875 0.028125 0.04140625
0 0.6484375 0.13671875 0.0234375 0.03203125
0 0.72421875 0.1390625 0.028125 0.04140625
0 0.09296875 0.14140625 0.0234375 0.03203125