0 0.42578125 0.10625 0.0140625 0.0234375
0 0.8609375 0.10859375 0.0140625 0.0140625
0 0.73125 0.10859375 0.0140625 0.0234375
0 0.6875 0.10859375 0.01875 0.01875
0 0.62265625 0.10859375 0.01875 0.0234375
0 0.74765625 0.10859375 0.009375 0.01875
0 0.45390625 0.1109375 0.01875 0.0234375
0 0.46953125 0.1109375 0.0140625 0.0234375
0 0.5484375 0.1109375 0.01875 0.0234375
0 0.79609375 0.1109375 0.01875 0.0234375
0 0.7640625 0.11328125 0.0140625 0.03203125
0 0.31484375 0.115625 0.01875 0.03203125
0 0.659375 0.115625 0.0234375 0.0234375
0 0.34453125 0.1203125 0.01875 0.01875
0 0.5046875 0.12265625 0.01875 0.0234375
0 0.73828125 0.125 0.0140625 0.009375
0 0.64609375 0.12734375 0.01875 0.0234375
0 0.534375 0.1296875 0.01875 0.03203125
0 0.63203125 0.1296875 0.0234375 0.0234375
0 0.72421875 0.13203125 0.0234375 0.028125
0 0.81484375 0.13203125 0.0234375 0.01875
0 0.4234375 0.13203125 0.0140625 0.03203125
0 0.8609375 0.134375 0.01875 0.04140625
0 0.60859375 0.134375 0.01875 0.028125
0 0.67109375 0.13671875 0.01875 0.03203125
0 0.3125 0.14375 0.01875 0.0234375
0 0.38203125 0.14609375 0.0140625 0.03203125
0 0.65703125 0.1484375 0.01875 0.028125
0 0.40703125 0.15078125 0.0234375 0.03203125
0 0.75 0.15078125 0.0234375 0.028125
0 0.4609375 0.153125 0.01875 0.0234375
0 0.490625 0.153125 0.01875 0.028125
0 0.509375 0.153125 0.01875 0.03203125
0 0.17109375 0.153125 0.03203125 0.03671875
0 0.4375 0.15546875 0.0234375 0.03203125
0 0.5625 0.159375 0.0234375 0.03203125
0 0.346875 0.16171875 0.0234375 0.03203125
0 0.8125 0.16640625 0.028125 0.03671875
0 0.6296875 0.16875 0.028125 0.03203125
0 0.27109375 0.16875 0.0234375 0.0234375
0 0.68984375 0.17109375 0.01875 0.028125
0 0.7109375 0.1734375 0.01875 0.03203125
0 0.2984375 0.18046875 0.0234375 0.03203125
0 0.45625 0.18515625 0.0234375 0.03671875
0 0.2546875 0.1875 0.03671875 0.028125
0 0.32421875 0.19453125 0.028125 0.04609375
0 0.41171875 0.196875 0.028125 0.03203125
0 0.66640625 0.19921875 0.01875 0.03203125
0 0.615625 0.2015625 0.028125 0.03671875
0 0.596875 0.2015625 0.0234375 0.03203125
0 0.01171875 0.20390625 0.0234375 0.06484375
0 0.37265625 0.20625 0.03203125 0.04609375
0 0.5765625 0.20859375 0.01875 0.01875
0 0.77109375 0.21953125 0.028125 0.04140625
0 0.50703125 0.21953125 0.0234375 0.04140625
0 0.7015625 0.221875 0.028125 0.05078125
0 0.134375 0.22890625 0.01875 0.01875
0 0.259375 0.23359375 0.03203125 0.06953125
0 0.53203125 0.24296875 0.028125 0.04609375
0 0.446875 0.24296875 0.03203125 0.05078125
0 0.10625 0.2453125 0.03203125 0.04609375
0 0.303125 0.2453125 0.03203125 0.0234375
0 0.62734375 0.2640625 0.03203125 0.05546875
0 0.14609375 0.26640625 0.0234375 0.03671875
0 0.58125 0.27109375 0.03203125 0.05078125
0 0.84296875 0.27578125 0.03671875 0.07421875
0 0.375 0.28671875 0.03671875 0.05078125
0 0.29609375 0.2890625 0.03203125 0.04609375
0 0.50234375 0.30078125 0.04140625 0.06015625
0 0.1875 0.303125 0.03203125 0.07890625
0 0.115625 0.3171875 0.03203125 0.05546875
0 0.16171875 0.3359375 0.03671875 0.05546875
0 0.803125 0.3703125 0.03671875 0.06015625
0 0.2984375 0.44453125 0.06484375 0.08359375
0 0.73125 0.4765625 0.06015625 0.08359375
0 0.09453125 0.48359375 0.06015625 0.08359375
0 0.5390625 0.5 0.04609375 0.06484375
0 0.57421875 0.096875 0.0140625 0.01875
0 0.67578125 0.096875 0.01875 0.0140625
0 0.71328125 0.09921875 0.01875 0.01875
0 0.50703125 0.1015625 0.0140625 0.0140625
0 0.56484375 0.10390625 0.01875 0.0234375
0 0.7015625 0.10390625 0.0140625 0.028125
0 0.60859375 0.10390625 0.0140625 0.01875