0 0.09296875 0.33828125 0.04140625 0.05078125
0 0.02109375 0.34453125 0.03671875 0.05546875
0 0.7546875 0.3515625 0.04140625 0.05546875
0 0.63203125 0.35390625 0.04609375 0.06015625
0 0.85625 0.35390625 0.04140625 0.06953125
0 0.27109375 0.365625 0.05078125 0.05078125
0 0.71796875 0.365625 0.04609375 0.05078125
0 0.15546875 0.38203125 0.04140625 0.06953125
0 0.36796875 0.384375 0.04609375 0.05078125
0 0.1015625 0.04140625 0.04140625 0.06015625
0 0.60859375 0.40078125 0.04609375 0.05546875
0 0.45625 0.403125 0.05078125 0.06953125
0 0.09453125 0.403125 0.05546875 0.07421875
0 0.91171875 0.40546875 0.03671875 0.06953125
0 0.52109375 0.4140625 0.05546875 0.06015625
0 0.9859375 0.41640625 0.028125 0.07421875
0 0.971875 0.04375 0.03203125 0.06015625
0 0.196875 0.4328125 0.05546875 0.07890625
0 0.95625 0.4375 0.04140625 0.06015625
0 0.759375 0.4375 0.04609375 0.06953125
0 0.278125 0.44453125 0.05078125 0.07421875
0 0.88203125 0.44453125 0.05078125 0.07421875
0 0.3515625 0.446875 0.03671875 0.06953125
0 0.615625 0.4609375 0.04140625 0.06953125
0 0.83125 0.4609375 0.04609375 0.07890625
0 0.5390625 0.46328125 0.05546875 0.06953125
0 0.16171875 0.0484375 0.028125 0.05546875
0 0.2546875 0.5390625 0.05078125 0.04609375
0 0.178125 0.55546875 0.04140625 0.07421875
0 0.24296875 0.05546875 0.03671875 0.05546875
0 0.740625 0.05546875 0.03671875 0.05546875
0 0.278125 0.59296875 0.05546875 0.07421875
0 0.97421875 0.63203125 0.04609375 0.06953125
0 0.3609375 0.6390625 0.05078125 0.07421875
0 0.07890625 0.65546875 0.04609375 0.06484375
0 0.39609375 0.65703125 0.04140625 0.05546875
0 0.20390625 0.659375 0.06484375 0.07421875
0 0.82421875 0.0671875 0.03203125 0.05078125
0 0.028125 0.66640625 0.05546875 0.08359375
0 0.11796875 0.71796875 0.05546875 0.08828125
0 0.65078125 0.721875 0.05078125 0.08828125
0 0.43515625 0.721875 0.04609375 0.07421875
0 0.48828125 0.721875 0.05546875 0.08828125
0 0.3796875 0.73125 0.05546875 0.08359375
0 0.36796875 0.07421875 0.03671875 0.05546875
0 0.26640625 0.07421875 0.0234375 0.03671875
0 0.31953125 0.74296875 0.05546875 0.08359375
0 0.5484375 0.74296875 0.04609375 0.08359375
0 0.2015625 0.0765625 0.03671875 0.04609375
0 0.92578125 0.07890625 0.03203125 0.04609375
0 0.8984375 0.76875 0.05078125 0.05546875
0 0.88203125 0.08125 0.03671875 0.05546875
0 0.96953125 0.8171875 0.05546875 0.06953125
0 0.76640625 0.821875 0.06015625 0.096875
0 0.8984375 0.8359375 0.04609375 0.06953125
0 0.8515625 0.0859375 0.04609375 0.05078125
0 0.9859375 0.08828125 0.028125 0.06484375
0 0.3078125 0.08828125 0.03671875 0.06484375
0 0.02109375 0.88203125 0.04140625 0.08359375
0 0.1484375 0.090625 0.03203125 0.05078125
0 0.034375 0.096875 0.03203125 0.04609375
0 0.1828125 0.115625 0.03671875 0.05546875
0 0.64375 0.11796875 0.03671875 0.04140625
0 0.76640625 0.1203125 0.03203125 0.05078125
0 0.553125 0.12265625 0.028125 0.05078125
0 0.34453125 0.12734375 0.04140625 0.05546875
0 0.41875 0.1296875 0.028125 0.04609375
0 0.28046875 0.13203125 0.03671875 0.04609375
0 0.2109375 0.134375 0.03671875 0.05078125
0 0.4515625 0.1484375 0.03203125 0.04609375
0 0.58125 0.15078125 0.03203125 0.05546875
0 0.40703125 0.153125 0.03671875 0.04609375
0 0.51640625 0.153125 0.028125 0.04609375
0 0.68984375 0.153125 0.03203125 0.04609375
0 0.2453125 0.15546875 0.03671875 0.03671875
0 0.11328125 0.15703125 0.04140625 0.06953125
0 0.884375 0.159375 0.04140625 0.07421875
0 0.05078125 0.01875 0.01875 0.03671875
0 0.346875 0.18046875 0.03203125 0.03671875
0 0.60625 0.18515625 0.04609375 0.06484375
0 0.82890625 0.18984375 0.03671875 0.06015625
0 0.04609375 0.196875 0.028125 0.06015625
0 0.13671875 0.19921875 0.03671875 0.05546875
0 0.78046875 0.02109375 0.03671875 0.04140625
0 0.08125 0.02109375 0.03203125 0.04140625
0 0.02109375 0.02109375 0.028125 0.03671875
0 0.28203125 0.20390625 0.03671875 0.06015625
0 0.52578125 0.20390625 0.04140625 0.04609375
0 0.4515625 0.20625 0.04140625 0.04609375
0 0.24765625 0.221875 0.04140625 0.07421875
0 0.25234375 0.0234375 0.03203125 0.04140625
0 0.696875 0.23828125 0.03203125 0.06484375
0 0.33359375 0.2453125 0.04140625 0.07890625
0 0.62734375 0.2546875 0.03671875 0.04609375
0 0.44453125 0.25703125 0.04140625 0.06953125
0 0.384375 0.26171875 0.04609375 0.06484375
0 0.8265625 0.2640625 0.05078125 0.06484375
0 0.17578125 0.028125 0.03671875 0.05546875
0 0.98828125 0.03046875 0.0234375 0.04609375
0 0.134375 0.028125 0.03203125 0.05546875
0 0.7265625 0.278125 0.03671875 0.05078125
0 0.909375 0.03046875 0.03671875 0.06015625
0 0.89609375 0.30078125 0.03671875 0.05078125
0 0.23828125 0.30546875 0.05078125 0.06953125
0 0.784375 0.30546875 0.03671875 0.05078125
0 0.95390625 0.3125 0.04609375 0.06484375
0 0.6734375 0.3171875 0.03671875 0.06953125
0 0.490625 0.31953125 0.05078125 0.06015625
0 0.0625 0.3265625 0.03671875 0.06015625
0 0.91640625 0.33125 0.04140625 0.05078125