0 0.22890625 0.14375 0.0046875 0.0046875
0 0.153125 0.153125 0.0046875 0.0046875
0 0.159375 0.153125 0.0046875 0.0046875
0 0.1921875 0.153125 0.0046875 0.0046875
0 0.33828125 0.153125 0.0046875 0.0046875
0 0.1734375 0.15546875 0.0046875 0.0046875
0 0.2453125 0.15546875 0.009375 0.0046875
0 0.32421875 0.15703125 0.0140625 0.0046875
0 0.18515625 0.15703125 0.0046875 0.0046875
0 0.2265625 0.15703125 0.0046875 0.0140625
0 0.20390625 0.159375 0.0140625 0.0046875
0 0.346875 0.159375 0.009375 0.0046875
0 0.1484375 0.159375 0.0046875 0.0046875
0 0.2109375 0.159375 0.0046875 0.0046875
0 0.1640625 0.159375 0.0046875 0.0046875
0 0.17578125 0.16171875 0.0046875 0.0046875
0 0.303125 0.16171875 0.009375 0.0140625
0 0.13671875 0.16171875 0.009375 0.009375
0 0.39375 0.16171875 0.0046875 0.009375
0 0.31953125 0.1640625 0.0046875 0.0140625
0 0.19453125 0.16640625 0.009375 0.0046875
0 0.23359375 0.16875 0.0046875 0.0140625
0 0.33359375 0.16875 0.009375 0.009375
0 0.215625 0.17109375 0.009375 0.0046875
0 0.18046875 0.1734375 0.009375 0.0046875
0 0.384375 0.1734375 0.009375 0.0046875
0 0.3125 0.1734375 0.009375 0.009375
0 0.196875 0.17578125 0.0046875 0.009375
0 0.22421875 0.17578125 0.0046875 0.01875
0 0.34296875 0.17578125 0.0046875 0.009375
0 0.25234375 0.178125 0.009375 0.0140625
0 0.34921875 0.178125 0.009375 0.0046875
0 0.28203125 0.18046875 0.0046875 0.009375
0 0.47421875 0.18046875 0.0140625 0.009375
0 0.5140625 0.18046875 0.009375 0.0140625
0 0.50234375 0.1828125 0.0046875 0.009375
0 0.365625 0.18515625 0.009375 0.009375
0 0.49765625 0.1875 0.009375 0.0140625
0 0.75 0.1875 0.0140625 0.01875
0 0.2640625 0.18984375 0.0140625 0.0140625
0 0.20625 0.18984375 0.0140625 0.01875
0 0.21796875 0.18984375 0.0046875 0.0140625
0 0.42578125 0.18984375 0.009375 0.0140625
0 0.56484375 0.18984375 0.0046875 0.0140625
0 0.32890625 0.1921875 0.009375 0.0140625
0 0.40078125 0.19453125 0.0140625 0.0140625
0 0.47421875 0.19453125 0.0140625 0.0140625
0 0.2453125 0.19453125 0.0140625 0.0140625
0 0.5484375 0.19453125 0.009375 0.01875
0 0.35625 0.196875 0.009375 0.0046875
0 0.29609375 0.2015625 0.0140625 0.0140625
0 0.34921875 0.20390625 0.009375 0.0140625
0 0.23828125 0.20625 0.0140625 0.009375
0 0.490625 0.20859375 0.0140625 0.01875
0 0.4609375 0.2109375 0.01875 0.01875
0 0.221875 0.2109375 0.009375 0.0140625
0 0.18984375 0.2109375 0.0140625 0.01875
0 0.36328125 0.21328125 0.0140625 0.01875
0 0.2015625 0.215625 0.0140625 0.0140625
0 0.3703125 0.21796875 0.0046875 0.0140625
0 0.2359375 0.221875 0.0140625 0.01875
0 0.3890625 0.22421875 0.0140625 0.0140625
0 0.43046875 0.22421875 0.0140625 0.01875
0 0.4515625 0.2265625 0.01875 0.01875
0 0.321875 0.23125 0.0140625 0.0234375
0 0.17578125 0.23125 0.0140625 0.0234375
0 0.071875 0.23359375 0.01875 0.0234375
0 0.8359375 0.2359375 0.0234375 0.04140625
0 0.16171875 0.2359375 0.01875 0.0234375
0 0.340625 0.23828125 0.0140625 0.01875
0 0.23125 0.240625 0.0140625 0.0234375
0 0.5859375 0.24296875 0.0140625 0.01875
0 0.240625 0.24296875 0.0046875 0.0234375
0 0.8609375 0.24765625 0.01875 0.03203125
0 0.27578125 0.24765625 0.0140625 0.0234375
0 0.39609375 0.25 0.0140625 0.01875
0 0.52578125 0.2546875 0.028125 0.03203125
0 0.384375 0.259375 0.01875 0.03203125
0 0.56484375 0.26171875 0.0234375 0.028125
0 0.14609375 0.26171875 0.0140625 0.0234375
0 0.3171875 0.2640625 0.0234375 0.028125
0 0.59296875 0.26875 0.0234375 0.028125
0 0.55078125 0.27109375 0.01875 0.0234375
0 0.25703125 0.27578125 0.0234375 0.028125
0 0.63671875 0.27578125 0.01875 0.028125
0 0.3359375 0.28203125 0.0234375 0.0234375
0 0.615625 0.28203125 0.01875 0.028125
0 0.0625 0.28671875 0.028125 0.03203125
0 0.44453125 0.2890625 0.01875 0.03671875
0 0.17109375 0.2890625 0.0234375 0.03671875
0 0.0390625 0.29375 0.0234375 0.0234375
0 0.409375 0.29375 0.0234375 0.028125
0 0.01875 0.29609375 0.01875 0.03203125
0 0.3984375 0.29609375 0.0140625 0.03203125
0 0.56953125 0.30078125 0.028125 0.03671875
0 0.46328125 0.303125 0.0234375 0.03671875
0 0.4859375 0.30546875 0.0234375 0.03203125
0 0.70859375 0.31015625 0.03203125 0.04609375
0 0.875 0.3125 0.0234375 0.03671875
0 0.53203125 0.3125 0.028125 0.0234375
0 0.2265625 0.31484375 0.01875 0.03671875
0 0.25703125 0.31953125 0.0234375 0.03671875
0 0.31015625 0.32421875 0.0234375 0.03203125
0 0.3265625 0.32421875 0.01875 0.03203125
0 0.1875 0.3359375 0.03203125 0.05078125
0 0.54609375 0.3359375 0.0234375 0.03671875
0 0.1109375 0.346875 0.0234375 0.03671875
0 0.50703125 0.34921875 0.03671875 0.05078125
0 0.159375 0.35390625 0.0234375 0.028125
0 0.36328125 0.35625 0.03671875 0.05546875
0 0.903125 0.35625 0.04609375 0.06484375
0 0.30078125 0.37265625 0.04609375 0.06484375
0 0.78671875 0.375 0.05078125 0.06953125
0 0.4234375 0.38671875 0.028125 0.05078125
0 0.490625 0.39609375 0.028125 0.05078125
0 0.40078125 0.39609375 0.03203125 0.06484375
0 0.57890625 0.3984375 0.0234375 0.05546875
0 0.5390625 0.40078125 0.03671875 0.06953125
0 0.721875 0.403125 0.0234375 0.04140625
0 0.75703125 0.41171875 0.028125 0.05078125
0 0.05078125 0.4234375 0.04140625 0.07890625
0 0.46328125 0.4234375 0.04609375 0.08359375
0 0.22890625 0.43515625 0.04140625 0.05078125
0 0.98359375 0.4375 0.0234375 0.096875
0 0.625 0.43984375 0.05078125 0.07421875
0 0.215625 0.4515625 0.03671875 0.04140625
0 0.90703125 0.45390625 0.028125 0.06015625
0 0.94921875 0.45390625 0.05546875 0.125
0 0.39609375 0.47421875 0.03671875 0.06015625
0 0.69921875 0.47890625 0.03671875 0.05546875
0 0.784375 0.48359375 0.05078125 0.08828125
0 0.18515625 0.4859375 0.05078125 0.07421875
0 0.64140625 0.52578125 0.04609375 0.096875