0 0.44453125 0.15703125 0.03671875 0.05078125
0 0.31015625 0.16171875 0.04609375 0.06015625
0 0.48125 0.16171875 0.05078125 0.08359375
0 0.68515625 0.16171875 0.06484375 0.09296875
0 0.8171875 0.17109375 0.03671875 0.096875
0 0.3796875 0.19453125 0.03203125 0.05546875
0 0.4234375 0.20625 0.04140625 0.06953125
0 0.91171875 0.21953125 0.10625 0.10625
0 0.5671875 0.22421875 0.05078125 0.06953125
0 0.23828125 0.340625 0.08828125 0.096875
0 0.65078125 0.340625 0.04609375 0.096875
0 0.90703125 0.34921875 0.096875 0.1484375
0 0.28671875 0.44453125 0.115625 0.1109375
0 0.66875 0.0625 0.03671875 0.04609375
0 0.35390625 0.63203125 0.17109375 0.20390625
0 0.56015625 0.0671875 0.028125 0.04609375
0 0.70390625 0.84453125 0.153125 0.221875
0 0.4375 0.09921875 0.03671875 0.05546875
0 0.58828125 0.14609375 0.03671875 0.07421875