0 0.89375 0.159375 0.0234375 0.03203125
0 0.94921875 0.18515625 0.0234375 0.01875
0 0.990625 0.19453125 0.01875 0.0140625
0 0.659375 0.196875 0.0140625 0.01875
0 0.23828125 0.19921875 0.0140625 0.028125
0 0.53046875 0.2015625 0.028125 0.04609375
0 0.3515625 0.2015625 0.009375 0.0140625
0 0.696875 0.20625 0.028125 0.04140625
0 0.465625 0.20859375 0.01875 0.03671875
0 0.215625 0.2109375 0.0140625 0.03203125
0 0.2734375 0.21796875 0.0234375 0.03203125
0 0.96953125 0.221875 0.028125 0.04609375
0 0.42109375 0.221875 0.01875 0.01875
0 0.5765625 0.22421875 0.01875 0.03203125
0 0.8359375 0.22421875 0.03203125 0.06484375
0 0.9140625 0.22421875 0.01875 0.028125
0 0.990625 0.2265625 0.009375 0.03671875
0 0.55546875 0.2265625 0.01875 0.03203125
0 0.125 0.2265625 0.01875 0.03203125
0 0.07890625 0.22890625 0.0234375 0.0140625
0 0.33359375 0.22890625 0.01875 0.0140625
0 0.30546875 0.22890625 0.01875 0.0234375
0 0.178125 0.23125 0.01875 0.0234375
0 0.1015625 0.23359375 0.0140625 0.0234375
0 0.6109375 0.2359375 0.0140625 0.04140625
0 0.35625 0.23828125 0.0140625 0.0140625
0 0.02578125 0.240625 0.01875 0.028125
0 0.70859375 0.240625 0.028125 0.01875
0 0.00703125 0.24296875 0.0140625 0.0234375
0 0.759375 0.24296875 0.028125 0.04609375
0 0.86796875 0.2453125 0.0234375 0.05546875
0 0.79375 0.2453125 0.03203125 0.05078125
0 0.04375 0.24765625 0.01875 0.0234375
0 0.67578125 0.24765625 0.03203125 0.03203125
0 0.63671875 0.25 0.03203125 0.05078125
0 0.528125 0.25 0.028125 0.04609375
0 0.4234375 0.25234375 0.0234375 0.0234375
0 0.16171875 0.2546875 0.04609375 0.03203125
0 0.89375 0.26171875 0.028125 0.04609375
0 0.196875 0.26171875 0.01875 0.04140625
0 0.71953125 0.26171875 0.03671875 0.0234375
0 0.0765625 0.2640625 0.01875 0.03671875
0 0.36796875 0.26640625 0.01875 0.04140625
0 0.5578125 0.26640625 0.01875 0.0234375
0 0.3984375 0.26640625 0.03203125 0.028125
0 0.0625 0.2734375 0.0234375 0.01875
0 0.9140625 0.278125 0.0234375 0.0234375
0 0.009375 0.28046875 0.01875 0.03203125
0 0.1015625 0.28203125 0.01875 0.03671875
0 0.48359375 0.28203125 0.03203125 0.05078125
0 0.71328125 0.29140625 0.028125 0.05546875
0 0.56953125 0.29140625 0.0140625 0.0234375
0 0.278125 0.29375 0.04609375 0.06484375
0 0.340625 0.29375 0.03671875 0.05546875
0 0.61796875 0.29609375 0.0234375 0.05078125
0 0.82421875 0.30546875 0.04140625 0.03671875
0 0.159375 0.3125 0.03203125 0.06484375
0 0.3890625 0.31484375 0.01875 0.05078125
0 0.66875 0.33125 0.04140625 0.07890625
0 0.009375 0.33125 0.01875 0.06484375
0 0.21328125 0.3359375 0.03671875 0.06953125
0 0.446875 0.33828125 0.03203125 0.05546875
0 0.77578125 0.34296875 0.028125 0.028125
0 0.03046875 0.34296875 0.0234375 0.028125
0 0.4859375 0.34453125 0.03203125 0.04609375
0 0.54609375 0.34921875 0.028125 0.06953125
0 0.25 0.3609375 0.03671875 0.07890625
0 0.1296875 0.3609375 0.05546875 0.04140625
0 0.90703125 0.36796875 0.01875 0.04609375
0 0.615625 0.3796875 0.028125 0.0234375
0 0.85390625 0.384375 0.04140625 0.05546875
0 0.75703125 0.38671875 0.028125 0.04609375
0 0.35859375 0.38671875 0.04140625 0.05078125
0 0.3171875 0.39140625 0.03671875 0.06015625
0 0.0625 0.39375 0.0234375 0.05546875
0 0.490625 0.39609375 0.01875 0.04140625
0 0.1921875 0.40546875 0.03671875 0.05078125
0 0.34453125 0.41171875 0.0140625 0.0234375
0 0.034375 0.42109375 0.05078125 0.08359375
0 0.990625 0.4234375 0.01875 0.06484375
0 0.70625 0.4234375 0.05546875 0.08828125
0 0.153125 0.428125 0.03203125 0.04609375
0 0.96953125 0.4421875 0.028125 0.05546875
0 0.46796875 0.4515625 0.05078125 0.096875
0 0.8515625 0.45859375 0.0234375 0.1015625
0 0.1875 0.46796875 0.03203125 0.05078125
0 0.32890625 0.46953125 0.03671875 0.07421875
0 0.25234375 0.47421875 0.03203125 0.04609375
0 0.87734375 0.48125 0.03671875 0.08828125
0 0.11796875 0.48125 0.04609375 0.07421875
0 0.8171875 0.49765625 0.07890625 0.16640625
0 0.56015625 0.49765625 0.05546875 0.1203125
0 0.990625 0.51640625 0.01875 0.08359375
0 0.81015625 0.54375 0.08828125 0.1484375
0 0.66640625 0.55078125 0.06015625 0.09296875
0 0.38671875 0.5578125 0.05078125 0.07890625
0 0.22421875 0.5671875 0.06953125 0.08359375
0 0.03046875 0.5671875 0.06015625 0.08828125
0 0.96796875 0.678125 0.05546875 0.096875
0 0.32890625 0.72890625 0.06015625 0.1203125
0 0.55546875 0.74296875 0.05078125 0.1109375
0 0.1015625 0.7546875 0.06015625 0.1203125
0 0.4859375 0.7734375 0.06484375 0.125
0 0.0390625 0.78203125 0.04609375 0.08359375
0 0.01875 0.81953125 0.03671875 0.1390625
0 0.18515625 0.81953125 0.05078125 0.09296875
0 0.20859375 0.875 0.096875 0.0234375
0 0.659375 0.8796875 0.05546875 0.05546875
0 0.490625 0.884375 0.08359375 0.04609375