0 0.09453125 0.10859375 0.03203125 0.03671875
0 0.73828125 0.11796875 0.03203125 0.04140625
0 0.29140625 0.1203125 0.04140625 0.05078125
0 0.49296875 0.125 0.03671875 0.06484375
0 0.98359375 0.01640625 0.0234375 0.03203125
0 0.134375 0.12734375 0.03203125 0.04609375
0 0.33125 0.1296875 0.03671875 0.05546875
0 0.3703125 0.14140625 0.03671875 0.04140625
0 0.92578125 0.14375 0.05546875 0.07421875
0 0.0859375 0.1484375 0.03671875 0.06015625
0 0.14609375 0.15078125 0.03203125 0.04609375
0 0.60390625 0.15078125 0.04140625 0.05546875
0 0.43046875 0.15078125 0.03203125 0.04609375
0 0.0140625 0.15546875 0.028125 0.05546875
0 0.26171875 0.01640625 0.03203125 0.03203125
0 0.38671875 0.17578125 0.03203125 0.04609375
0 0.20625 0.178125 0.028125 0.03671875
0 0.09921875 0.01875 0.03203125 0.03671875
0 0.68515625 0.01875 0.04140625 0.03671875
0 0.2640625 0.178125 0.03671875 0.06015625
0 0.778125 0.18515625 0.04140625 0.06484375
0 0.1484375 0.18515625 0.03671875 0.04140625
0 0.7109375 0.18515625 0.04140625 0.05546875
0 0.53671875 0.1875 0.03671875 0.05078125
0 0.596875 0.1875 0.03671875 0.05546875
0 0.33125 0.02109375 0.028125 0.04140625
0 0.05078125 0.2015625 0.01875 0.03203125
0 0.33359375 0.20859375 0.03671875 0.04609375
0 0.1734375 0.0234375 0.03203125 0.04609375
0 0.53671875 0.0234375 0.03671875 0.04609375
0 0.4234375 0.0234375 0.04140625 0.04609375
0 0.04609375 0.22421875 0.03671875 0.05078125
0 0.47890625 0.0234375 0.04140625 0.04609375
0 0.740625 0.0234375 0.03671875 0.04140625
0 0.12734375 0.23359375 0.04140625 0.06484375
0 0.34921875 0.2359375 0.04140625 0.05078125
0 0.71953125 0.2453125 0.04140625 0.06015625
0 0.56953125 0.25234375 0.04140625 0.06953125
0 0.4140625 0.2546875 0.04140625 0.05546875
0 0.91171875 0.26640625 0.05078125 0.08359375
0 0.19921875 0.2734375 0.04609375 0.06484375
0 0.9234375 0.028125 0.04140625 0.05546875
0 0.16171875 0.284375 0.03671875 0.06015625
0 0.09453125 0.28671875 0.04140625 0.06953125
0 0.63671875 0.303125 0.04609375 0.06484375
0 0.30546875 0.31015625 0.05078125 0.06484375
0 0.2015625 0.33125 0.05078125 0.05546875
0 0.40546875 0.33828125 0.05078125 0.07890625
0 0.75703125 0.3609375 0.07421875 0.115625
0 0.55078125 0.37734375 0.04140625 0.07421875
0 0.70859375 0.3796875 0.04140625 0.07890625
0 0.48125 0.409375 0.05546875 0.08359375
0 0.16640625 0.409375 0.04140625 0.07421875
0 0.23125 0.41640625 0.04140625 0.07890625
0 0.0765625 0.4328125 0.04609375 0.06953125
0 0.346875 0.4328125 0.06015625 0.08828125
0 0.27578125 0.4328125 0.06015625 0.07421875
0 0.56484375 0.46328125 0.06484375 0.1015625
0 0.01875 0.465625 0.03671875 0.06953125
0 0.8171875 0.05078125 0.05078125 0.07421875
0 0.6203125 0.053125 0.028125 0.05078125
0 0.5625 0.06484375 0.03671875 0.05078125
0 0.6828125 0.0671875 0.03671875 0.06015625
0 0.51171875 0.06953125 0.03671875 0.04609375
0 0.25 0.071875 0.03203125 0.05078125
0 0.33359375 0.0765625 0.028125 0.05546875
0 0.1640625 0.08125 0.03671875 0.05078125
0 0.428125 0.0859375 0.04140625 0.05078125
0 0.0234375 0.09296875 0.03203125 0.04140625