0 0.73125 0.5765625 0.0140625 0.01875
0 0.80078125 0.58125 0.009375 0.01875
0 0.6015625 0.590625 0.009375 0.0140625
0 0.53671875 0.590625 0.009375 0.009375
0 0.60859375 0.59296875 0.009375 0.009375
0 0.53046875 0.59296875 0.0046875 0.009375
0 0.66640625 0.59453125 0.0046875 0.0140625
0 0.5578125 0.59453125 0.0046875 0.009375
0 0.70390625 0.596875 0.009375 0.0140625
0 0.634375 0.59921875 0.009375 0.0140625
0 0.509375 0.59921875 0.0046875 0.0140625
0 0.68046875 0.6015625 0.009375 0.01875
0 0.56953125 0.6015625 0.009375 0.0140625
0 0.65546875 0.60390625 0.009375 0.0140625
0 0.696875 0.615625 0.009375 0.0140625
0 0.840625 0.615625 0.009375 0.0140625
0 0.04140625 0.64609375 0.01875 0.01875
0 0.2640625 0.653125 0.01875 0.0234375
0 0.4421875 0.65703125 0.0140625 0.0140625
0 0.08828125 0.66171875 0.01875 0.0234375
0 0.17109375 0.66171875 0.0234375 0.03203125
0 0.47890625 0.6640625 0.0140625 0.01875
0 0.25 0.6640625 0.0234375 0.03203125
0 0.01171875 0.66640625 0.0234375 0.05078125
0 0.56015625 0.66875 0.0140625 0.01875
0 0.41171875 0.66875 0.009375 0.009375
0 0.3359375 0.67109375 0.0234375 0.03671875
0 0.50234375 0.67109375 0.0046875 0.0140625
0 0.48828125 0.67109375 0.009375 0.01875
0 0.42109375 0.67109375 0.009375 0.01875
0 0.10390625 0.6734375 0.0234375 0.028125
0 0.375 0.6734375 0.0140625 0.01875
0 0.3515625 0.6734375 0.009375 0.0140625
0 0.125 0.6734375 0.0234375 0.04140625
0 0.4421875 0.67578125 0.01875 0.0234375
0 0.5484375 0.67578125 0.009375 0.0140625
0 0.61796875 0.678125 0.01875 0.01875
0 0.403125 0.678125 0.0140625 0.0234375
0 0.98359375 0.678125 0.03203125 0.028125
0 0.90703125 0.678125 0.0140625 0.0140625
0 0.534375 0.68046875 0.01875 0.03203125
0 0.29140625 0.68046875 0.0234375 0.028125
0 0.77109375 0.68046875 0.01875 0.01875
0 0.509375 0.68046875 0.0140625 0.0234375
0 0.70859375 0.6828125 0.009375 0.01875
0 0.8796875 0.6828125 0.03203125 0.05546875
0 0.1484375 0.6828125 0.03203125 0.04609375
0 0.8609375 0.6828125 0.009375 0.01875
0 0.08359375 0.68515625 0.01875 0.03671875
0 0.72421875 0.68515625 0.01875 0.028125
0 0.634375 0.6875 0.01875 0.0234375
0 0.81015625 0.6875 0.03203125 0.0234375
0 0.0671875 0.6875 0.0234375 0.04140625
0 0.04609375 0.6921875 0.01875 0.03671875
0 0.20625 0.69453125 0.028125 0.03203125
0 0.65703125 0.69453125 0.0140625 0.01875
0 0.553125 0.69453125 0.0140625 0.0140625
0 0.6203125 0.69453125 0.0234375 0.0234375
0 0.240625 0.7015625 0.03203125 0.03671875
0 0.56484375 0.7015625 0.0140625 0.01875
0 0.29609375 0.70625 0.0234375 0.03203125
0 0.9859375 0.70625 0.01875 0.04140625
0 0.64609375 0.70859375 0.0140625 0.028125
0 0.34921875 0.70859375 0.03203125 0.05078125
0 0.8609375 0.7109375 0.01875 0.03203125
0 0.16640625 0.7109375 0.03203125 0.03671875
0 0.5671875 0.7109375 0.0140625 0.01875
0 0.4765625 0.71328125 0.028125 0.05078125
0 0.5484375 0.71328125 0.01875 0.01875
0 0.99296875 0.71328125 0.0046875 0.04609375
0 0.5 0.71328125 0.01875 0.028125
0 0.43984375 0.715625 0.04140625 0.06484375
0 0.259375 0.715625 0.0234375 0.03671875
0 0.7015625 0.715625 0.01875 0.03203125
0 0.66171875 0.715625 0.009375 0.01875
0 0.375 0.72890625 0.0234375 0.04140625
0 0.2015625 0.73125 0.0234375 0.04609375
0 0.54140625 0.73359375 0.0234375 0.028125
0 0.68046875 0.73359375 0.028125 0.03671875
0 0.28671875 0.73828125 0.03671875 0.05546875
0 0.625 0.74296875 0.04609375 0.05546875
0 0.76640625 0.74765625 0.06484375 0.08828125
0 0.82421875 0.75 0.04140625 0.07421875
0 0.22890625 0.75 0.04140625 0.06015625
0 0.54375 0.75234375 0.01875 0.009375
0 0.16171875 0.75703125 0.03671875 0.05546875
0 0.596875 0.759375 0.01875 0.05078125
0 0.9234375 0.76171875 0.07421875 0.1203125
0 0.865625 0.7734375 0.04140625 0.07421875
0 0.54140625 0.78046875 0.028125 0.03671875
0 0.40078125 0.80078125 0.05078125 0.06953125
0 0.21328125 0.81484375 0.04609375 0.06484375
0 0.66640625 0.97890625 0.09296875 0.04140625