0 0.509375 0.5625 0.028125 0.01875
0 0.5046875 0.58359375 0.0234375 0.0140625
0 0.57890625 0.590625 0.03203125 0.01875
0 0.5140625 0.6015625 0.0234375 0.01875
0 0.4609375 0.6109375 0.04140625 0.01875
0 0.60859375 0.61328125 0.028125 0.01875
0 0.48828125 0.615625 0.028125 0.01875
0 0.653125 0.62265625 0.03203125 0.028125
0 0.58359375 0.62734375 0.028125 0.01875
0 0.5578125 0.6296875 0.028125 0.0234375
0 0.6296875 0.6390625 0.03203125 0.0234375
0 0.46953125 0.64140625 0.028125 0.0234375
0 0.53046875 0.64375 0.028125 0.0234375
0 0.49296875 0.64609375 0.03203125 0.0234375
0 0.590625 0.653125 0.028125 0.0234375
0 0.4328125 0.65546875 0.0234375 0.0234375
0 0.490625 0.66875 0.03671875 0.0140625
0 0.44453125 0.6828125 0.03671875 0.028125
0 0.4953125 0.6875 0.028125 0.028125
0 0.59921875 0.6875 0.03671875 0.028125
0 0.64609375 0.70625 0.03671875 0.028125
0 0.5578125 0.7109375 0.04140625 0.028125
0 0.44453125 0.7265625 0.03671875 0.028125
0 0.68046875 0.7265625 0.04140625 0.028125
0 0.61796875 0.72890625 0.04609375 0.028125
0 0.56484375 0.740625 0.03671875 0.028125
0 0.41640625 0.7453125 0.04140625 0.0234375
0 0.51875 0.7546875 0.04140625 0.028125
0 0.58828125 0.759375 0.04140625 0.03203125
0 0.40703125 0.778125 0.04140625 0.03203125
0 0.4765625 0.778125 0.04140625 0.028125
0 0.534375 0.79375 0.04140625 0.028125
0 0.678125 0.80078125 0.03671875 0.03203125
0 0.4375 0.8078125 0.03203125 0.03203125
0 0.490625 0.81015625 0.03671875 0.03203125
0 0.58359375 0.8171875 0.04140625 0.03203125
0 0.3890625 0.8265625 0.04140625 0.0234375
0 0.62734375 0.840625 0.04140625 0.03203125
0 0.41171875 0.84453125 0.03671875 0.03203125
0 0.5140625 0.85625 0.05078125 0.03203125
0 0.57421875 0.875 0.05078125 0.03671875
0 0.39375 0.87734375 0.05078125 0.028125
0 0.35625 0.90703125 0.05078125 0.04140625
0 0.678125 0.9140625 0.05078125 0.03671875
0 0.49296875 0.92578125 0.06015625 0.04140625
0 0.62265625 0.9421875 0.06015625 0.03671875
0 0.71328125 0.95390625 0.03671875 0.03203125
0 0.384375 0.9609375 0.06015625 0.04609375
0 0.5234375 0.9765625 0.06015625 0.04140625
0 0.74765625 0.97890625 0.06015625 0.03671875
0 0.45859375 0.9859375 0.05546875 0.01875
0 0.59921875 0.98828125 0.06015625 0.0140625