0 0.20625 0.1875 0.05078125 0.07421875
0 0.6015625 0.1875 0.06015625 0.08828125
0 0.446875 0.20390625 0.06015625 0.08828125
0 0.68515625 0.21953125 0.05078125 0.06484375
0 0.865625 0.21953125 0.05078125 0.06484375
0 0.52109375 0.221875 0.05078125 0.08828125
0 0.259375 0.25234375 0.05546875 0.07421875
0 0.928125 0.25703125 0.05078125 0.06953125
0 0.778125 0.25703125 0.04609375 0.07421875
0 0.0859375 0.2640625 0.05546875 0.06953125
0 0.87734375 0.284375 0.05078125 0.06953125
0 0.02578125 0.29375 0.05078125 0.1015625
0 0.31484375 0.303125 0.03203125 0.06953125
0 0.971875 0.31015625 0.05078125 0.08359375
0 0.5625 0.31015625 0.06015625 0.08828125
0 0.45390625 0.31953125 0.06484375 0.09296875
0 0.490625 0.32890625 0.06484375 0.08828125
0 0.85859375 0.32890625 0.06953125 0.1015625
0 0.69921875 0.33125 0.06484375 0.08828125
0 0.678125 0.346875 0.06953125 0.08828125
0 0.35625 0.3515625 0.05078125 0.07421875
0 0.05546875 0.35625 0.06015625 0.096875
0 0.29375 0.365625 0.05078125 0.1015625
0 0.240625 0.37734375 0.05546875 0.07890625
0 0.10625 0.38203125 0.05546875 0.09296875
0 0.39140625 0.40546875 0.07421875 0.1203125
0 0.7359375 0.409375 0.08359375 0.1109375
0 0.903125 0.41875 0.06953125 0.08828125
0 0.17109375 0.43515625 0.06953125 0.10625
0 0.5671875 0.44921875 0.07421875 0.08828125
0 0.965625 0.45390625 0.06015625 0.1203125
0 0.7890625 0.4953125 0.09296875 0.1296875
0 0.625 0.54375 0.08359375 0.1296875
0 0.2890625 0.5578125 0.07421875 0.1203125