0 0.34921875 0.42578125 0.04609375 0.06484375
0 0.1203125 0.4375 0.05546875 0.07890625
0 0.84921875 0.44453125 0.04140625 0.07421875
0 0.78046875 0.446875 0.04140625 0.07890625
0 0.25 0.44921875 0.04609375 0.07421875
0 0.409375 0.44921875 0.04140625 0.05078125
0 0.54609375 0.4515625 0.03203125 0.06015625
0 0.70625 0.45859375 0.03671875 0.05546875
0 0.1875 0.45859375 0.04609375 0.06953125
0 0.63203125 0.46328125 0.04609375 0.06484375
0 0.47421875 0.46953125 0.04609375 0.06953125
0 0.09296875 0.471875 0.04609375 0.06953125
0 0.90703125 0.47421875 0.04140625 0.07421875
0 0.6875 0.5671875 0.03671875 0.08828125
0 0.3890625 0.56953125 0.04609375 0.06484375
0 0.78671875 0.57421875 0.05078125 0.06484375
0 0.30546875 0.58125 0.05546875 0.07890625
0 0.4859375 0.58828125 0.04609375 0.06484375
0 0.5765625 0.59453125 0.03203125 0.06484375
0 0.19921875 0.61796875 0.04609375 0.07890625