0 0.71953125 0.10625 0.03203125 0.05078125
0 0.79609375 0.1109375 0.03671875 0.06484375
0 0.88671875 0.1109375 0.03671875 0.05546875
0 0.95390625 0.1109375 0.0234375 0.04609375
0 0.47421875 0.1109375 0.03671875 0.05546875
0 0.74296875 0.11796875 0.0234375 0.04140625
0 0.56953125 0.11796875 0.04140625 0.06484375
0 0.3359375 0.1203125 0.03671875 0.05078125
0 0.4375 0.1203125 0.03671875 0.05078125
0 0.0140625 0.12265625 0.028125 0.07421875
0 0.98125 0.12265625 0.028125 0.05546875
0 0.3796875 0.12265625 0.03671875 0.05078125
0 0.7015625 0.12734375 0.03203125 0.06015625
0 0.990625 0.12734375 0.01875 0.07421875
0 0.64609375 0.12734375 0.028125 0.04609375
0 0.034375 0.1296875 0.04140625 0.06484375
0 0.7734375 0.13203125 0.03203125 0.05078125
0 0.52109375 0.13203125 0.028125 0.04140625
0 0.5484375 0.13203125 0.0234375 0.03203125
0 0.26875 0.13671875 0.04609375 0.06015625
0 0.66875 0.14375 0.03203125 0.05546875
0 0.615625 0.14375 0.04140625 0.05546875
0 0.92109375 0.14609375 0.03671875 0.07890625
0 0.16171875 0.1484375 0.04140625 0.05546875
0 0.875 0.159375 0.03671875 0.06953125
0 0.20625 0.1640625 0.03671875 0.06484375
0 0.85625 0.1640625 0.028125 0.05546875
0 0.5046875 0.16875 0.04140625 0.05546875
0 0.8265625 0.16875 0.028125 0.04609375
0 0.9515625 0.17109375 0.04140625 0.07890625
0 0.37265625 0.178125 0.04140625 0.06953125
0 0.7734375 0.1875 0.03671875 0.06015625
0 0.9859375 0.2015625 0.01875 0.06953125
0 0.26875 0.21328125 0.04140625 0.07421875
0 0.48359375 0.22421875 0.03671875 0.06484375
0 0.03671875 0.2265625 0.03671875 0.05546875
0 0.846875 0.23828125 0.04140625 0.05546875
0 0.14140625 0.240625 0.04140625 0.06953125
0 0.69453125 0.240625 0.03671875 0.06015625
0 0.60859375 0.259375 0.04140625 0.06953125
0 0.384375 0.278125 0.03671875 0.07890625
0 0.990625 0.28046875 0.01875 0.07421875
0 0.96953125 0.2890625 0.03203125 0.07421875
0 0.778125 0.29375 0.05546875 0.05078125
0 0.0578125 0.303125 0.05546875 0.07421875
0 0.25 0.303125 0.04140625 0.06484375
0 0.75 0.3078125 0.01875 0.05078125
0 0.55546875 0.31484375 0.04140625 0.06484375
0 0.6875 0.31484375 0.04140625 0.05546875
0 0.34453125 0.31484375 0.05078125 0.05546875
0 0.87734375 0.31953125 0.03671875 0.05078125
0 0.7890625 0.33828125 0.03203125 0.03203125
0 0.178125 0.35390625 0.04140625 0.06484375
0 0.32421875 0.3703125 0.03671875 0.06484375
0 0.9328125 0.384375 0.03671875 0.0234375
0 0.45625 0.384375 0.04140625 0.06484375
0 0.6875 0.384375 0.03671875 0.06484375
0 0.77578125 0.39375 0.06015625 0.08828125
0 0.571875 0.39375 0.03671875 0.0234375
0 0.58125 0.42109375 0.04140625 0.04140625
0 0.01875 0.4234375 0.03203125 0.04609375
0 0.1203125 0.4375 0.04609375 0.06015625
0 0.409375 0.4375 0.028125 0.04140625
0 0.4421875 0.44453125 0.04140625 0.06015625
0 0.0140625 0.4515625 0.028125 0.04609375
0 0.64375 0.45390625 0.05078125 0.03671875
0 0.9234375 0.45625 0.05078125 0.08828125
0 0.70859375 0.45859375 0.04140625 0.03203125
0 0.528125 0.4609375 0.03671875 0.0234375
0 0.590625 0.4609375 0.01875 0.04140625
0 0.47421875 0.46328125 0.03671875 0.06484375
0 0.97421875 0.471875 0.04140625 0.08359375
0 0.865625 0.4765625 0.03203125 0.05078125
0 0.36328125 0.48125 0.05546875 0.07890625
0 0.14609375 0.490625 0.04609375 0.08828125
0 0.41171875 0.490625 0.04140625 0.06015625
0 0.85859375 0.5 0.028125 0.05546875
0 0.5765625 0.5 0.03203125 0.06953125
0 0.01875 0.50234375 0.03671875 0.05078125
0 0.32890625 0.50703125 0.03671875 0.07421875
0 0.28203125 0.509375 0.05078125 0.096875
0 0.62265625 0.51171875 0.05078125 0.08359375
0 0.21953125 0.51171875 0.04140625 0.06953125
0 0.0578125 0.5140625 0.05078125 0.07421875
0 0.5046875 0.51640625 0.03671875 0.07421875
0 0.18984375 0.51640625 0.04140625 0.08359375
0 0.46328125 0.528125 0.05078125 0.09296875
0 0.03203125 0.534375 0.04140625 0.06015625
0 0.5484375 0.53671875 0.04609375 0.08828125
0 0.7015625 0.53671875 0.05078125 0.08828125
0 0.1109375 0.54140625 0.04140625 0.07421875
0 0.04609375 0.0578125 0.03671875 0.05078125
0 0.4765625 0.06015625 0.03671875 0.028125
0 0.01875 0.0625 0.028125 0.04609375
0 0.20625 0.07421875 0.028125 0.04140625
0 0.14375 0.0765625 0.04140625 0.06015625
0 0.3609375 0.0765625 0.03671875 0.04140625
0 0.26171875 0.07890625 0.04140625 0.04609375
0 0.11328125 0.07890625 0.03203125 0.05546875
0 0.471875 0.07890625 0.028125 0.0234375
0 0.625 0.07890625 0.0234375 0.028125
0 0.1828125 0.08359375 0.03671875 0.06953125
0 0.29609375 0.0859375 0.028125 0.03203125
0 0.64140625 0.090625 0.0234375 0.0234375
0 0.6015625 0.09296875 0.03671875 0.04140625
0 0.6296875 0.096875 0.01875 0.028125
0 0.409375 0.096875 0.03203125 0.04609375
0 0.7640625 0.09921875 0.028125 0.04609375
0 0.50234375 0.1015625 0.0234375 0.05078125
0 0.83125 0.10390625 0.03203125 0.06015625
0 0.0765625 0.10390625 0.04609375 0.06484375