0 0.51171875 0.1203125 0.0046875 0.0046875
0 0.50703125 0.12265625 0.0046875 0.009375
0 0.4953125 0.12265625 0.0046875 0.0046875
0 0.51875 0.12265625 0.0046875 0.0046875
0 0.50234375 0.125 0.0046875 0.0046875
0 0.471875 0.12734375 0.0046875 0.0046875
0 0.490625 0.12734375 0.0046875 0.0046875
0 0.51640625 0.12734375 0.0046875 0.0046875
0 0.571875 0.12734375 0.0046875 0.0046875
0 0.48359375 0.1296875 0.0046875 0.0046875
0 0.50703125 0.1296875 0.0046875 0.0046875
0 0.4609375 0.134375 0.0046875 0.0046875
0 0.45625 0.134375 0.0046875 0.0046875
0 0.44921875 0.13671875 0.0046875 0.0046875
0 0.46796875 0.13671875 0.0046875 0.0046875
0 0.47421875 0.13671875 0.0046875 0.0046875
0 0.52578125 0.13671875 0.0046875 0.0046875
0 0.48828125 0.13671875 0.0046875 0.0046875
0 0.49296875 0.13671875 0.0046875 0.0046875
0 0.51171875 0.1390625 0.0046875 0.0046875
0 0.58359375 0.1390625 0.0046875 0.009375
0 0.48359375 0.1390625 0.0046875 0.0046875
0 0.5 0.1390625 0.0046875 0.0046875
0 0.51875 0.14140625 0.0046875 0.0046875
0 0.6015625 0.14140625 0.009375 0.0046875
0 0.46328125 0.14140625 0.009375 0.0046875
0 0.42109375 0.14375 0.009375 0.009375
0 0.43984375 0.14375 0.009375 0.009375
0 0.5765625 0.14375 0.0046875 0.0046875
0 0.471875 0.14375 0.0046875 0.009375
0 0.54140625 0.14609375 0.0046875 0.0046875
0 0.59296875 0.14609375 0.009375 0.0046875
0 0.509375 0.14609375 0.0046875 0.0046875
0 0.41640625 0.14609375 0.009375 0.009375
0 0.52109375 0.1484375 0.0046875 0.009375
0 0.528125 0.1484375 0.009375 0.009375
0 0.48828125 0.1484375 0.0046875 0.0046875
0 0.553125 0.1484375 0.0046875 0.0046875
0 0.56484375 0.1484375 0.009375 0.0046875
0 0.47890625 0.15078125 0.009375 0.009375
0 0.5 0.15078125 0.009375 0.009375
0 0.44921875 0.153125 0.0046875 0.0046875
0 0.5859375 0.153125 0.009375 0.0046875
0 0.48125 0.15546875 0.0046875 0.009375
0 0.64140625 0.15546875 0.009375 0.0140625
0 0.54140625 0.15703125 0.0046875 0.009375
0 0.4515625 0.15703125 0.0046875 0.0046875
0 0.53203125 0.15703125 0.0046875 0.009375
0 0.56484375 0.15703125 0.009375 0.0140625
0 0.59921875 0.15703125 0.009375 0.0140625
0 0.553125 0.15703125 0.009375 0.0140625
0 0.590625 0.15703125 0.009375 0.009375
0 0.60390625 0.15703125 0.009375 0.009375
0 0.43984375 0.159375 0.009375 0.009375
0 0.38671875 0.159375 0.0140625 0.0140625
0 0.4140625 0.16171875 0.009375 0.0140625
0 0.45859375 0.16171875 0.009375 0.0140625
0 0.403125 0.16171875 0.009375 0.009375
0 0.50234375 0.16171875 0.0046875 0.009375
0 0.3984375 0.1640625 0.0046875 0.009375
0 0.5390625 0.1640625 0.009375 0.009375
0 0.51640625 0.16640625 0.009375 0.0140625
0 0.5859375 0.16640625 0.009375 0.0140625
0 0.5234375 0.16875 0.009375 0.009375
0 0.37734375 0.16875 0.009375 0.009375
0 0.553125 0.16875 0.0046875 0.009375
0 0.46953125 0.16875 0.0046875 0.009375
0 0.509375 0.16875 0.0046875 0.0140625
0 0.4515625 0.17109375 0.009375 0.0140625
0 0.53046875 0.17109375 0.0046875 0.009375
0 0.4375 0.17109375 0.009375 0.0140625
0 0.48359375 0.17109375 0.009375 0.0140625
0 0.5671875 0.1734375 0.009375 0.0140625
0 0.60859375 0.1734375 0.0140625 0.01875
0 0.55078125 0.1734375 0.009375 0.0140625
0 0.49296875 0.17578125 0.0046875 0.009375
0 0.35625 0.17578125 0.0140625 0.01875
0 0.42109375 0.17578125 0.009375 0.0140625
0 0.50234375 0.17578125 0.009375 0.0140625
0 0.534375 0.17578125 0.009375 0.0140625
0 0.47421875 0.178125 0.009375 0.0140625
0 0.6734375 0.178125 0.009375 0.01875
0 0.375 0.178125 0.009375 0.0140625
0 0.5578125 0.178125 0.009375 0.0140625
0 0.5140625 0.1828125 0.009375 0.0140625
0 0.59453125 0.1828125 0.0140625 0.0140625
0 0.428125 0.18515625 0.009375 0.0140625
0 0.54375 0.18515625 0.0140625 0.01875
0 0.659375 0.18515625 0.009375 0.01875
0 0.67578125 0.18515625 0.009375 0.0140625
0 0.3890625 0.18515625 0.009375 0.0140625
0 0.4140625 0.18515625 0.009375 0.009375
0 0.5859375 0.18515625 0.009375 0.0140625
0 0.37265625 0.1875 0.0140625 0.009375
0 0.52578125 0.1875 0.009375 0.0140625
0 0.45859375 0.1875 0.009375 0.0140625
0 0.46953125 0.1875 0.009375 0.0140625
0 0.32421875 0.18984375 0.0140625 0.0140625
0 0.446875 0.18984375 0.0140625 0.01875
0 0.5765625 0.18984375 0.009375 0.0140625
0 0.56484375 0.18984375 0.0140625 0.01875
0 0.49296875 0.18984375 0.009375 0.0140625
0 0.5 0.18984375 0.009375 0.01875
0 0.47890625 0.1921875 0.009375 0.0140625
0 0.61328125 0.1921875 0.0140625 0.0140625
0 0.696875 0.1921875 0.0140625 0.0234375
0 0.3125 0.19453125 0.0140625 0.0234375
0 0.43046875 0.19453125 0.009375 0.009375
0 0.53046875 0.19453125 0.009375 0.0140625
0 0.41875 0.19453125 0.009375 0.0140625
0 0.625 0.19453125 0.009375 0.01875
0 0.3609375 0.196875 0.0140625 0.01875
0 0.34296875 0.196875 0.01875 0.01875
0 0.534375 0.19921875 0.009375 0.01875
0 0.60390625 0.19921875 0.009375 0.0140625
0 0.52578125 0.19921875 0.009375 0.0140625
0 0.64609375 0.2015625 0.01875 0.01875
0 0.27578125 0.20390625 0.0140625 0.028125
0 0.43984375 0.20390625 0.0140625 0.01875
0 0.40546875 0.20390625 0.009375 0.01875
0 0.3890625 0.20625 0.0140625 0.0234375
0 0.2984375 0.20625 0.009375 0.0140625
0 0.37734375 0.20625 0.01875 0.0234375
0 0.1484375 0.20625 0.01875 0.028125
0 0.40078125 0.20625 0.0140625 0.0234375
0 0.54609375 0.20625 0.009375 0.01875
0 0.51640625 0.20859375 0.0140625 0.01875
0 0.159375 0.20859375 0.0140625 0.03203125
0 0.4609375 0.20859375 0.0140625 0.0140625
0 0.41640625 0.2109375 0.009375 0.01875
0 0.59296875 0.2109375 0.0140625 0.01875
0 0.42578125 0.2109375 0.0140625 0.01875
0 0.1921875 0.21328125 0.0234375 0.01875
0 0.56484375 0.21328125 0.0140625 0.0234375
0 0.34296875 0.21796875 0.0140625 0.0234375
0 0.31015625 0.21953125 0.01875 0.028125
0 0.26875 0.21953125 0.01875 0.028125
0 0.53671875 0.221875 0.0140625 0.0140625
0 0.33125 0.221875 0.01875 0.03671875
0 0.47421875 0.221875 0.01875 0.03203125
0 0.5 0.221875 0.01875 0.03203125
0 0.36328125 0.22421875 0.0234375 0.03671875
0 0.62734375 0.2265625 0.01875 0.01875
0 0.4859375 0.2265625 0.009375 0.0234375
0 0.45390625 0.22890625 0.0234375 0.03203125
0 0.29375 0.23125 0.01875 0.03203125
0 0.43046875 0.23125 0.01875 0.0234375
0 0.534375 0.23359375 0.01875 0.028125
0 0.409375 0.23828125 0.0234375 0.03203125
0 0.18984375 0.24765625 0.0234375 0.03203125
0 0.490625 0.259375 0.01875 0.0234375
0 0.04375 0.259375 0.028125 0.04609375
0 0.3171875 0.259375 0.01875 0.03203125
0 0.096875 0.26171875 0.01875 0.01875
0 0.340625 0.26171875 0.0234375 0.028125
0 0.12265625 0.26640625 0.03203125 0.03203125
0 0.51640625 0.26875 0.028125 0.04140625
0 0.37265625 0.27109375 0.01875 0.0234375
0 0.240625 0.2734375 0.0234375 0.04609375
0 0.159375 0.27578125 0.028125 0.04140625
0 0.06953125 0.278125 0.028125 0.04609375
0 0.596875 0.28046875 0.0234375 0.028125
0 0.20625 0.28203125 0.028125 0.04140625
0 0.61796875 0.284375 0.0140625 0.03203125
0 0.28203125 0.28671875 0.0234375 0.03671875
0 0.2265625 0.28671875 0.01875 0.0234375
0 0.49765625 0.2890625 0.028125 0.03203125
0 0.2984375 0.2890625 0.03203125 0.04140625
0 0.34296875 0.29140625 0.0234375 0.03203125
0 0.09921875 0.29375 0.03203125 0.04609375
0 0.46328125 0.29375 0.028125 0.03671875
0 0.41640625 0.2984375 0.028125 0.04140625
0 0.56015625 0.2984375 0.03203125 0.04140625
0 0.87734375 0.30078125 0.028125 0.03203125
0 0.65078125 0.3078125 0.03203125 0.04609375
0 0.3703125 0.31484375 0.03203125 0.05078125
0 0.7265625 0.31484375 0.06015625 0.06484375
0 0.01875 0.321875 0.03671875 0.08828125
0 0.32421875 0.32421875 0.0234375 0.03671875
0 0.04140625 0.32421875 0.04140625 0.05078125
0 0.76171875 0.33359375 0.04609375 0.06015625
0 0.884375 0.33828125 0.06015625 0.06953125
0 0.24765625 0.340625 0.04140625 0.05078125
0 0.33359375 0.36328125 0.03671875 0.05078125
0 0.5578125 0.36796875 0.028125 0.05078125
0 0.53671875 0.3703125 0.05078125 0.05546875
0 0.1109375 0.375 0.03203125 0.06015625
0 0.07421875 0.375 0.04140625 0.05078125
0 0.18984375 0.38203125 0.01875 0.0234375
0 0.45859375 0.40078125 0.06015625 0.08828125
0 0.25234375 0.409375 0.04140625 0.06015625
0 0.20625 0.41171875 0.03203125 0.05546875
0 0.35625 0.42578125 0.05546875 0.08828125
0 0.01875 0.471875 0.03671875 0.09296875
0 0.2640625 0.47421875 0.06484375 0.08828125
0 0.27109375 0.8609375 0.115625 0.096875