0 0.8984375 0.09921875 0.06015625 0.09296875
0 0.52109375 0.10390625 0.06484375 0.1109375
0 0.82890625 0.1109375 0.05546875 0.09296875
0 0.07890625 0.153125 0.06484375 0.10625
0 0.60859375 0.01875 0.05078125 0.03671875
0 0.47890625 0.02109375 0.05078125 0.04140625
0 0.2359375 0.19453125 0.06484375 0.09296875
0 0.41171875 0.20390625 0.06015625 0.1015625
0 0.84453125 0.0234375 0.05546875 0.04609375
0 0.48125 0.2359375 0.06015625 0.1203125
0 0.73125 0.23828125 0.07890625 0.096875
0 0.9515625 0.240625 0.06015625 0.1203125
0 0.17109375 0.29375 0.06953125 0.1015625
0 0.04375 0.303125 0.06484375 0.10625
0 0.39609375 0.3078125 0.06953125 0.08359375
0 0.54375 0.31015625 0.06484375 0.1203125
0 0.728125 0.03203125 0.05 0.0640625
0 0.653125 0.33828125 0.07421875 0.06484375
0 0.98125 0.3609375 0.028125 0.1203125
0 0.8171875 0.37265625 0.06015625 0.1015625
0 0.25234375 0.409375 0.06015625 0.10625
0 0.1109375 0.41875 0.06484375 0.1015625
0 0.38671875 0.43046875 0.06953125 0.096875
0 0.66171875 0.44453125 0.07421875 0.10625
0 0.5578125 0.4609375 0.06015625 0.1109375
0 0.8265625 0.46328125 0.06015625 0.08359375
0 0.97890625 0.0484375 0.04140625 0.09296875
0 0.965625 0.509375 0.06015625 0.115625
0 0.0390625 0.53671875 0.078125 0.1109375
0 0.18984375 0.5484375 0.06953125 0.10625
0 0.33828125 0.571875 0.06953125 0.115625
0 0.83125 0.596875 0.08359375 0.1296875
0 0.5234375 0.62265625 0.07890625 0.134375
0 0.0234375 0.6296875 0.04609375 0.1015625
0 0.66875 0.64140625 0.08828125 0.096875
0 0.09296875 0.69921875 0.09296875 0.1109375
0 0.278125 0.7015625 0.08828125 0.14375
0 0.2109375 0.07421875 0.06015625 0.096875
0 0.678125 0.07421875 0.06953125 0.115625
0 0.45390625 0.76875 0.07421875 0.1203125
0 0.37734375 0.0765625 0.06953125 0.1109375
0 0.653125 0.77578125 0.09296875 0.134375
0 0.759375 0.8171875 0.07421875 0.096875
0 0.965625 0.84453125 0.06015625 0.14375