0 0.7359375 0.4375 0.01875 0.03203125
0 0.284375 0.43984375 0.0234375 0.03203125
0 0.56953125 0.43984375 0.01875 0.01875
0 0.74296875 0.43984375 0.0140625 0.0140625
0 0.6390625 0.4421875 0.01875 0.0140625
0 0.6203125 0.44453125 0.0234375 0.0234375
0 0.55078125 0.446875 0.028125 0.03203125
0 0.5 0.446875 0.0140625 0.0140625
0 0.51875 0.44921875 0.0234375 0.03203125
0 0.659375 0.44921875 0.0140625 0.01875
0 0.59921875 0.4515625 0.009375 0.0140625
0 0.70390625 0.4515625 0.0140625 0.009375
0 0.64375 0.45390625 0.0234375 0.0234375
0 0.8703125 0.45625 0.028125 0.04609375
0 0.66875 0.45625 0.0140625 0.009375
0 0.6828125 0.45625 0.028125 0.04140625
0 0.76640625 0.4609375 0.0234375 0.03203125
0 0.74296875 0.47421875 0.0234375 0.03671875
0 0.20625 0.47421875 0.0140625 0.0234375
0 0.8703125 0.47421875 0.028125 0.04609375
0 0.18046875 0.48125 0.0234375 0.03203125
0 0.303125 0.48359375 0.01875 0.0140625
0 0.2359375 0.48359375 0.0234375 0.03203125
0 0.13671875 0.490625 0.0234375 0.03671875
0 0.31953125 0.4953125 0.0234375 0.03203125
0 0.16640625 0.4953125 0.01875 0.028125
0 0.20625 0.49765625 0.01875 0.0234375
0 0.11796875 0.53046875 0.03203125 0.03671875
0 0.50703125 0.534375 0.03203125 0.04140625
0 0.0859375 0.553125 0.04140625 0.05078125
0 0.5578125 0.553125 0.04140625 0.07421875
0 0.71328125 0.553125 0.03671875 0.06015625
0 0.465625 0.55546875 0.06015625 0.08359375
0 0.67578125 0.5625 0.04140625 0.07421875
0 0.30078125 0.56484375 0.05078125 0.06484375
0 0.16640625 0.56484375 0.04140625 0.06484375
0 0.05546875 0.57421875 0.03203125 0.07421875
0 0.11328125 0.58359375 0.03671875 0.04609375