0 0.18984375 0.25 0.028125 0.05078125
0 0.78671875 0.2734375 0.028125 0.04609375
0 0.2984375 0.27578125 0.0234375 0.04140625
0 0.85859375 0.278125 0.03203125 0.04140625
0 0.99296875 0.278125 0.0140625 0.05078125
0 0.259375 0.28046875 0.03203125 0.04609375
0 0.03046875 0.284375 0.03203125 0.04609375
0 0.3171875 0.028125 0.0234375 0.03671875
0 0.09453125 0.28671875 0.028125 0.04609375
0 0.69453125 0.2890625 0.028125 0.03671875
0 0.0859375 0.03046875 0.0140625 0.03203125
0 0.50234375 0.2984375 0.028125 0.04140625
0 0.41875 0.303125 0.028125 0.04609375
0 0.11328125 0.303125 0.03203125 0.05078125
0 0.66875 0.303125 0.028125 0.04609375
0 0.56953125 0.3125 0.028125 0.04140625
0 0.78046875 0.31953125 0.03203125 0.04609375
0 0.8515625 0.33828125 0.0234375 0.03671875
0 0.43984375 0.34296875 0.028125 0.04609375
0 0.53046875 0.34296875 0.028125 0.04609375
0 0.2734375 0.35390625 0.028125 0.04609375
0 0.115625 0.35625 0.03203125 0.04140625
0 0.7109375 0.35859375 0.028125 0.03671875
0 0.375 0.375 0.028125 0.04609375
0 0.84921875 0.37734375 0.028125 0.04140625
0 0.06484375 0.3796875 0.03671875 0.05078125
0 0.76640625 0.384375 0.028125 0.04140625
0 0.6296875 0.39609375 0.03203125 0.05078125
0 0.54140625 0.40078125 0.028125 0.04609375
0 0.9140625 0.40078125 0.03203125 0.04140625
0 0.32890625 0.40078125 0.03203125 0.04609375
0 0.0140625 0.40546875 0.028125 0.04609375
0 0.1734375 0.41640625 0.03671875 0.04609375
0 0.471875 0.04375 0.0234375 0.03671875
0 0.4375 0.446875 0.03671875 0.04609375
0 0.21953125 0.446875 0.03203125 0.04140625
0 0.33359375 0.44921875 0.03671875 0.04609375
0 0.60390625 0.45390625 0.028125 0.04140625
0 0.05546875 0.45625 0.03203125 0.04140625
0 0.73828125 0.45625 0.028125 0.04140625
0 0.1296875 0.45625 0.03203125 0.04609375
0 0.04609375 0.04609375 0.028125 0.03671875
0 0.54609375 0.47421875 0.028125 0.04609375
0 0.6734375 0.47421875 0.03203125 0.04609375
0 0.9234375 0.48359375 0.03203125 0.04140625
0 0.16640625 0.4859375 0.028125 0.03671875
0 0.24296875 0.49296875 0.03203125 0.04609375
0 0.43984375 0.5046875 0.03203125 0.04140625
0 0.34453125 0.51171875 0.028125 0.05078125
0 0.740625 0.52109375 0.03203125 0.04609375
0 0.178125 0.053125 0.03203125 0.04609375
0 0.68515625 0.053125 0.028125 0.04140625
0 0.259375 0.53046875 0.0234375 0.028125
0 0.134375 0.5390625 0.03203125 0.05078125
0 0.990625 0.5390625 0.01875 0.05078125
0 0.19453125 0.54140625 0.03203125 0.04609375
0 0.6484375 0.5484375 0.03203125 0.04609375
0 0.403125 0.55546875 0.03203125 0.04140625
0 0.590625 0.55546875 0.03203125 0.04609375
0 0.27578125 0.5625 0.03203125 0.04140625
0 0.48359375 0.5625 0.028125 0.04140625
0 0.7984375 0.5671875 0.03203125 0.04140625
0 0.8984375 0.571875 0.03203125 0.04140625
0 0.03046875 0.57421875 0.03203125 0.05078125
0 0.14375 0.58828125 0.03203125 0.04609375
0 0.98125 0.59921875 0.028125 0.05078125
0 0.7265625 0.59921875 0.03203125 0.04140625
0 0.3984375 0.6015625 0.028125 0.04140625
0 0.096875 0.0625 0.028125 0.03203125
0 0.509375 0.6203125 0.028125 0.04609375
0 0.321875 0.6203125 0.03203125 0.03203125
0 0.06484375 0.625 0.028125 0.04609375
0 0.5671875 0.63203125 0.028125 0.04140625
0 0.80078125 0.634375 0.028125 0.03671875
0 0.2265625 0.6390625 0.03671875 0.05546875
0 0.85859375 0.64140625 0.028125 0.04609375
0 0.70625 0.65546875 0.03203125 0.04140625
0 0.76875 0.659375 0.0234375 0.04140625
0 0.428125 0.66171875 0.028125 0.04140625
0 0.30078125 0.6640625 0.03203125 0.03671875
0 0.63671875 0.0671875 0.028125 0.04140625
0 0.63203125 0.66875 0.03671875 0.04609375
0 0.90703125 0.678125 0.03671875 0.06015625
0 0.9609375 0.68046875 0.03203125 0.05078125
0 0.34921875 0.68046875 0.03203125 0.04140625
0 0.83359375 0.69453125 0.03203125 0.04140625
0 0.46328125 0.715625 0.028125 0.04609375
0 0.58828125 0.71796875 0.028125 0.04140625
0 0.05078125 0.721875 0.03671875 0.03671875
0 0.77578125 0.72421875 0.028125 0.04140625
0 0.4953125 0.72890625 0.03203125 0.05078125
0 0.6921875 0.72890625 0.03203125 0.04609375
0 0.5390625 0.73359375 0.0234375 0.04140625
0 0.28203125 0.7359375 0.04140625 0.04609375
0 0.56015625 0.7453125 0.03671875 0.04609375
0 0.6390625 0.75 0.03203125 0.03671875
0 0.37265625 0.75703125 0.028125 0.05078125
0 0.98125 0.76640625 0.028125 0.05078125
0 0.81953125 0.76875 0.03671875 0.05546875
0 0.86796875 0.778125 0.03203125 0.05546875
0 0.6296875 0.78671875 0.03671875 0.04140625
0 0.93984375 0.7984375 0.03671875 0.05078125
0 0.34296875 0.7984375 0.04140625 0.04140625
0 0.7546875 0.80546875 0.03203125 0.04609375
0 0.41875 0.8125 0.03671875 0.05078125
0 0.59921875 0.08125 0.028125 0.05078125
0 0.30546875 0.009375 0.0234375 0.01875
0 0.65546875 0.821875 0.03203125 0.04609375
0 0.2984375 0.82421875 0.03671875 0.04140625
0 0.721875 0.83359375 0.03671875 0.05078125
0 0.1921875 0.840625 0.03203125 0.05078125
0 0.865625 0.84296875 0.03203125 0.06015625
0 0.07421875 0.846875 0.03203125 0.03671875
0 0.92578125 0.8609375 0.03203125 0.05078125
0 0.26875 0.0859375 0.01875 0.03203125
0 0.5 0.86796875 0.03203125 0.05546875
0 0.3515625 0.875 0.04140625 0.04609375
0 0.79609375 0.88671875 0.03671875 0.05078125
0 0.36796875 0.090625 0.0234375 0.04609375
0 0.990625 0.89609375 0.01875 0.06015625
0 0.11796875 0.903125 0.03203125 0.04609375
0 0.22421875 0.90703125 0.03203125 0.04609375
0 0.403125 0.9140625 0.03671875 0.04609375
0 0.56015625 0.91875 0.028125 0.04140625
0 0.7734375 0.92109375 0.03203125 0.05078125
0 0.82421875 0.93046875 0.03203125 0.05078125
0 0.8984375 0.946875 0.04140625 0.05546875
0 0.02109375 0.009375 0.0234375 0.01875
0 0.65703125 0.946875 0.03203125 0.05546875
0 0.47421875 0.95625 0.03203125 0.05078125
0 0.7640625 0.096875 0.028125 0.04609375
0 0.70390625 0.971875 0.04609375 0.04609375
0 0.446875 0.97890625 0.03203125 0.04140625
0 0.1296875 0.09921875 0.0234375 0.03671875
0 0.5484375 0.10625 0.0234375 0.03671875
0 0.40703125 0.10625 0.0234375 0.03671875
0 0.23125 0.10859375 0.028125 0.03671875
0 0.30546875 0.1203125 0.028125 0.04140625
0 0.83125 0.12734375 0.028125 0.04609375
0 0.17578125 0.1296875 0.03203125 0.04140625
0 0.88203125 0.13203125 0.0234375 0.03671875
0 0.45625 0.14609375 0.028125 0.03203125
0 0.6875 0.153125 0.03203125 0.04140625
0 0.53046875 0.1640625 0.028125 0.04609375
0 0.6640625 0.01640625 0.028125 0.03203125
0 0.409375 0.16640625 0.0234375 0.04140625
0 0.80546875 0.17109375 0.03203125 0.04140625
0 0.2109375 0.01875 0.0234375 0.03671875
0 0.30546875 0.1828125 0.0234375 0.03671875
0 0.6203125 0.1875 0.028125 0.03203125
0 0.221875 0.1875 0.03203125 0.04140625
0 0.0390625 0.1921875 0.03203125 0.03203125
0 0.965625 0.19453125 0.028125 0.03671875
0 0.89375 0.19921875 0.028125 0.04609375
0 0.51640625 0.02109375 0.0234375 0.03203125
0 0.37265625 0.19921875 0.028125 0.03203125
0 0.65078125 0.20390625 0.028125 0.04140625
0 0.10625 0.02109375 0.0234375 0.03671875
0 0.14140625 0.20390625 0.028125 0.03203125
0 0.35859375 0.21953125 0.03203125 0.04609375
0 0.52109375 0.22890625 0.028125 0.04140625
0 0.04609375 0.23359375 0.03203125 0.04140625
0 0.9515625 0.2359375 0.01875 0.03671875
0 0.57421875 0.2453125 0.028125 0.04140625
0 0.24296875 0.24765625 0.028125 0.04140625