0 0.26171875 0.01171875 0.0234375 0.0234375
0 0.965625 0.01171875 0.0234375 0.0234375
0 0.41875 0.10390625 0.04609375 0.06015625
0 0.92109375 0.10625 0.03203125 0.05078125
0 0.92578125 0.01171875 0.03203125 0.0234375
0 0.8171875 0.115625 0.04609375 0.05078125
0 0.05078125 0.1203125 0.04609375 0.06953125
0 0.25 0.12265625 0.04140625 0.05078125
0 0.4375 0.0140625 0.03671875 0.028125
0 0.48125 0.12734375 0.03203125 0.04140625
0 0.71953125 0.1296875 0.04609375 0.06484375
0 0.08359375 0.13203125 0.03671875 0.05078125
0 0.39140625 0.0140625 0.028125 0.028125
0 0.62265625 0.1390625 0.03671875 0.05546875
0 0.57421875 0.1390625 0.04140625 0.04609375
0 0.134375 0.14140625 0.04140625 0.06953125
0 0.1640625 0.14140625 0.04140625 0.06484375
0 0.56015625 0.01640625 0.028125 0.03203125
0 0.68984375 0.01640625 0.03671875 0.03203125
0 0.80546875 0.1484375 0.04609375 0.05546875
0 0.53671875 0.1484375 0.03671875 0.06484375
0 0.909375 0.15078125 0.028125 0.05078125
0 0.284375 0.15546875 0.04140625 0.06484375
0 0.20625 0.16171875 0.03203125 0.05078125
0 0.303125 0.1640625 0.028125 0.05546875
0 0.471875 0.01640625 0.03203125 0.03203125
0 0.6390625 0.01640625 0.01875 0.03203125
0 0.46328125 0.16640625 0.03671875 0.04140625
0 0.8890625 0.16640625 0.03671875 0.06953125
0 0.40703125 0.16640625 0.04609375 0.06484375
0 0.5671875 0.17109375 0.03203125 0.05546875
0 0.3609375 0.1734375 0.04140625 0.03203125
0 0.071875 0.17578125 0.04140625 0.04609375
0 0.9421875 0.178125 0.04140625 0.07890625
0 0.696875 0.18046875 0.04140625 0.06015625
0 0.98125 0.1828125 0.03671875 0.06484375
0 0.04609375 0.18515625 0.028125 0.05078125
0 0.721875 0.01875 0.0234375 0.03671875
0 0.48359375 0.196875 0.03203125 0.03671875
0 0.0140625 0.196875 0.028125 0.03203125
0 0.76640625 0.19921875 0.04609375 0.06484375
0 0.61328125 0.20390625 0.04609375 0.06953125
0 0.31484375 0.20625 0.04140625 0.05078125
0 0.06953125 0.02109375 0.01875 0.03671875
0 0.909375 0.21328125 0.03671875 0.05078125
0 0.5859375 0.21953125 0.028125 0.05078125
0 0.18984375 0.0234375 0.01875 0.04609375
0 0.590625 0.0234375 0.028125 0.03203125
0 0.31484375 0.0234375 0.028125 0.04609375
0 0.35390625 0.23828125 0.03671875 0.06953125
0 0.70390625 0.240625 0.03671875 0.01875
0 0.08828125 0.24296875 0.04609375 0.06953125
0 0.47421875 0.24296875 0.03671875 0.05078125
0 0.2109375 0.2453125 0.04609375 0.07890625
0 0.80078125 0.24765625 0.03203125 0.06953125
0 0.74765625 0.02578125 0.028125 0.04609375
0 0.9375 0.25703125 0.04609375 0.06953125
0 0.01875 0.02578125 0.03671875 0.05078125
0 0.2015625 0.02578125 0.0140625 0.028125
0 0.02578125 0.2640625 0.04609375 0.06953125
0 0.04609375 0.028125 0.03203125 0.04140625
0 0.60859375 0.2734375 0.05078125 0.08359375
0 0.321875 0.27578125 0.04609375 0.07421875
0 0.50703125 0.278125 0.03671875 0.04609375
0 0.8171875 0.2890625 0.05546875 0.05078125
0 0.10390625 0.03046875 0.04609375 0.06015625
0 0.70625 0.29375 0.04140625 0.07421875
0 0.74296875 0.29609375 0.03203125 0.08359375
0 0.81484375 0.03046875 0.028125 0.05078125
0 0.49296875 0.03046875 0.03203125 0.05078125
0 0.41640625 0.3125 0.05546875 0.06015625
0 0.903125 0.31953125 0.04140625 0.07890625
0 0.3515625 0.03203125 0.0234375 0.028125
0 0.1296875 0.3265625 0.05078125 0.07890625
0 0.534375 0.33359375 0.05078125 0.07421875
0 0.653125 0.340625 0.06015625 0.08828125
0 0.09921875 0.340625 0.04609375 0.07421875
0 0.221875 0.35390625 0.05078125 0.05078125
0 0.865625 0.35390625 0.04140625 0.08359375
0 0.821875 0.36328125 0.05546875 0.07890625
0 0.28046875 0.03671875 0.0234375 0.03203125
0 0.06484375 0.37734375 0.04609375 0.08828125
0 0.98359375 0.0390625 0.0234375 0.04140625
0 0.778125 0.0390625 0.04140625 0.04609375
0 0.25234375 0.0390625 0.01875 0.03203125
0 0.4515625 0.04140625 0.03203125 0.03671875
0 0.7109375 0.409375 0.06015625 0.08828125
0 0.41875 0.4140625 0.05546875 0.07890625
0 0.24296875 0.4421875 0.06015625 0.08828125
0 0.83828125 0.04375 0.03203125 0.06015625
0 0.01875 0.46796875 0.03671875 0.1015625
0 0.52578125 0.04609375 0.03671875 0.06015625
0 0.59921875 0.0484375 0.03203125 0.04609375
0 0.37734375 0.05078125 0.03203125 0.04609375
0 0.22421875 0.05078125 0.03671875 0.05546875
0 0.46953125 0.509375 0.06015625 0.09296875
0 0.72421875 0.528125 0.06015625 0.096875
0 0.93515625 0.053125 0.03671875 0.05546875
0 0.67109375 0.053125 0.03203125 0.05078125
0 0.85625 0.553125 0.06953125 0.1015625
0 0.12265625 0.56484375 0.06015625 0.08828125
0 0.9671875 0.56640625 0.065625 0.1109375
0 0.2546875 0.60859375 0.07421875 0.1109375
0 0.865625 0.0625 0.03671875 0.06015625
0 0.52578125 0.61796875 0.05078125 0.09296875
0 0.89140625 0.0625 0.03203125 0.03203125
0 0.48359375 0.0671875 0.028125 0.05546875
0 0.81953125 0.6921875 0.06953125 0.1109375
0 0.46328125 0.6921875 0.06953125 0.134375
0 0.134375 0.071875 0.01875 0.05078125
0 0.15703125 0.071875 0.03203125 0.05078125
0 0.43046875 0.071875 0.04140625 0.04140625
0 0.65546875 0.07421875 0.028125 0.06015625
0 0.3359375 0.0765625 0.03203125 0.06015625
0 0.1203125 0.0765625 0.028125 0.04609375
0 0.27109375 0.0765625 0.04140625 0.06015625
0 0.75 0.0765625 0.03203125 0.06015625
0 0.10390625 0.08125 0.03671875 0.06015625
0 0.346875 0.009375 0.01875 0.01875
0 0.37265625 0.08359375 0.0234375 0.04140625
0 0.3890625 0.840625 0.07890625 0.115625
0 0.63671875 0.0859375 0.03671875 0.05078125
0 0.2890625 0.865625 0.096875 0.1203125
0 0.596875 0.08828125 0.03203125 0.04140625
0 0.46328125 0.08828125 0.03203125 0.04140625
0 0.77578125 0.08828125 0.03203125 0.05546875
0 0.98125 0.090625 0.028125 0.06953125
0 0.5625 0.090625 0.03203125 0.05078125
0 0.18046875 0.09453125 0.03203125 0.06015625
0 0.02109375 0.096875 0.04140625 0.06015625
0 0.89140625 0.09921875 0.04140625 0.04140625