0 0.81484375 0.2734375 0.0140625 0.0234375
0 0.90078125 0.2734375 0.03671875 0.04609375
0 0.3265625 0.28203125 0.06015625 0.08359375
0 0.590625 0.284375 0.06015625 0.07890625
0 0.37265625 0.29375 0.03671875 0.06484375
0 0.284375 0.3125 0.01875 0.028125
0 0.7453125 0.31484375 0.0234375 0.0234375
0 0.56484375 0.31953125 0.03203125 0.04140625
0 0.76171875 0.3265625 0.01875 0.03203125
0 0.14609375 0.32890625 0.01875 0.028125
0 0.51640625 0.3359375 0.0234375 0.0234375
0 0.65078125 0.33828125 0.01875 0.01875
0 0.2109375 0.33828125 0.0140625 0.01875
0 0.41171875 0.340625 0.01875 0.0234375
0 0.2546875 0.340625 0.0140625 0.01875
0 0.67109375 0.34921875 0.01875 0.028125
0 0.70859375 0.34921875 0.0140625 0.01875
0 0.9859375 0.34921875 0.01875 0.04140625
0 0.03046875 0.34921875 0.04140625 0.05546875
0 0.1015625 0.34921875 0.04609375 0.06484375
0 0.48828125 0.3515625 0.009375 0.0140625
0 0.47421875 0.35390625 0.009375 0.0140625
0 0.18515625 0.35625 0.0140625 0.01875
0 0.4515625 0.35625 0.009375 0.009375
0 0.46328125 0.35625 0.0140625 0.0140625
0 0.15703125 0.35859375 0.0234375 0.03203125
0 0.00703125 0.35859375 0.0140625 0.0234375
0 0.8078125 0.3609375 0.04140625 0.05078125
0 0.42109375 0.36328125 0.01875 0.03671875
0 0.48359375 0.36328125 0.009375 0.0140625
0 0.06015625 0.365625 0.028125 0.03203125
0 0.446875 0.365625 0.009375 0.009375
0 0.19921875 0.365625 0.0140625 0.0234375
0 0.72421875 0.36796875 0.009375 0.0140625
0 0.740625 0.36796875 0.01875 0.028125
0 0.68984375 0.36796875 0.028125 0.04140625
0 0.51171875 0.3703125 0.03203125 0.04609375
0 0.14609375 0.3703125 0.0234375 0.028125
0 0.221875 0.37265625 0.01875 0.03203125
0 0.43984375 0.375 0.0140625 0.0140625
0 0.45625 0.37734375 0.0140625 0.0234375
0 0.471875 0.3796875 0.01875 0.028125
0 0.490625 0.3796875 0.0140625 0.0234375
0 0.946875 0.39140625 0.01875 0.03203125
0 0.240625 0.39609375 0.028125 0.04140625
0 0.6734375 0.40078125 0.04140625 0.04140625
0 0.86328125 0.45859375 0.028125 0.03671875
0 0.865625 0.50234375 0.05078125 0.05078125