0 0.8703125 0.13203125 0.05546875 0.096875
0 0.034375 0.13671875 0.06015625 0.115625
0 0.27578125 0.14609375 0.06953125 0.10625
0 0.44453125 0.159375 0.06953125 0.096875
0 0.58125 0.1734375 0.06484375 0.1109375
0 0.98359375 0.2359375 0.0234375 0.1296875
0 0.13203125 0.24296875 0.06015625 0.115625
0 0.759375 0.24765625 0.06484375 0.1109375
0 0.53046875 0.028125 0.05078125 0.05546875
0 0.5046875 0.28671875 0.06953125 0.1015625
0 0.3515625 0.321875 0.05078125 0.09296875
0 0.66171875 0.37265625 0.06484375 0.1203125
0 0.0140625 0.4421875 0.028125 0.06484375
0 0.17578125 0.446875 0.07890625 0.1109375
0 0.86328125 0.46328125 0.06953125 0.115625
0 0.3703125 0.5484375 0.07421875 0.1109375
0 0.125 0.63671875 0.08359375 0.1203125
0 0.48125 0.66171875 0.07890625 0.125
0 0.71328125 0.6828125 0.06484375 0.1203125
0 0.70859375 0.06953125 0.05546875 0.08828125
0 0.96328125 0.73828125 0.06484375 0.125
0 0.33125 0.82421875 0.1015625 0.1296875
0 0.58125 0.8703125 0.09296875 0.08359375
0 0.79609375 0.87734375 0.07421875 0.05546875
0 0.98359375 0.09921875 0.03203125 0.1015625