0 0.40703125 0.3984375 0.009375 0.01875
0 0.39609375 0.3984375 0.009375 0.0140625
0 0.42578125 0.3984375 0.009375 0.0140625
0 0.46796875 0.3984375 0.0046875 0.0140625
0 0.3515625 0.40078125 0.009375 0.01875
0 0.32890625 0.403125 0.009375 0.009375
0 0.446875 0.403125 0.009375 0.0140625
0 0.29609375 0.40703125 0.009375 0.0140625
0 0.48359375 0.409375 0.009375 0.0140625
0 0.4328125 0.41171875 0.009375 0.009375
0 0.4859375 0.41640625 0.009375 0.01875
0 0.5 0.41875 0.009375 0.01875
0 0.54609375 0.41875 0.0140625 0.0234375
0 0.4953125 0.41875 0.009375 0.0140625
0 0.446875 0.42109375 0.009375 0.0140625
0 0.5671875 0.42578125 0.009375 0.01875
0 0.52109375 0.43046875 0.0140625 0.01875
0 0.41640625 0.4328125 0.0140625 0.0140625
0 0.4859375 0.4328125 0.0140625 0.0140625
0 0.43046875 0.4328125 0.009375 0.0140625
0 0.6484375 0.4375 0.009375 0.0140625
0 0.60859375 0.43984375 0.009375 0.0140625
0 0.61796875 0.43984375 0.0140625 0.01875
0 0.95859375 0.43984375 0.0140625 0.0234375
0 0.29609375 0.43984375 0.0140625 0.0140625
0 0.6296875 0.43984375 0.009375 0.0140625
0 0.57890625 0.43984375 0.0140625 0.0234375
0 0.971875 0.44453125 0.01875 0.0234375
0 0.65546875 0.4515625 0.0140625 0.0234375
0 0.4140625 0.4515625 0.009375 0.01875
0 0.8125 0.4515625 0.0140625 0.0234375
0 0.3265625 0.45390625 0.009375 0.0140625
0 0.35625 0.45390625 0.0140625 0.01875
0 0.30078125 0.45390625 0.009375 0.0234375
0 0.25703125 0.45859375 0.01875 0.0234375
0 0.321875 0.45859375 0.0140625 0.0140625
0 0.340625 0.45859375 0.009375 0.0140625
0 0.37734375 0.45859375 0.0140625 0.0140625
0 0.51875 0.45859375 0.0140625 0.0140625
0 0.79609375 0.45859375 0.0140625 0.0234375
0 0.83828125 0.4609375 0.01875 0.01875
0 0.30546875 0.4609375 0.0140625 0.0234375
0 0.87734375 0.4609375 0.0140625 0.0234375
0 0.42109375 0.4609375 0.009375 0.0234375
0 0.68046875 0.46328125 0.0140625 0.0234375
0 0.38671875 0.465625 0.009375 0.01875
0 0.2453125 0.46796875 0.01875 0.0234375
0 0.4609375 0.46796875 0.0140625 0.0140625
0 0.5046875 0.46796875 0.0140625 0.01875
0 0.284375 0.46796875 0.0140625 0.0234375
0 0.553125 0.46796875 0.0140625 0.0234375
0 0.9140625 0.46953125 0.01875 0.03203125
0 0.721875 0.46953125 0.0140625 0.01875
0 0.78046875 0.471875 0.01875 0.0234375
0 0.39609375 0.47421875 0.0140625 0.0234375
0 0.4375 0.47421875 0.0140625 0.0234375
0 0.48828125 0.4765625 0.0140625 0.0140625
0 0.85390625 0.4765625 0.0140625 0.0234375
0 0.64375 0.47890625 0.0140625 0.01875
0 0.40546875 0.47890625 0.0140625 0.0234375
0 0.32421875 0.47890625 0.0140625 0.028125
0 0.5625 0.47890625 0.0140625 0.0234375
0 0.82890625 0.48125 0.0140625 0.01875
0 0.33359375 0.48125 0.0140625 0.0234375
0 0.4515625 0.48359375 0.01875 0.0234375
0 0.52578125 0.48359375 0.0140625 0.0234375
0 0.97421875 0.48359375 0.0140625 0.0234375
0 0.37734375 0.48359375 0.0140625 0.0234375
0 0.46796875 0.48359375 0.0140625 0.0234375
0 0.5390625 0.48828125 0.0140625 0.028125
0 0.50234375 0.48828125 0.01875 0.0234375
0 0.875 0.490625 0.0140625 0.0234375
0 0.6203125 0.49296875 0.0140625 0.0234375
0 0.721875 0.49296875 0.01875 0.0234375
0 0.3515625 0.4953125 0.0140625 0.028125
0 0.65078125 0.5 0.0140625 0.01875
0 0.58828125 0.5 0.01875 0.0234375
0 0.634375 0.50234375 0.0140625 0.028125
0 0.40703125 0.5046875 0.01875 0.01875
0 0.3609375 0.50703125 0.01875 0.028125
0 0.2640625 0.509375 0.01875 0.028125
0 0.61796875 0.51171875 0.01875 0.01875
0 0.71953125 0.51171875 0.01875 0.01875
0 0.66875 0.51640625 0.01875 0.028125
0 0.4609375 0.51875 0.0234375 0.0140625
0 0.47890625 0.5234375 0.0140625 0.0140625
0 0.68984375 0.53046875 0.01875 0.028125
0 0.33828125 0.53046875 0.01875 0.03203125
0 0.615625 0.53046875 0.01875 0.028125
0 0.59453125 0.53203125 0.01875 0.03203125
0 0.528125 0.53203125 0.01875 0.03203125
0 0.215625 0.534375 0.028125 0.03203125
0 0.4953125 0.53671875 0.0140625 0.03671875
0 0.40078125 0.53671875 0.01875 0.03671875
0 0.465625 0.5390625 0.01875 0.03203125
0 0.509375 0.54140625 0.01875 0.03203125
0 0.47890625 0.553125 0.0234375 0.04140625
0 0.8125 0.5578125 0.028125 0.03203125
0 0.26875 0.5765625 0.0234375 0.03671875
0 0.553125 0.5765625 0.01875 0.03671875
0 0.36796875 0.58359375 0.01875 0.03203125
0 0.68515625 0.5859375 0.028125 0.04140625
0 0.990625 0.59296875 0.01875 0.03203125
0 0.6640625 0.596875 0.028125 0.04609375
0 0.78671875 0.59921875 0.0234375 0.04609375
0 0.84296875 0.61328125 0.0234375 0.04140625
0 0.98359375 0.625 0.03203125 0.04609375
0 0.0671875 0.625 0.03671875 0.05078125
0 0.58359375 0.62734375 0.0234375 0.04140625
0 0.36796875 0.634375 0.0234375 0.03203125
0 0.60859375 0.634375 0.028125 0.05078125
0 0.215625 0.64609375 0.028125 0.04140625
0 0.125 0.65703125 0.01875 0.03671875
0 0.36796875 0.6640625 0.0234375 0.04140625
0 0.23125 0.6734375 0.0140625 0.0234375
0 0.2640625 0.68984375 0.0234375 0.04140625
0 0.7640625 0.69453125 0.04140625 0.06015625
0 0.1390625 0.70625 0.03203125 0.05078125
0 0.61796875 0.70625 0.03203125 0.05546875
0 0.21953125 0.71796875 0.01875 0.06015625
0 0.39140625 0.72890625 0.05546875 0.06484375
0 0.24765625 0.73828125 0.03203125 0.06484375
0 0.965625 0.77109375 0.06015625 0.096875
0 0.3359375 0.840625 0.08359375 0.1203125
0 0.409375 0.840625 0.05078125 0.1109375
0 0.7734375 0.84453125 0.04609375 0.09296875
0 0.928125 0.846875 0.1203125 0.1203125
0 0.7015625 0.85859375 0.08359375 0.08828125