0 0.134375 0.3890625 0.0140625 0.0234375
0 0.75 0.39375 0.009375 0.0140625
0 0.1875 0.3984375 0.009375 0.0140625
0 0.821875 0.40078125 0.009375 0.0140625
0 0.659375 0.40078125 0.009375 0.01875
0 0.16640625 0.40078125 0.009375 0.009375
0 0.8125 0.403125 0.009375 0.01875
0 0.153125 0.403125 0.009375 0.01875
0 0.740625 0.40546875 0.009375 0.0140625
0 0.14140625 0.40546875 0.0140625 0.01875
0 0.64375 0.40546875 0.01875 0.028125
0 0.70859375 0.40703125 0.009375 0.0140625
0 0.39140625 0.40703125 0.0140625 0.01875
0 0.1734375 0.40703125 0.009375 0.01875
0 0.196875 0.40703125 0.0046875 0.0140625
0 0.221875 0.40703125 0.01875 0.028125
0 0.75234375 0.40703125 0.0140625 0.01875
0 0.20625 0.40703125 0.009375 0.0140625
0 0.40703125 0.409375 0.0140625 0.01875
0 0.68515625 0.409375 0.0140625 0.0140625
0 0.43046875 0.409375 0.01875 0.03203125
0 0.87265625 0.409375 0.0140625 0.0234375
0 0.028125 0.409375 0.01875 0.0234375
0 0.28046875 0.409375 0.0234375 0.03203125
0 0.1390625 0.41171875 0.0140625 0.01875
0 0.12734375 0.41171875 0.01875 0.03203125
0 0.45859375 0.41171875 0.01875 0.0234375
0 0.6734375 0.41171875 0.009375 0.01875
0 0.946875 0.41171875 0.0140625 0.028125
0 0.69921875 0.41171875 0.0140625 0.0234375
0 0.1640625 0.41171875 0.0046875 0.0140625
0 0.2640625 0.4140625 0.0140625 0.01875
0 0.05078125 0.4140625 0.01875 0.028125
0 0.5046875 0.4140625 0.01875 0.01875
0 0.77578125 0.4140625 0.01875 0.03671875
0 0.65703125 0.4140625 0.0140625 0.0140625
0 0.8078125 0.4140625 0.009375 0.01875
0 0.8609375 0.4140625 0.009375 0.01875
0 0.18515625 0.41640625 0.0140625 0.01875
0 0.596875 0.41640625 0.0234375 0.028125
0 0.54609375 0.41640625 0.01875 0.0140625
0 0.01640625 0.41875 0.0140625 0.0140625
0 0.7890625 0.41875 0.009375 0.01875
0 0.36328125 0.41875 0.01875 0.0234375
0 0.93984375 0.41875 0.009375 0.0234375
0 0.29609375 0.41875 0.009375 0.0140625
0 0.72421875 0.41875 0.01875 0.03203125
0 0.903125 0.41875 0.0140625 0.01875
0 0.0046875 0.42109375 0.009375 0.03203125
0 0.84296875 0.42109375 0.01875 0.03671875
0 0.20859375 0.42109375 0.0140625 0.01875
0 0.821875 0.42109375 0.01875 0.0234375
0 0.403125 0.42109375 0.0140625 0.028125
0 0.76640625 0.42109375 0.0140625 0.0234375
0 0.740625 0.4234375 0.0140625 0.0234375
0 0.153125 0.42578125 0.0140625 0.0234375
0 0.39609375 0.42578125 0.0140625 0.0234375
0 0.44921875 0.42578125 0.009375 0.01875
0 0.35390625 0.42578125 0.0234375 0.028125
0 0.47890625 0.42578125 0.0140625 0.03203125
0 0.2546875 0.42578125 0.01875 0.03203125
0 0.303125 0.428125 0.009375 0.0140625
0 0.64375 0.428125 0.01875 0.03203125
0 0.0390625 0.43046875 0.0140625 0.028125
0 0.75234375 0.43046875 0.01875 0.028125
0 0.68515625 0.4328125 0.01875 0.028125
0 0.02578125 0.4328125 0.0140625 0.028125
0 0.9609375 0.4328125 0.01875 0.0234375
0 0.23828125 0.43515625 0.0140625 0.0234375
0 0.9765625 0.4375 0.01875 0.028125
0 0.04609375 0.4375 0.009375 0.0234375
0 0.3125 0.43984375 0.0140625 0.0234375
0 0.50703125 0.43984375 0.0234375 0.04140625
0 0.66640625 0.43984375 0.01875 0.03203125
0 0.32421875 0.4421875 0.01875 0.028125
0 0.1828125 0.4421875 0.01875 0.028125
0 0.59921875 0.44453125 0.01875 0.03203125
0 0.79140625 0.44453125 0.01875 0.03203125
0 0.159375 0.446875 0.01875 0.028125
0 0.6203125 0.446875 0.0234375 0.03203125
0 0.54140625 0.44921875 0.01875 0.03671875
0 0.57421875 0.4515625 0.0140625 0.0234375
0 0.90546875 0.45390625 0.028125 0.03671875
0 0.01171875 0.471875 0.0140625 0.03671875
0 0.97421875 0.52578125 0.04140625 0.06953125