0 0.66875 0.115625 0.03671875 0.05546875
0 0.62265625 0.12734375 0.04140625 0.09296875
0 0.4234375 0.134375 0.03671875 0.01875
0 0.0390625 0.1390625 0.05078125 0.09296875
0 0.21796875 0.1390625 0.03671875 0.07890625
0 0.1203125 0.14140625 0.04140625 0.08828125
0 0.67578125 0.01640625 0.0234375 0.03203125
0 0.29609375 0.159375 0.04140625 0.07890625
0 0.52109375 0.1640625 0.03671875 0.07421875
0 0.01171875 0.17109375 0.0234375 0.05546875
0 0.1828125 0.17109375 0.03671875 0.07890625
0 0.55078125 0.1734375 0.04609375 0.03671875
0 0.365625 0.1828125 0.04609375 0.08359375
0 0.34453125 0.02109375 0.04609375 0.04140625
0 0.14609375 0.196875 0.04140625 0.07421875
0 0.4328125 0.19921875 0.04140625 0.07890625
0 0.43515625 0.02109375 0.05546875 0.04140625
0 0.69453125 0.0234375 0.028125 0.04609375
0 0.009375 0.0234375 0.01875 0.04609375
0 0.571875 0.25 0.04140625 0.07421875
0 0.3265625 0.25234375 0.05078125 0.06953125
0 0.221875 0.26171875 0.05546875 0.09296875
0 0.6828125 0.30078125 0.05078125 0.09296875
0 0.1484375 0.3078125 0.04140625 0.06015625
0 0.62734375 0.3125 0.05078125 0.07421875
0 0.56484375 0.3265625 0.04140625 0.07890625
0 0.21953125 0.32890625 0.04140625 0.05078125
0 0.43984375 0.32890625 0.03671875 0.06953125
0 0.18515625 0.33359375 0.05078125 0.04140625
0 0.471875 0.340625 0.04140625 0.08828125
0 0.0625 0.34453125 0.05078125 0.09296875
0 0.29140625 0.34453125 0.03671875 0.07890625
0 0.32890625 0.346875 0.03671875 0.06953125
0 0.10859375 0.03671875 0.04140625 0.06484375
0 0.24296875 0.03671875 0.028125 0.06015625
0 0.6734375 0.39375 0.05078125 0.05546875
0 0.3359375 0.3984375 0.0234375 0.06015625
0 0.196875 0.40078125 0.05078125 0.09296875
0 0.58125 0.409375 0.03671875 0.096875
0 0.59453125 0.04140625 0.03203125 0.06953125
0 0.2890625 0.41171875 0.03671875 0.06484375
0 0.375 0.41640625 0.03671875 0.08359375
0 0.115625 0.43984375 0.03671875 0.05546875
0 0.27109375 0.04375 0.028125 0.07421875
0 0.659375 0.44921875 0.04609375 0.06953125
0 0.071875 0.44921875 0.04609375 0.08359375
0 0.61328125 0.44921875 0.04140625 0.09296875
0 0.01875 0.45859375 0.03671875 0.09296875
0 0.18046875 0.04609375 0.0234375 0.08359375
0 0.32421875 0.46796875 0.04140625 0.06015625
0 0.52109375 0.490625 0.05078125 0.08359375
0 0.14609375 0.5 0.04609375 0.07421875
0 0.57890625 0.50234375 0.05078125 0.06015625
0 0.27578125 0.5046875 0.05078125 0.08828125
0 0.71328125 0.509375 0.04140625 0.07421875
0 0.41171875 0.5140625 0.05546875 0.04140625
0 0.66171875 0.053125 0.05546875 0.05546875
0 0.32890625 0.53671875 0.05078125 0.08828125
0 0.4328125 0.5578125 0.05546875 0.07421875
0 0.01640625 0.5625 0.03203125 0.125
0 0.49296875 0.56484375 0.06015625 0.096875
0 0.20390625 0.0578125 0.05078125 0.07890625
0 0.08828125 0.57421875 0.06484375 0.06484375
0 0.278125 0.57421875 0.04140625 0.05546875
0 0.65703125 0.57890625 0.04140625 0.06484375
0 0.15078125 0.57890625 0.05078125 0.07421875
0 0.93515625 0.58359375 0.04140625 0.04609375
0 0.8078125 0.58828125 0.04609375 0.04140625
0 0.5671875 0.590625 0.04609375 0.08359375
0 0.20859375 0.60625 0.05078125 0.07890625
0 0.909375 0.6203125 0.05078125 0.08828125
0 0.71953125 0.6296875 0.05078125 0.096875
0 0.41171875 0.6390625 0.05546875 0.08828125
0 0.5234375 0.6390625 0.04140625 0.04140625
0 0.071875 0.6390625 0.05546875 0.08828125
0 0.79609375 0.64609375 0.06015625 0.08359375
0 0.3078125 0.0671875 0.028125 0.07421875
0 0.84453125 0.6640625 0.04140625 0.1015625
0 0.28046875 0.6640625 0.06015625 0.10625
0 0.5625 0.68984375 0.06015625 0.096875
0 0.64609375 0.69453125 0.03671875 0.09296875
0 0.9765625 0.696875 0.03671875 0.08828125
0 0.20390625 0.696875 0.05078125 0.096875
0 0.384375 0.696875 0.06484375 0.06484375
0 0.90078125 0.69921875 0.03203125 0.06484375
0 0.01640625 0.7015625 0.03203125 0.115625
0 0.740625 0.70390625 0.04140625 0.08828125
0 0.51171875 0.7109375 0.05546875 0.09296875
0 0.42578125 0.071875 0.03671875 0.06953125
0 0.06015625 0.7265625 0.05078125 0.07890625
0 0.96328125 0.72890625 0.06484375 0.1109375
0 0.8078125 0.7359375 0.06015625 0.08359375
0 0.27578125 0.73828125 0.06015625 0.03203125
0 0.6734375 0.74765625 0.06015625 0.096875
0 0.36328125 0.77578125 0.05078125 0.08828125
0 0.18515625 0.79140625 0.05078125 0.08359375
0 0.090625 0.79609375 0.05078125 0.06484375
0 0.3125 0.009375 0.0234375 0.01875
0 0.7453125 0.8125 0.04609375 0.09296875
0 0.58359375 0.8125 0.04140625 0.1109375
0 0.96796875 0.81953125 0.05546875 0.05546875
0 0.28203125 0.8171875 0.06015625 0.096875
0 0.51171875 0.08359375 0.028125 0.07890625
0 0.80546875 0.83125 0.05546875 0.08828125
0 0.48828125 0.84453125 0.06015625 0.096875
0 0.4515625 0.846875 0.03203125 0.04140625
0 0.63671875 0.8515625 0.05078125 0.07890625
0 0.409375 0.85625 0.06015625 0.08828125
0 0.9234375 0.85625 0.06015625 0.05546875
0 0.84453125 0.8609375 0.05078125 0.06484375
0 0.10390625 0.8609375 0.05546875 0.06484375
0 0.7015625 0.865625 0.06015625 0.06484375
0 0.971875 0.86796875 0.04609375 0.05546875
0 0.33359375 0.86796875 0.05078125 0.05546875
0 0.21328125 0.8703125 0.06953125 0.06015625
0 0.7984375 0.88203125 0.04609375 0.03671875
0 0.58359375 0.88203125 0.07890625 0.03671875
0 0.07890625 0.090625 0.04609375 0.08828125
0 0.5390625 0.090625 0.04140625 0.06484375
0 0.346875 0.096875 0.03671875 0.07890625
0 0.6875 0.09921875 0.04140625 0.05078125
0 0.471875 0.01171875 0.028125 0.0234375
0 0.46328125 0.1109375 0.03671875 0.06953125