0 0.58359375 0.38671875 0.07421875 0.19921875
0 0.96328125 0.4140625 0.06953125 0.18984375
0 0.0578125 0.4421875 0.08828125 0.221875
0 0.346875 0.45859375 0.08828125 0.21328125
0 0.7734375 0.48125 0.08359375 0.20859375
0 0.61796875 0.05546875 0.05078125 0.1109375
0 0.471875 0.60859375 0.08828125 0.20859375
0 0.659375 0.63203125 0.08828125 0.221875
0 0.1484375 0.64140625 0.10625 0.2453125
0 0.2453125 0.07421875 0.06015625 0.1484375
0 0.92109375 0.73828125 0.09296875 0.21796875
0 0.8078125 0.784375 0.10625 0.240625
0 0.83359375 0.08828125 0.05546875 0.14375
0 0.2984375 0.8703125 0.10625 0.23125
0 0.34296875 0.09921875 0.08359375 0.17109375
0 0.50234375 0.1109375 0.05546875 0.16171875
0 0.778125 0.15078125 0.07890625 0.20390625
0 0.03671875 0.16171875 0.06015625 0.17578125
0 0.91875 0.21796875 0.06015625 0.1390625
0 0.68046875 0.24296875 0.06484375 0.16640625
0 0.1203125 0.2734375 0.06015625 0.18515625
0 0.45859375 0.3125 0.09296875 0.19921875
0 0.23359375 0.33125 0.07890625 0.18046875
0 0.82421875 0.346875 0.08359375 0.19453125