0 0.68515625 0.65703125 0.0046875 0.0046875
0 0.67578125 0.6921875 0.0046875 0.009375
0 0.7640625 0.71328125 0.009375 0.009375
0 0.778125 0.71796875 0.028125 0.03203125
0 0.740625 0.71953125 0.01875 0.03671875
0 0.57421875 0.71953125 0.028125 0.03671875
0 0.9859375 0.721875 0.009375 0.009375
0 0.55546875 0.721875 0.0140625 0.028125
0 0.5234375 0.72421875 0.01875 0.01875
0 0.909375 0.72421875 0.0140625 0.0140625
0 0.72890625 0.7265625 0.0140625 0.0140625
0 0.64375 0.72890625 0.009375 0.0140625
0 0.653125 0.72890625 0.0140625 0.01875
0 0.596875 0.73359375 0.0140625 0.01875
0 0.7546875 0.73359375 0.009375 0.01875
0 0.15703125 0.73359375 0.01875 0.0140625
0 0.6296875 0.73359375 0.0234375 0.028125
0 0.68984375 0.73359375 0.0234375 0.0140625
0 0.90078125 0.7359375 0.01875 0.028125
0 0.8171875 0.7359375 0.0140625 0.01875
0 0.87734375 0.7359375 0.009375 0.0140625
0 0.946875 0.7359375 0.009375 0.009375
0 0.6203125 0.7359375 0.0140625 0.01875
0 0.71953125 0.7359375 0.01875 0.01875
0 0.9375 0.7359375 0.0140625 0.01875
0 0.95390625 0.73828125 0.009375 0.009375
0 0.86796875 0.73828125 0.009375 0.0140625
0 0.28671875 0.73828125 0.0234375 0.028125
0 0.83828125 0.740625 0.0234375 0.04140625
0 0.43984375 0.740625 0.009375 0.01875
0 0.428125 0.740625 0.0140625 0.01875
0 0.67109375 0.740625 0.009375 0.01875
0 0.45859375 0.740625 0.01875 0.0234375
0 0.5140625 0.740625 0.009375 0.0140625
0 0.85390625 0.74296875 0.009375 0.0140625
0 0.88203125 0.74296875 0.0140625 0.0140625
0 0.3359375 0.74296875 0.01875 0.0234375
0 0.35625 0.7453125 0.0140625 0.0234375
0 0.46953125 0.74765625 0.009375 0.01875
0 0.48359375 0.74765625 0.0140625 0.0140625
0 0.49296875 0.74765625 0.009375 0.0140625
0 0.50234375 0.74765625 0.009375 0.0140625
0 0.528125 0.74765625 0.01875 0.0234375
0 0.79375 0.74765625 0.03203125 0.03671875
0 0.37734375 0.74765625 0.0140625 0.01875
0 0.39375 0.75 0.0234375 0.028125
0 0.4765625 0.75 0.009375 0.0140625
0 0.15546875 0.75 0.0140625 0.01875
0 0.95625 0.7546875 0.0140625 0.0234375
0 0.08828125 0.759375 0.0234375 0.0234375
0 0.02109375 0.759375 0.0046875 0.0140625
0 0.26640625 0.759375 0.0234375 0.028125
0 0.14140625 0.759375 0.01875 0.03203125
0 0.16640625 0.76171875 0.01875 0.028125
0 0.3125 0.76171875 0.01875 0.028125
0 0.97421875 0.76171875 0.028125 0.03671875
0 0.125 0.7640625 0.0140625 0.01875
0 0.23828125 0.7640625 0.01875 0.03671875
0 0.696875 0.7640625 0.03203125 0.03671875
0 0.21328125 0.7640625 0.03203125 0.03671875
0 0.0390625 0.7640625 0.028125 0.028125
0 0.9140625 0.7640625 0.03671875 0.04609375
0 0.19453125 0.76640625 0.01875 0.03203125
0 0.33125 0.77109375 0.0234375 0.04140625
0 0.0140625 0.78046875 0.0140625 0.01875
0 0.3984375 0.78203125 0.0234375 0.04140625
0 0.27578125 0.78671875 0.028125 0.04140625
0 0.10859375 0.79375 0.03671875 0.04609375
0 0.02109375 0.80078125 0.0234375 0.03671875
0 0.26640625 0.8125 0.03203125 0.05078125
0 0.22421875 0.81484375 0.03671875 0.05078125
0 0.01875 0.8515625 0.03671875 0.07421875
0 0.98125 0.8984375 0.01875 0.0140625