0 0.0234375 0.26171875 0.04609375 0.14375
0 0.8796875 0.2640625 0.10625 0.18984375
0 0.70390625 0.2640625 0.09296875 0.153125
0 0.5859375 0.384375 0.08828125 0.17578125
0 0.80234375 0.0390625 0.0796875 0.078125
0 0.66875 0.40078125 0.096875 0.16171875
0 0.51171875 0.41640625 0.08828125 0.18515625
0 0.071875 0.571875 0.1390625 0.2640625
0 0.653125 0.6921875 0.15703125 0.26875
0 0.2359375 0.08828125 0.1015625 0.1390625
0 0.46796875 0.090625 0.096875 0.153125
0 0.05078125 0.1640625 0.06484375 0.115625
0 0.25234375 0.196875 0.08828125 0.18515625