0 0.31015625 0.10859375 0.03203125 0.04609375
0 0.6921875 0.10859375 0.06953125 0.07421875
0 0.2359375 0.1109375 0.04140625 0.05546875
0 0.28203125 0.1109375 0.028125 0.03203125
0 0.06484375 0.01171875 0.04140625 0.0234375
0 0.83359375 0.125 0.03671875 0.06015625
0 0.33828125 0.1296875 0.04609375 0.04140625
0 0.95859375 0.1296875 0.06015625 0.06015625
0 0.90078125 0.0140625 0.0234375 0.028125
0 0.6390625 0.14375 0.04140625 0.06484375
0 0.971875 0.01640625 0.028125 0.03203125
0 0.40703125 0.01640625 0.0234375 0.03203125
0 0.01875 0.14609375 0.03671875 0.06015625
0 0.58828125 0.15546875 0.06484375 0.096875
0 0.8703125 0.01640625 0.0234375 0.03203125
0 0.35625 0.01640625 0.028125 0.03203125
0 0.85625 0.159375 0.04609375 0.06484375
0 0.5 0.16875 0.04140625 0.07890625
0 0.28203125 0.16875 0.05078125 0.07421875
0 0.76875 0.17109375 0.05078125 0.06953125
0 0.65703125 0.02109375 0.04609375 0.04140625
0 0.34296875 0.18984375 0.04609375 0.06953125
0 0.12734375 0.18984375 0.04609375 0.06953125
0 0.5859375 0.02109375 0.028125 0.04140625
0 0.68046875 0.19921875 0.05546875 0.08359375
0 0.1875 0.2015625 0.05078125 0.07890625
0 0.96953125 0.20625 0.04140625 0.06953125
0 0.81953125 0.20859375 0.05546875 0.07421875
0 0.84296875 0.02109375 0.03671875 0.04140625
0 0.3703125 0.22890625 0.06015625 0.08828125
0 0.53046875 0.22890625 0.05078125 0.04140625
0 0.03046875 0.2453125 0.06015625 0.09296875
0 0.4328125 0.25 0.04140625 0.07890625
0 0.721875 0.25703125 0.06953125 0.08828125
0 0.903125 0.27109375 0.06015625 0.08828125
0 0.4234375 0.028125 0.01875 0.0234375
0 0.62734375 0.028125 0.03203125 0.04609375
0 0.534375 0.27578125 0.08828125 0.05546875
0 0.26171875 0.29140625 0.05546875 0.07890625
0 0.384375 0.03046875 0.028125 0.03671875
0 0.4765625 0.03046875 0.0234375 0.04140625
0 0.509375 0.03046875 0.0234375 0.04140625
0 0.15703125 0.3171875 0.05546875 0.08359375
0 0.72890625 0.03203125 0.03671875 0.05546875
0 0.9375 0.034375 0.03671875 0.06484375
0 0.52578125 0.340625 0.06015625 0.096875
0 0.9421875 0.3609375 0.07421875 0.125
0 0.72421875 0.39375 0.06484375 0.1109375
0 0.278125 0.40703125 0.06484375 0.1015625
0 0.14140625 0.41171875 0.06484375 0.1015625
0 0.8171875 0.04375 0.04140625 0.08359375
0 0.2015625 0.04375 0.04140625 0.06953125
0 0.60859375 0.46328125 0.07890625 0.125
0 0.79140625 0.04609375 0.01875 0.06015625
0 0.3171875 0.04609375 0.028125 0.04609375
0 0.45390625 0.47890625 0.08359375 0.1203125
0 0.54140625 0.0484375 0.04140625 0.06953125
0 0.2546875 0.48828125 0.05078125 0.06015625
0 0.1015625 0.05078125 0.03671875 0.03671875
0 0.0140625 0.05078125 0.028125 0.03671875
0 0.85390625 0.50703125 0.07421875 0.125
0 0.13671875 0.0578125 0.03671875 0.05546875
0 0.2984375 0.06015625 0.03671875 0.05546875
0 0.25703125 0.60390625 0.096875 0.1109375
0 0.028125 0.653125 0.05546875 0.1296875
0 0.2734375 0.06953125 0.028125 0.04609375
0 0.340625 0.06953125 0.03203125 0.04609375
0 0.428125 0.071875 0.03203125 0.05546875
0 0.3984375 0.071875 0.03203125 0.04609375
0 0.62734375 0.07421875 0.03671875 0.05546875
0 0.03203125 0.7890625 0.0640625 0.14375
0 0.73828125 0.80078125 0.1109375 0.18515625
0 0.25 0.803125 0.10625 0.153125
0 0.0140625 0.08125 0.028125 0.05078125
0 0.49296875 0.08359375 0.03203125 0.06015625
0 0.89609375 0.08828125 0.04609375 0.07421875
0 0.36796875 0.09453125 0.03671875 0.05546875
0 0.44921875 0.1015625 0.04140625 0.06484375
0 0.096875 0.1015625 0.04609375 0.06953125
0 0.04375 0.10390625 0.04140625 0.06484375