0 0.9859375 0.40546875 0.009375 0.009375
0 0.99296875 0.40703125 0.0046875 0.009375
0 0.96953125 0.40703125 0.009375 0.0046875
0 0.95859375 0.409375 0.009375 0.009375
0 0.990625 0.41171875 0.0140625 0.009375
0 0.89375 0.4140625 0.009375 0.009375
0 0.9234375 0.41640625 0.0140625 0.0046875
0 0.98359375 0.41640625 0.0140625 0.009375
0 0.93984375 0.41640625 0.0140625 0.009375
0 0.95625 0.41875 0.0140625 0.0046875
0 0.9765625 0.42109375 0.0140625 0.009375
0 0.91640625 0.42109375 0.0140625 0.009375
0 0.86796875 0.42109375 0.009375 0.009375
0 0.83125 0.42578125 0.0140625 0.009375
0 0.91171875 0.42578125 0.01875 0.0140625
0 0.9515625 0.42578125 0.0140625 0.009375
0 0.79609375 0.43046875 0.01875 0.0140625
0 0.8171875 0.4328125 0.01875 0.009375
0 0.928125 0.4328125 0.0140625 0.0140625
0 0.89375 0.4328125 0.01875 0.009375
0 0.946875 0.4328125 0.0140625 0.009375
0 0.83359375 0.43515625 0.01875 0.009375
0 0.90546875 0.4375 0.01875 0.009375
0 0.78203125 0.4375 0.0140625 0.0046875
0 0.7640625 0.4375 0.009375 0.0046875
0 0.88671875 0.4421875 0.01875 0.0140625
0 0.81484375 0.4421875 0.01875 0.009375
0 0.8609375 0.4421875 0.01875 0.009375
0 0.77578125 0.44453125 0.01875 0.0140625
0 0.74765625 0.44453125 0.0140625 0.0140625
0 0.73828125 0.44453125 0.009375 0.0140625
0 0.79375 0.446875 0.01875 0.0140625
0 0.71953125 0.446875 0.01875 0.0140625
0 0.83359375 0.44921875 0.01875 0.0140625
0 0.67109375 0.44921875 0.0234375 0.0140625
0 0.81484375 0.44921875 0.01875 0.0140625
0 0.6828125 0.45625 0.01875 0.0046875
0 0.7265625 0.45859375 0.0140625 0.009375
0 0.6390625 0.45859375 0.0140625 0.0046875
0 0.79375 0.45859375 0.01875 0.0140625
0 0.64375 0.46328125 0.01875 0.009375
0 0.6203125 0.465625 0.0234375 0.01875
0 0.68046875 0.465625 0.01875 0.0140625
0 0.7359375 0.46796875 0.0140625 0.0140625
0 0.60390625 0.46796875 0.01875 0.009375
0 0.7265625 0.46796875 0.01875 0.0140625
0 0.58828125 0.46953125 0.01875 0.009375
0 0.596875 0.47421875 0.01875 0.0046875
0 0.55546875 0.47421875 0.01875 0.0140625
0 0.6015625 0.47890625 0.01875 0.0046875
0 0.6875 0.47890625 0.0234375 0.0140625
0 0.65078125 0.47890625 0.01875 0.01875
0 0.53671875 0.48125 0.0234375 0.0140625
0 0.56484375 0.4859375 0.01875 0.009375
0 0.48828125 0.4859375 0.028125 0.01875
0 0.58828125 0.4859375 0.0234375 0.0140625
0 0.615625 0.48828125 0.0234375 0.01875
0 0.46796875 0.48828125 0.0234375 0.01875
0 0.634375 0.4953125 0.01875 0.0140625
0 0.5390625 0.4953125 0.0234375 0.0140625
0 0.4328125 0.4953125 0.0234375 0.01875
0 0.5671875 0.49765625 0.01875 0.0140625
0 0.65703125 0.49765625 0.028125 0.01875
0 0.5859375 0.49765625 0.01875 0.0140625
0 0.5046875 0.50234375 0.0234375 0.009375
0 0.403125 0.509375 0.0234375 0.01875
0 0.509375 0.51640625 0.028125 0.01875
0 0.528125 0.51640625 0.01875 0.01875
0 0.1828125 0.5234375 0.06015625 0.03203125
0 0.4375 0.53203125 0.03203125 0.028125
0 0.24296875 0.56015625 0.028125 0.01875
0 0.23359375 0.57421875 0.03203125 0.03671875
0 0.4859375 0.58359375 0.06953125 0.04140625
0 0.76171875 0.590625 0.08359375 0.04609375
0 0.12265625 0.59296875 0.17109375 0.1390625
0 0.31015625 0.59296875 0.07890625 0.03203125
0 0.4234375 0.59453125 0.06953125 0.04140625
0 0.64375 0.6015625 0.08828125 0.06015625
0 0.33828125 0.6296875 0.09296875 0.06015625
0 0.76171875 0.66171875 0.08828125 0.04140625
0 0.53203125 0.69453125 0.17109375 0.09296875
0 0.659375 0.865625 0.278125 0.19921875