0 0.03046875 0.59921875 0.0140625 0.01875
0 0.0390625 0.6015625 0.009375 0.01875
0 0.10625 0.60625 0.0234375 0.04140625
0 0.125 0.60859375 0.009375 0.01875
0 0.15078125 0.6109375 0.0140625 0.01875
0 0.090625 0.615625 0.0140625 0.01875
0 0.31953125 0.61796875 0.01875 0.03203125
0 0.49296875 0.61796875 0.01875 0.0234375
0 0.4515625 0.6203125 0.0140625 0.0234375
0 0.11796875 0.6203125 0.0140625 0.028125
0 0.25234375 0.6203125 0.009375 0.0234375
0 0.71796875 0.6203125 0.03671875 0.06953125
0 0.17578125 0.62265625 0.04140625 0.06015625
0 0.2984375 0.62265625 0.03671875 0.04140625
0 0.5671875 0.62265625 0.01875 0.028125
0 0.43984375 0.625 0.0140625 0.028125
0 0.23125 0.625 0.0140625 0.01875
0 0.07421875 0.625 0.0140625 0.0234375
0 0.3703125 0.62734375 0.0140625 0.01875
0 0.64140625 0.6296875 0.0140625 0.01875
0 0.41875 0.63203125 0.0140625 0.01875
0 0.63203125 0.63203125 0.0140625 0.028125
0 0.44921875 0.634375 0.0140625 0.028125
0 0.55078125 0.634375 0.01875 0.0234375
0 0.40546875 0.634375 0.01875 0.028125
0 0.35625 0.63671875 0.0140625 0.01875
0 0.12734375 0.6390625 0.01875 0.03671875
0 0.14609375 0.64375 0.01875 0.028125
0 0.01875 0.64375 0.009375 0.01875
0 0.7734375 0.64609375 0.0234375 0.0140625
0 0.61796875 0.64609375 0.01875 0.028125
0 0.6828125 0.6484375 0.04609375 0.06484375
0 0.81015625 0.65078125 0.01875 0.03203125
0 0.54609375 0.65078125 0.0234375 0.03203125
0 0.65078125 0.65078125 0.01875 0.0234375
0 0.7453125 0.65078125 0.01875 0.03671875
0 0.19453125 0.653125 0.009375 0.0234375
0 0.20390625 0.653125 0.01875 0.03203125
0 0.39375 0.65546875 0.0234375 0.03671875
0 0.3359375 0.66640625 0.0140625 0.01875
0 0.79609375 0.66640625 0.0234375 0.04140625
0 0.47421875 0.66875 0.01875 0.03203125
0 0.778125 0.66875 0.01875 0.03203125
0 0.37265625 0.68984375 0.009375 0.01875