0 0.178125 0.44453125 0.009375 0.0140625
0 0.3796875 0.44921875 0.0046875 0.0046875
0 0.38671875 0.45859375 0.009375 0.009375
0 0.365625 0.45859375 0.009375 0.009375
0 0.43046875 0.4609375 0.0046875 0.009375
0 0.4140625 0.46328125 0.0046875 0.009375
0 0.465625 0.46328125 0.009375 0.009375
0 0.37265625 0.46328125 0.009375 0.009375
0 0.47421875 0.46328125 0.0046875 0.009375
0 0.45859375 0.46328125 0.009375 0.009375
0 0.40703125 0.465625 0.0046875 0.0046875
0 0.384375 0.465625 0.0046875 0.009375
0 0.365625 0.46953125 0.009375 0.0046875
0 0.3984375 0.46953125 0.009375 0.009375
0 0.1640625 0.471875 0.0046875 0.009375
0 0.53671875 0.47421875 0.0046875 0.009375
0 0.490625 0.47421875 0.0046875 0.009375
0 0.50703125 0.47421875 0.0046875 0.009375
0 0.428125 0.4765625 0.009375 0.009375
0 0.54140625 0.4765625 0.0046875 0.009375
0 0.5625 0.4765625 0.0046875 0.009375
0 0.57890625 0.4765625 0.0046875 0.0046875
0 0.1828125 0.47890625 0.0046875 0.0046875
0 0.2640625 0.47890625 0.0046875 0.009375
0 0.16171875 0.47890625 0.0046875 0.009375
0 0.1875 0.47890625 0.0046875 0.009375
0 0.465625 0.47890625 0.009375 0.009375
0 0.7734375 0.47890625 0.0046875 0.0046875
0 0.778125 0.47890625 0.0046875 0.0046875
0 0.15546875 0.47890625 0.0046875 0.009375
0 0.18046875 0.47890625 0.0046875 0.0046875
0 0.23359375 0.48125 0.0046875 0.0046875
0 0.57421875 0.48125 0.009375 0.0046875
0 0.2015625 0.48125 0.0046875 0.0046875
0 0.19453125 0.48125 0.0046875 0.0046875
0 0.27109375 0.48125 0.0046875 0.0046875
0 0.53671875 0.48359375 0.0046875 0.0046875
0 0.553125 0.48359375 0.0046875 0.0046875
0 0.221875 0.48359375 0.0046875 0.009375
0 0.7640625 0.48359375 0.009375 0.009375
0 0.215625 0.48359375 0.0046875 0.009375
0 0.5484375 0.48359375 0.009375 0.009375
0 0.60859375 0.48359375 0.009375 0.009375
0 0.625 0.48359375 0.009375 0.009375
0 0.16640625 0.4859375 0.0046875 0.0046875
0 0.784375 0.4859375 0.0046875 0.009375
0 0.284375 0.4859375 0.0046875 0.009375
0 0.58828125 0.4859375 0.0046875 0.009375
0 0.6015625 0.4859375 0.009375 0.009375
0 0.615625 0.4859375 0.0046875 0.0046875
0 0.7359375 0.4859375 0.0046875 0.009375
0 0.51171875 0.4859375 0.0046875 0.009375
0 0.5578125 0.4859375 0.0046875 0.009375
0 0.58125 0.4859375 0.0046875 0.0140625
0 0.71953125 0.48828125 0.009375 0.009375
0 0.18046875 0.48828125 0.0046875 0.009375
0 0.4953125 0.48828125 0.009375 0.009375
0 0.83125 0.48828125 0.009375 0.009375
0 0.15546875 0.48828125 0.0046875 0.009375
0 0.1921875 0.48828125 0.0046875 0.009375
0 0.25703125 0.48828125 0.0046875 0.0046875
0 0.528125 0.48828125 0.009375 0.009375
0 0.54375 0.48828125 0.0046875 0.009375
0 0.5765625 0.48828125 0.009375 0.009375
0 0.50703125 0.490625 0.0046875 0.009375
0 0.16171875 0.490625 0.009375 0.009375
0 0.240625 0.490625 0.0046875 0.0046875
0 0.7546875 0.490625 0.0046875 0.009375
0 0.821875 0.490625 0.009375 0.009375
0 0.56953125 0.490625 0.0046875 0.009375
0 0.7453125 0.49296875 0.0046875 0.0046875
0 0.22421875 0.49296875 0.009375 0.009375
0 0.77109375 0.49296875 0.009375 0.009375
0 0.7890625 0.49296875 0.009375 0.009375
0 0.84921875 0.49296875 0.009375 0.0140625
0 0.74765625 0.49296875 0.0046875 0.0046875
0 0.2734375 0.4953125 0.0046875 0.0046875
0 0.2984375 0.4953125 0.009375 0.009375
0 0.48125 0.4953125 0.0046875 0.009375
0 0.509375 0.4953125 0.0046875 0.009375
0 0.803125 0.4953125 0.009375 0.0140625
0 0.83359375 0.4953125 0.009375 0.009375
0 0.6109375 0.4953125 0.0046875 0.009375
0 0.840625 0.49765625 0.009375 0.0140625
0 0.16875 0.49765625 0.009375 0.0140625
0 0.5859375 0.49765625 0.009375 0.009375
0 0.17578125 0.49765625 0.009375 0.009375
0 0.21953125 0.49765625 0.0046875 0.0140625
0 0.19921875 0.5 0.009375 0.009375
0 0.72890625 0.5 0.0046875 0.009375
0 0.71953125 0.5 0.009375 0.009375
0 0.75703125 0.5 0.009375 0.009375
0 0.6921875 0.5 0.009375 0.01875
0 0.15546875 0.5 0.0046875 0.009375
0 0.16171875 0.50234375 0.009375 0.009375
0 0.21328125 0.50234375 0.009375 0.0140625
0 0.6203125 0.50234375 0.009375 0.0046875
0 0.740625 0.50234375 0.009375 0.0140625
0 0.1921875 0.50234375 0.009375 0.0140625
0 0.284375 0.50234375 0.009375 0.009375
0 0.14609375 0.5046875 0.009375 0.009375
0 0.3265625 0.5046875 0.009375 0.009375
0 0.321875 0.5046875 0.009375 0.009375
0 0.13671875 0.5046875 0.0046875 0.009375
0 0.221875 0.5046875 0.0046875 0.009375
0 0.24765625 0.5046875 0.009375 0.009375
0 0.23359375 0.5046875 0.0046875 0.0140625
0 0.88671875 0.50703125 0.009375 0.009375
0 0.17578125 0.50703125 0.009375 0.009375
0 0.259375 0.50703125 0.009375 0.0140625
0 0.27578125 0.50703125 0.009375 0.0140625
0 0.3890625 0.50703125 0.009375 0.0140625
0 0.1109375 0.50703125 0.009375 0.0140625
0 0.11796875 0.50703125 0.0140625 0.0140625
0 0.196875 0.50703125 0.0046875 0.0140625
0 0.23828125 0.50703125 0.0046875 0.009375
0 0.90546875 0.51171875 0.009375 0.01875
0 0.1296875 0.51171875 0.0046875 0.0140625
0 0.221875 0.51171875 0.0046875 0.009375
0 0.15546875 0.51171875 0.009375 0.0140625
0 0.18515625 0.51171875 0.0046875 0.0140625
0 0.16640625 0.51171875 0.009375 0.0140625
0 0.178125 0.5140625 0.009375 0.0140625
0 0.29375 0.5140625 0.009375 0.0140625
0 0.3078125 0.5140625 0.009375 0.009375
0 0.35859375 0.51640625 0.009375 0.0140625
0 0.340625 0.51640625 0.0046875 0.009375
0 0.20625 0.51640625 0.0140625 0.01875
0 0.53671875 0.51875 0.0140625 0.01875
0 0.28046875 0.51875 0.0140625 0.0140625
0 0.36796875 0.51875 0.009375 0.01875
0 0.3703125 0.51875 0.009375 0.0140625
0 0.9421875 0.52109375 0.0140625 0.01875
0 0.41171875 0.52109375 0.0140625 0.0140625
0 0.3984375 0.52109375 0.009375 0.0140625
0 0.24765625 0.5234375 0.0140625 0.0140625
0 0.1484375 0.5234375 0.0140625 0.01875
0 0.10859375 0.5234375 0.0140625 0.01875
0 0.22890625 0.52578125 0.009375 0.01875
0 0.346875 0.52578125 0.0234375 0.01875
0 0.27109375 0.52578125 0.009375 0.0140625
0 0.35859375 0.52578125 0.0140625 0.01875
0 0.46328125 0.528125 0.0140625 0.01875
0 0.39140625 0.528125 0.0140625 0.0140625
0 0.18046875 0.53046875 0.0140625 0.01875
0 0.33125 0.53046875 0.01875 0.0234375
0 0.3171875 0.534375 0.0140625 0.01875
0 0.14140625 0.53671875 0.0140625 0.01875
0 0.39375 0.5390625 0.01875 0.01875
0 0.29609375 0.5390625 0.0140625 0.0140625
0 0.428125 0.5390625 0.01875 0.028125
0 0.42578125 0.54375 0.0140625 0.01875
0 0.215625 0.54375 0.0234375 0.0234375
0 0.30546875 0.54375 0.0140625 0.0234375
0 0.27578125 0.5484375 0.0140625 0.01875
0 0.375 0.55078125 0.0234375 0.0234375
0 0.12734375 0.55078125 0.009375 0.01875
0 0.22890625 0.553125 0.0140625 0.028125
0 0.71953125 0.5671875 0.01875 0.028125
0 0.21328125 0.57421875 0.0234375 0.03671875
0 0.39609375 0.57421875 0.01875 0.03203125
0 0.26875 0.58125 0.0234375 0.03203125
0 0.340625 0.5859375 0.0234375 0.03203125
0 0.48125 0.5859375 0.0234375 0.03671875
0 0.1875 0.59296875 0.03203125 0.04140625
0 0.79375 0.59453125 0.03671875 0.05078125
0 0.64140625 0.59453125 0.028125 0.04140625
0 0.71953125 0.60625 0.03671875 0.04609375
0 0.31015625 0.62734375 0.0234375 0.028125
0 0.1109375 0.634375 0.04140625 0.05546875
0 0.3265625 0.66171875 0.03203125 0.05078125
0 0.71328125 0.69921875 0.05078125 0.07421875
0 0.57890625 0.7109375 0.04140625 0.07421875
0 0.38203125 0.84296875 0.07421875 0.1109375