0 0.66875 0.01171875 0.0234375 0.0234375
0 0.07421875 0.01171875 0.0140625 0.0234375
0 0.1015625 0.10625 0.01875 0.04140625
0 0.43046875 0.10625 0.0234375 0.04140625
0 0.403125 0.10859375 0.01875 0.04609375
0 0.8703125 0.1109375 0.03203125 0.03671875
0 0.39140625 0.115625 0.01875 0.03671875
0 0.48828125 0.1203125 0.03203125 0.0234375
0 0.94453125 0.12265625 0.0234375 0.04140625
0 0.70390625 0.125 0.028125 0.04609375
0 0.45625 0.01171875 0.0234375 0.0234375
0 0.36328125 0.1296875 0.0234375 0.04140625
0 0.2640625 0.13203125 0.0234375 0.04140625
0 0.625 0.134375 0.0234375 0.04140625
0 0.65546875 0.134375 0.01875 0.04140625
0 0.2546875 0.0140625 0.04609375 0.0234375
0 0.28671875 0.13671875 0.0234375 0.04140625
0 0.95859375 0.1390625 0.028125 0.04140625
0 0.3703125 0.01640625 0.0234375 0.03203125
0 0.40078125 0.01640625 0.0234375 0.03203125
0 0.4953125 0.15703125 0.028125 0.04140625
0 0.803125 0.17109375 0.028125 0.04609375
0 0.76640625 0.17109375 0.0234375 0.05546875
0 0.51875 0.18046875 0.028125 0.05546875
0 0.16640625 0.01875 0.028125 0.03671875
0 0.03046875 0.18984375 0.028125 0.04140625
0 0.17109375 0.19921875 0.028125 0.05078125
0 0.125 0.02109375 0.028125 0.03203125
0 0.32421875 0.02109375 0.028125 0.04140625
0 0.053125 0.02109375 0.028125 0.03671875
0 0.95390625 0.2015625 0.0234375 0.04140625
0 0.44921875 0.20390625 0.03203125 0.05078125
0 0.93515625 0.215625 0.028125 0.05078125
0 0.090625 0.221875 0.028125 0.04609375
0 0.8359375 0.02578125 0.028125 0.04609375
0 0.1875 0.25234375 0.028125 0.05078125
0 0.66640625 0.26171875 0.03203125 0.06015625
0 0.4515625 0.2640625 0.028125 0.04609375
0 0.71796875 0.028125 0.028125 0.04140625
0 0.2109375 0.2734375 0.03203125 0.06015625
0 0.1390625 0.278125 0.03203125 0.05546875
0 0.375 0.2890625 0.03671875 0.05078125
0 0.69453125 0.29140625 0.03671875 0.06953125
0 0.5484375 0.30078125 0.04140625 0.06953125
0 0.65078125 0.0046875 0.0140625 0.009375
0 0.53671875 0.03203125 0.01875 0.03671875
0 0.8703125 0.32890625 0.03671875 0.07421875
0 0.48359375 0.33125 0.03671875 0.06015625
0 0.46953125 0.034375 0.0234375 0.03203125
0 0.240625 0.35390625 0.03671875 0.06015625
0 0.821875 0.35859375 0.03671875 0.06953125
0 0.78203125 0.365625 0.03671875 0.06953125
0 0.446875 0.365625 0.03203125 0.05546875
0 0.3359375 0.384375 0.04140625 0.06015625
0 0.99296875 0.0390625 0.0046875 0.04140625
0 0.18984375 0.40546875 0.04609375 0.06484375
0 0.8515625 0.40703125 0.03203125 0.05078125
0 0.5765625 0.40703125 0.04140625 0.06484375
0 0.3171875 0.04140625 0.0234375 0.04609375
0 0.009375 0.04375 0.01875 0.05078125
0 0.14609375 0.44453125 0.03671875 0.09296875
0 0.39609375 0.4515625 0.04140625 0.06484375
0 0.928125 0.04609375 0.01875 0.028125
0 0.33359375 0.46328125 0.05546875 0.08359375
0 0.16640625 0.46953125 0.01875 0.04140625
0 0.865625 0.471875 0.03671875 0.06015625
0 0.25 0.0484375 0.0234375 0.05078125
0 0.67578125 0.49296875 0.03671875 0.05078125
0 0.10625 0.00703125 0.01875 0.0140625
0 0.56015625 0.00703125 0.01875 0.0140625
0 0.4609375 0.553125 0.04609375 0.07890625
0 0.01875 0.55546875 0.03671875 0.07421875
0 0.409375 0.0578125 0.0234375 0.0234375
0 0.95625 0.5671875 0.03671875 0.07421875
0 0.69921875 0.5671875 0.04140625 0.07890625
0 0.20859375 0.57890625 0.03203125 0.07421875
0 0.51171875 0.57890625 0.05078125 0.07421875
0 0.11796875 0.06015625 0.0140625 0.03203125
0 0.77109375 0.06015625 0.01875 0.03203125
0 0.68515625 0.06015625 0.01875 0.03203125
0 0.89140625 0.61328125 0.04609375 0.08359375
0 0.240625 0.0625 0.0234375 0.04609375
0 0.634375 0.634375 0.04609375 0.08359375
0 0.7984375 0.65546875 0.04140625 0.06484375
0 0.34453125 0.6640625 0.04609375 0.07890625
0 0.57890625 0.06953125 0.028125 0.03671875
0 0.14609375 0.07421875 0.01875 0.03671875
0 0.43515625 0.07890625 0.0234375 0.04140625
0 0.26875 0.79375 0.05078125 0.05546875
0 0.5671875 0.840625 0.05078125 0.08359375
0 0.4859375 0.84453125 0.05078125 0.08359375
0 0.26875 0.8703125 0.08359375 0.06015625
0 0.6640625 0.090625 0.03203125 0.03203125
0 0.46796875 0.090625 0.0234375 0.03671875
0 0.57421875 0.009375 0.0140625 0.01875
0 0.54375 0.09453125 0.028125 0.04140625
0 0.51875 0.096875 0.01875 0.04609375
0 0.96953125 0.09921875 0.01875 0.03671875
0 0.5046875 0.1015625 0.0140625 0.03671875