0 0.45625 0.40078125 0.0046875 0.01875
0 0.49296875 0.40078125 0.009375 0.0046875
0 0.50703125 0.40078125 0.0046875 0.0140625
0 0.471875 0.403125 0.009375 0.009375
0 0.52578125 0.403125 0.0046875 0.0140625
0 0.53671875 0.403125 0.009375 0.01875
0 0.5140625 0.40546875 0.0046875 0.0046875
0 0.57890625 0.40703125 0.009375 0.0140625
0 0.3609375 0.409375 0.0046875 0.0140625
0 0.4421875 0.41171875 0.009375 0.0140625
0 0.55546875 0.41171875 0.0046875 0.009375
0 0.596875 0.41171875 0.009375 0.0140625
0 0.41171875 0.4140625 0.0046875 0.0046875
0 0.5859375 0.4140625 0.0140625 0.01875
0 0.37734375 0.41875 0.0046875 0.01875
0 0.46796875 0.42109375 0.009375 0.0140625
0 0.64140625 0.42578125 0.009375 0.0234375
0 0.6203125 0.428125 0.0140625 0.01875
0 0.4328125 0.4328125 0.009375 0.0140625
0 0.571875 0.43515625 0.0140625 0.0140625
0 0.59921875 0.43515625 0.0140625 0.01875
0 0.4140625 0.43984375 0.0046875 0.01875
0 0.65703125 0.43984375 0.0140625 0.01875
0 0.63671875 0.44453125 0.0140625 0.01875
0 0.70859375 0.44453125 0.009375 0.0046875
0 0.29609375 0.446875 0.0234375 0.028125
0 0.62265625 0.44921875 0.009375 0.0140625
0 0.37734375 0.44921875 0.0140625 0.01875
0 0.4859375 0.4515625 0.0140625 0.0140625
0 0.35625 0.45390625 0.01875 0.0234375
0 0.51640625 0.45390625 0.0140625 0.01875
0 0.79375 0.45625 0.0140625 0.0234375
0 0.21796875 0.45859375 0.03203125 0.04609375
0 0.4515625 0.45859375 0.0140625 0.01875
0 0.4234375 0.4609375 0.009375 0.01875
0 0.96328125 0.46328125 0.0140625 0.03671875
0 0.884375 0.465625 0.01875 0.028125
0 0.56484375 0.46796875 0.0140625 0.0234375
0 0.70390625 0.46796875 0.009375 0.0234375
0 0.84453125 0.46796875 0.01875 0.0234375
0 0.64375 0.46953125 0.0140625 0.0234375
0 0.7265625 0.46953125 0.009375 0.0140625
0 0.98828125 0.46953125 0.01875 0.06953125
0 0.5 0.47421875 0.009375 0.01875
0 0.53203125 0.47421875 0.0140625 0.0140625
0 0.759375 0.47421875 0.009375 0.01875
0 0.81484375 0.47421875 0.01875 0.0234375
0 0.73828125 0.4765625 0.0046875 0.01875
0 0.78046875 0.47890625 0.0140625 0.01875
0 0.34296875 0.48125 0.0234375 0.05078125
0 0.30546875 0.48359375 0.01875 0.03671875
0 0.68046875 0.48359375 0.03203125 0.05078125
0 0.94453125 0.4859375 0.0234375 0.028125
0 0.715625 0.48828125 0.0140625 0.03203125
0 0.51171875 0.490625 0.009375 0.01875
0 0.4421875 0.49296875 0.01875 0.028125
0 0.91875 0.4953125 0.0140625 0.03671875
0 0.28203125 0.49765625 0.028125 0.04609375
0 0.89609375 0.5 0.028125 0.03203125
0 0.59296875 0.5 0.009375 0.06015625
0 0.65703125 0.50234375 0.01875 0.0234375
0 0.81484375 0.5046875 0.01875 0.01875
0 0.471875 0.51171875 0.0140625 0.03671875
0 0.384375 0.51171875 0.028125 0.05078125
0 0.5578125 0.51171875 0.028125 0.05078125
0 0.52578125 0.5140625 0.0140625 0.03671875
0 0.615625 0.51875 0.028125 0.04609375
0 0.76875 0.52109375 0.0234375 0.03671875
0 0.21796875 0.528125 0.03203125 0.05078125
0 0.4953125 0.528125 0.01875 0.03671875
0 0.43046875 0.53046875 0.03203125 0.05078125
0 0.72890625 0.5390625 0.03203125 0.05078125
0 0.84921875 0.54375 0.03671875 0.06015625
0 0.79609375 0.5484375 0.01875 0.04140625
0 0.89140625 0.55078125 0.01875 0.04140625
0 0.94453125 0.65078125 0.06484375 0.1109375