0 0.1734375 0.02578125 0.03203125 0.05078125
0 0.59921875 0.2453125 0.03671875 0.05546875
0 0.58359375 0.2453125 0.028125 0.05078125
0 0.70859375 0.25 0.06015625 0.06484375
0 0.7546875 0.25234375 0.04609375 0.06953125
0 0.54140625 0.2640625 0.04140625 0.06015625
0 0.98125 0.26640625 0.03203125 0.06015625
0 0.071875 0.028125 0.04140625 0.05546875
0 0.1828125 0.2734375 0.04609375 0.07890625
0 0.22890625 0.2734375 0.04140625 0.05546875
0 0.45859375 0.2734375 0.06015625 0.09296875
0 0.07890625 0.2890625 0.05546875 0.08828125
0 0.83359375 0.30078125 0.04140625 0.05078125
0 0.31953125 0.30078125 0.028125 0.06015625
0 0.35859375 0.30546875 0.06015625 0.07421875
0 0.03203125 0.3078125 0.05546875 0.08828125
0 0.7015625 0.31484375 0.04140625 0.06953125
0 0.10390625 0.03203125 0.03671875 0.05078125
0 0.034375 0.03203125 0.03671875 0.04609375
0 0.965625 0.31953125 0.05546875 0.08359375
0 0.134375 0.31953125 0.04140625 0.05546875
0 0.9140625 0.321875 0.06015625 0.07890625
0 0.62265625 0.32421875 0.05078125 0.06953125
0 0.19921875 0.33359375 0.04140625 0.05546875
0 0.284375 0.340625 0.04609375 0.06953125
0 0.740625 0.034375 0.03671875 0.06015625
0 0.78671875 0.35625 0.04140625 0.07421875
0 0.23828125 0.35859375 0.05078125 0.07890625
0 0.5234375 0.3609375 0.04140625 0.07890625
0 0.72890625 0.36328125 0.04140625 0.05546875
0 0.37265625 0.365625 0.05078125 0.08828125
0 0.59296875 0.3703125 0.04140625 0.07421875
0 0.54609375 0.37734375 0.04140625 0.05546875
0 0.82890625 0.38671875 0.04609375 0.06484375
0 0.89609375 0.39140625 0.04140625 0.06953125
0 0.9328125 0.39140625 0.04609375 0.06953125
0 0.134375 0.41640625 0.06015625 0.10625
0 0.54375 0.42109375 0.03203125 0.06015625
0 0.97421875 0.42578125 0.04140625 0.05546875
0 0.19921875 0.428125 0.06953125 0.07421875
0 0.02109375 0.43046875 0.04140625 0.1015625
0 0.5765625 0.43046875 0.05546875 0.05078125
0 0.73828125 0.4328125 0.04609375 0.07421875
0 0.3078125 0.4375 0.06015625 0.08828125
0 0.49296875 0.4421875 0.03671875 0.05078125
0 0.25234375 0.45625 0.05546875 0.07421875
0 0.509375 0.04609375 0.028125 0.05546875
0 0.3890625 0.0484375 0.04140625 0.05546875
0 0.465625 0.46796875 0.04140625 0.05078125
0 0.7109375 0.46796875 0.06015625 0.07890625
0 0.9421875 0.46796875 0.04609375 0.07890625
0 0.10859375 0.46796875 0.04609375 0.05546875
0 0.8703125 0.46953125 0.05078125 0.06953125
0 0.3609375 0.47421875 0.06015625 0.08359375
0 0.6015625 0.49296875 0.06484375 0.10625
0 0.9765625 0.5046875 0.04609375 0.08359375
0 0.303125 0.51640625 0.05546875 0.08828125
0 0.15703125 0.52109375 0.06484375 0.07890625
0 0.09921875 0.5234375 0.05546875 0.08828125
0 0.5 0.53203125 0.06015625 0.096875
0 0.29375 0.05546875 0.03671875 0.06015625
0 0.98359375 0.5390625 0.028125 0.07421875
0 0.784375 0.5484375 0.05078125 0.06484375
0 0.6640625 0.553125 0.06015625 0.07890625
0 0.88671875 0.55546875 0.06015625 0.08359375
0 0.25703125 0.5578125 0.05078125 0.06015625
0 0.553125 0.5625 0.05078125 0.07890625
0 0.02578125 0.5765625 0.05078125 0.1203125
0 0.47421875 0.58125 0.06953125 0.1203125
0 0.34296875 0.58828125 0.06953125 0.10625
0 0.94921875 0.58828125 0.05546875 0.08828125
0 0.26171875 0.0625 0.028125 0.05546875
0 0.153125 0.0625 0.03203125 0.04140625
0 0.7546875 0.61328125 0.06484375 0.08828125
0 0.778125 0.62265625 0.04609375 0.07421875
0 0.83359375 0.625 0.07421875 0.1296875
0 0.9859375 0.0671875 0.0234375 0.06953125
0 0.19921875 0.64140625 0.05546875 0.1203125
0 0.2734375 0.64140625 0.06953125 0.1015625
0 0.68515625 0.65546875 0.07421875 0.10625
0 0.09453125 0.65546875 0.06015625 0.115625
0 0.48828125 0.0671875 0.03671875 0.06015625
0 0.98359375 0.66171875 0.03203125 0.08828125
0 0.534375 0.06953125 0.028125 0.04609375
0 0.76640625 0.06953125 0.03203125 0.05078125
0 0.59296875 0.696875 0.06484375 0.1015625
0 0.696875 0.07421875 0.03671875 0.06953125
0 0.8078125 0.07421875 0.03203125 0.05078125
0 0.24296875 0.07421875 0.028125 0.04609375
0 0.18984375 0.0765625 0.03671875 0.06015625
0 0.134375 0.0765625 0.028125 0.03671875
0 0.221875 0.07890625 0.03203125 0.04609375
0 0.31953125 0.07890625 0.028125 0.05546875
0 0.471875 0.80078125 0.06953125 0.096875
0 0.740625 0.803125 0.06484375 0.096875
0 0.59296875 0.08125 0.03671875 0.04609375
0 0.21953125 0.81484375 0.06484375 0.08359375
0 0.740625 0.0859375 0.028125 0.04140625
0 0.84453125 0.0859375 0.03671875 0.05078125
0 0.65546875 0.09296875 0.03671875 0.05546875
0 0.8796875 0.91640625 0.08828125 0.134375
0 0.45390625 0.09296875 0.03203125 0.05078125
0 0.0484375 0.09296875 0.04609375 0.06015625
0 0.51875 0.09296875 0.028125 0.04140625
0 0.72890625 0.928125 0.07890625 0.1296875
0 0.2109375 0.9375 0.08828125 0.08828125
0 0.1734375 0.965625 0.10625 0.06015625
0 0.05078125 0.96796875 0.06953125 0.06015625
0 0.37734375 0.09921875 0.03203125 0.05546875
0 0.35390625 0.1015625 0.028125 0.05546875
0 0.5765625 0.1015625 0.03671875 0.04609375
0 0.15546875 0.10625 0.03671875 0.04140625
0 0.08359375 0.10859375 0.03203125 0.04140625
0 0.01640625 0.11796875 0.03203125 0.05546875
0 0.1203125 0.12265625 0.03671875 0.05078125
0 0.43046875 0.12734375 0.028125 0.05546875
0 0.928125 0.12734375 0.028125 0.06015625
0 0.85390625 0.13203125 0.03671875 0.06015625
0 0.47421875 0.13203125 0.028125 0.05546875
0 0.89609375 0.134375 0.03203125 0.05546875
0 0.9515625 0.134375 0.028125 0.05546875
0 0.60390625 0.134375 0.04609375 0.06953125
0 0.20859375 0.14140625 0.03203125 0.03203125
0 0.5578125 0.14140625 0.028125 0.05546875
0 0.17109375 0.14375 0.03203125 0.05546875
0 0.715625 0.14375 0.03203125 0.04140625
0 0.7453125 0.1484375 0.03671875 0.05546875
0 0.0859375 0.15078125 0.03671875 0.05546875
0 0.26875 0.15546875 0.03671875 0.06953125
0 0.06015625 0.15703125 0.03671875 0.05078125
0 0.67578125 0.15703125 0.03203125 0.05546875
0 0.33125 0.159375 0.03671875 0.07421875
0 0.6484375 0.16171875 0.0234375 0.04609375
0 0.5 0.16171875 0.04140625 0.06953125
0 0.4140625 0.1640625 0.03203125 0.04609375
0 0.3890625 0.16875 0.028125 0.04140625
0 0.81484375 0.1734375 0.03671875 0.06015625
0 0.44921875 0.178125 0.04140625 0.08359375
0 0.590625 0.178125 0.03671875 0.06953125
0 0.70625 0.18046875 0.03203125 0.04140625
0 0.90546875 0.1828125 0.03203125 0.05546875
0 0.23125 0.18515625 0.04609375 0.07890625
0 0.784375 0.1875 0.03671875 0.06953125
0 0.28671875 0.02109375 0.03671875 0.04140625
0 0.053125 0.02109375 0.03203125 0.04140625
0 0.2109375 0.02109375 0.03671875 0.04140625
0 0.62265625 0.19921875 0.03203125 0.05078125
0 0.840625 0.2015625 0.04609375 0.06484375
0 0.15546875 0.2015625 0.03671875 0.06015625
0 0.08125 0.20390625 0.04140625 0.05546875
0 0.0234375 0.20625 0.04609375 0.07890625
0 0.19453125 0.20859375 0.04140625 0.06953125
0 0.5234375 0.2109375 0.03203125 0.05546875
0 0.94453125 0.2109375 0.04609375 0.06953125
0 0.32890625 0.21328125 0.03671875 0.05546875
0 0.10625 0.215625 0.04140625 0.07890625
0 0.69453125 0.0234375 0.03671875 0.04609375
0 0.403125 0.221875 0.04609375 0.07890625
0 0.3609375 0.23359375 0.03671875 0.06953125
0 0.4859375 0.23828125 0.03671875 0.06953125
0 0.2984375 0.24296875 0.04140625 0.06484375