0 0.534375 0.32421875 0.04140625 0.06484375
0 0.08125 0.32890625 0.06953125 0.1109375
0 0.46328125 0.3359375 0.03671875 0.06015625
0 0.340625 0.35390625 0.06484375 0.07890625
0 0.66171875 0.35859375 0.05078125 0.08828125
0 0.58359375 0.35859375 0.05546875 0.07421875
0 0.8125 0.36328125 0.04140625 0.08359375
0 0.40546875 0.36796875 0.03671875 0.07421875
0 0.7359375 0.37265625 0.04140625 0.06953125
0 0.24765625 0.384375 0.05078125 0.06015625
0 0.528125 0.3890625 0.03671875 0.08359375
0 0.2109375 0.39609375 0.05078125 0.07890625
0 0.13671875 0.40078125 0.05546875 0.08828125
0 0.46328125 0.41875 0.03671875 0.06953125
0 0.3078125 0.43515625 0.04609375 0.08359375
0 0.634375 0.43984375 0.05078125 0.07890625
0 0.8078125 0.4515625 0.04609375 0.08359375
0 0.428125 0.45390625 0.04140625 0.06484375
0 0.56953125 0.46328125 0.05546875 0.08828125
0 0.25703125 0.46796875 0.04140625 0.07421875
0 0.71328125 0.46796875 0.06015625 0.096875
0 0.8984375 0.47421875 0.04609375 0.08828125
0 0.49765625 0.4765625 0.03671875 0.06484375
0 0.6484375 0.50234375 0.05078125 0.07890625
0 0.16875 0.5234375 0.05546875 0.08828125
0 0.778125 0.54375 0.04609375 0.06484375
0 0.35625 0.54609375 0.05078125 0.07421875
0 0.409375 0.54609375 0.04140625 0.07890625
0 0.28671875 0.55078125 0.06484375 0.1015625
0 0.5625 0.5765625 0.04140625 0.07421875
0 0.83828125 0.58828125 0.05078125 0.09296875
0 0.51640625 0.590625 0.05546875 0.096875
0 0.63671875 0.596875 0.05546875 0.06953125
0 0.4234375 0.60859375 0.04609375 0.08828125
0 0.35859375 0.63203125 0.06015625 0.07890625
0 0.74296875 0.63203125 0.06015625 0.08828125
0 0.68046875 0.63671875 0.04609375 0.096875
0 0.50703125 0.678125 0.05078125 0.08828125
0 0.40078125 0.7015625 0.05546875 0.08359375
0 0.303125 0.7015625 0.05078125 0.1109375
0 0.57421875 0.7015625 0.04140625 0.08828125
0 0.64140625 0.70859375 0.05078125 0.07890625
0 0.21796875 0.7109375 0.06015625 0.096875
0 0.53203125 0.74296875 0.04609375 0.096875
0 0.74296875 0.78046875 0.04609375 0.08828125
0 0.46796875 0.7984375 0.05546875 0.096875
0 0.15078125 0.8125 0.06484375 0.096875
0 0.39140625 0.81484375 0.06484375 0.10625
0 0.25234375 0.8171875 0.05546875 0.096875
0 0.59921875 0.81953125 0.05078125 0.09296875
0 0.321875 0.82421875 0.06015625 0.1015625
0 0.65703125 0.83359375 0.05546875 0.08828125
0 0.865625 0.8515625 0.05546875 0.10625
0 0.68046875 0.1828125 0.03671875 0.06484375
0 0.48125 0.1875 0.03671875 0.07421875
0 0.18046875 0.18984375 0.04140625 0.07890625
0 0.2734375 0.1921875 0.04609375 0.05546875
0 0.32890625 0.2015625 0.03671875 0.07421875
0 0.75 0.2015625 0.04609375 0.06953125
0 0.53203125 0.20390625 0.04140625 0.07890625
0 0.60625 0.20625 0.05078125 0.07890625
0 0.3984375 0.2109375 0.04140625 0.07890625
0 0.91640625 0.21953125 0.03671875 0.07890625
0 0.82421875 0.22890625 0.04609375 0.07421875
0 0.44921875 0.26171875 0.03671875 0.06953125
0 0.6015625 0.28046875 0.03671875 0.06015625
0 0.50703125 0.284375 0.04140625 0.06953125
0 0.196875 0.284375 0.04140625 0.07421875
0 0.56484375 0.28671875 0.04140625 0.06484375
0 0.28046875 0.2984375 0.04609375 0.08359375
0 0.875 0.303125 0.04140625 0.07890625
0 0.68046875 0.30546875 0.05078125 0.06953125
0 0.75703125 0.3125 0.03671875 0.06953125
0 0.37265625 0.31484375 0.04609375 0.07421875