0 0.15078125 0.24765625 0.06015625 0.115625
0 0.7453125 0.28203125 0.04140625 0.09296875
0 0.57890625 0.29609375 0.05078125 0.115625
0 0.90703125 0.2984375 0.06484375 0.06953125
0 0.3890625 0.31015625 0.06015625 0.115625
0 0.2359375 0.3125 0.03671875 0.07890625
0 0.07890625 0.3171875 0.06015625 0.08828125
0 0.6109375 0.3265625 0.05078125 0.10625
0 0.4375 0.34921875 0.04140625 0.08359375
0 0.26875 0.35859375 0.05546875 0.096875
0 0.7890625 0.36328125 0.04140625 0.07421875
0 0.9375 0.375 0.05078125 0.1109375
0 0.375 0.403125 0.06015625 0.115625
0 0.7640625 0.41875 0.05546875 0.1015625
0 0.846875 0.42109375 0.06015625 0.1015625
0 0.5671875 0.428125 0.06484375 0.1015625
0 0.09296875 0.4375 0.06484375 0.15703125
0 0.2109375 0.4515625 0.07421875 0.115625
0 0.8984375 0.48125 0.06484375 0.125
0 0.971875 0.48359375 0.05546875 0.16171875
0 0.44453125 0.4953125 0.07890625 0.1484375
0 0.0484375 0.52109375 0.07890625 0.18984375
0 0.7359375 0.5234375 0.07421875 0.153125
0 0.54140625 0.55078125 0.06484375 0.15703125
0 0.15078125 0.5671875 0.08828125 0.17109375
0 0.32421875 0.5859375 0.07421875 0.1296875
0 0.80546875 0.58828125 0.07421875 0.14375
0 0.93046875 0.625 0.04140625 0.1109375
0 0.41171875 0.196875 0.06015625 0.1203125