0 0.284375 0.1828125 0.06953125 0.1015625
0 0.840625 0.196875 0.07890625 0.1109375
0 0.01640625 0.21953125 0.03203125 0.1296875
0 0.115625 0.221875 0.06953125 0.125
0 0.53046875 0.2453125 0.06015625 0.1015625
0 0.69453125 0.30078125 0.06953125 0.07421875
0 0.79375 0.3125 0.05546875 0.096875
0 0.41171875 0.31484375 0.06484375 0.1109375
0 0.39765625 0.03671875 0.0515625 0.0734375
0 0.82890625 0.37265625 0.07421875 0.08359375
0 0.71875 0.0390625 0.065625 0.078125
0 0.66171875 0.403125 0.07421875 0.134375
0 0.35625 0.40703125 0.07890625 0.115625
0 0.490625 0.40703125 0.06015625 0.1015625
0 0.1203125 0.41171875 0.07421875 0.1015625
0 0.28671875 0.04375 0.06953125 0.08359375
0 0.9 0.04609375 0.065625 0.0921875
0 0.98359375 0.46328125 0.03203125 0.1484375
0 0.82890625 0.47421875 0.08828125 0.10625
0 0.5765625 0.55546875 0.07421875 0.115625
0 0.01171875 0.5578125 0.0234375 0.1296875
0 0.1875 0.56484375 0.06484375 0.1203125
0 0.971875 0.0578125 0.04609375 0.08828125
0 0.36328125 0.5859375 0.06953125 0.1203125
0 0.79609375 0.590625 0.10625 0.1109375
0 0.66875 0.0625 0.05546875 0.09296875
0 0.153125 0.06484375 0.06953125 0.096875
0 0.97890625 0.65703125 0.04140625 0.153125
0 0.70625 0.715625 0.08828125 0.1296875
0 0.81484375 0.7453125 0.09296875 0.1296875
0 0.04375 0.7890625 0.07890625 0.134375
0 0.3984375 0.81484375 0.08359375 0.14375
0 0.89375 0.846875 0.1390625 0.1203125
0 0.20390625 0.86796875 0.08828125 0.08359375
0 0.01875 0.09296875 0.03671875 0.1296875