0 0.44921875 0.6640625 0.0046875 0.0046875
0 0.63671875 0.66640625 0.0046875 0.0046875
0 0.615625 0.66875 0.0046875 0.0046875
0 0.50234375 0.66875 0.0046875 0.0046875
0 0.64609375 0.67109375 0.0046875 0.0046875
0 0.54375 0.67109375 0.0046875 0.0046875
0 0.5484375 0.6734375 0.0046875 0.009375
0 0.5671875 0.6734375 0.0046875 0.0046875
0 0.59453125 0.6734375 0.0046875 0.0046875
0 0.47890625 0.6734375 0.0046875 0.0046875
0 0.53671875 0.6734375 0.0046875 0.0046875
0 0.60859375 0.6734375 0.0046875 0.009375
0 0.50234375 0.67578125 0.0046875 0.0046875
0 0.4328125 0.67578125 0.0046875 0.009375
0 0.5140625 0.67578125 0.0046875 0.009375
0 0.53203125 0.67578125 0.0046875 0.009375
0 0.553125 0.67578125 0.0046875 0.009375
0 0.40078125 0.67578125 0.0046875 0.009375
0 0.41171875 0.678125 0.0046875 0.0046875
0 0.4515625 0.678125 0.0046875 0.0046875
0 0.5671875 0.678125 0.0046875 0.009375
0 0.46953125 0.68046875 0.0046875 0.009375
0 0.64140625 0.6828125 0.0046875 0.0046875
0 0.61796875 0.6828125 0.0046875 0.0046875
0 0.784375 0.6828125 0.009375 0.009375
0 0.32421875 0.68515625 0.0046875 0.0046875
0 0.3515625 0.68515625 0.009375 0.009375
0 0.528125 0.68515625 0.0046875 0.0046875
0 0.37734375 0.68515625 0.009375 0.0046875
0 0.59453125 0.68515625 0.0046875 0.009375
0 0.35625 0.68515625 0.0046875 0.0046875
0 0.72890625 0.68515625 0.0046875 0.009375
0 0.3890625 0.6875 0.0046875 0.0046875
0 0.54609375 0.6875 0.009375 0.0046875
0 0.6484375 0.6875 0.0046875 0.009375
0 0.303125 0.6875 0.009375 0.009375
0 0.36328125 0.6875 0.0046875 0.0046875
0 0.58125 0.6875 0.0046875 0.0046875
0 0.4609375 0.6875 0.0046875 0.009375
0 0.55546875 0.68984375 0.0046875 0.009375
0 0.625 0.68984375 0.0046875 0.009375
0 0.634375 0.68984375 0.0046875 0.009375
0 0.75 0.68984375 0.009375 0.009375
0 0.284375 0.68984375 0.0046875 0.009375
0 0.36796875 0.68984375 0.0046875 0.009375
0 0.60625 0.68984375 0.0046875 0.009375
0 0.403125 0.68984375 0.0046875 0.0046875
0 0.94453125 0.68984375 0.009375 0.0140625
0 0.4234375 0.68984375 0.0046875 0.009375
0 0.5 0.68984375 0.0046875 0.009375
0 0.5578125 0.68984375 0.0046875 0.009375
0 0.80078125 0.68984375 0.0140625 0.009375
0 0.31953125 0.68984375 0.0046875 0.009375
0 0.44453125 0.68984375 0.0046875 0.009375
0 0.5140625 0.68984375 0.0046875 0.009375
0 0.375 0.6921875 0.0046875 0.009375
0 0.71328125 0.6921875 0.0046875 0.009375
0 0.70390625 0.6921875 0.0046875 0.0046875
0 0.53671875 0.6921875 0.0046875 0.009375
0 0.71953125 0.6921875 0.009375 0.0140625
0 0.41171875 0.6921875 0.0046875 0.009375
0 0.5484375 0.69453125 0.0046875 0.009375
0 0.5625 0.69453125 0.0046875 0.0140625
0 0.66171875 0.69453125 0.009375 0.0140625
0 0.24765625 0.69453125 0.009375 0.009375
0 0.69453125 0.69453125 0.009375 0.009375
0 0.72890625 0.69453125 0.0046875 0.009375
0 0.61796875 0.69453125 0.009375 0.009375
0 0.7890625 0.696875 0.009375 0.0140625
0 0.96796875 0.696875 0.009375 0.0140625
0 0.5859375 0.696875 0.0046875 0.009375
0 0.7453125 0.696875 0.009375 0.009375
0 0.2890625 0.696875 0.0046875 0.009375
0 0.48125 0.696875 0.0046875 0.009375
0 0.3265625 0.696875 0.0046875 0.009375
0 0.40546875 0.696875 0.0046875 0.009375
0 0.47421875 0.696875 0.0046875 0.009375
0 0.30546875 0.696875 0.0046875 0.0140625
0 0.68046875 0.696875 0.009375 0.0140625
0 0.69921875 0.69921875 0.009375 0.009375
0 0.3890625 0.69921875 0.009375 0.009375
0 0.44921875 0.69921875 0.009375 0.009375
0 0.528125 0.69921875 0.009375 0.009375
0 0.7734375 0.7015625 0.009375 0.009375
0 0.759375 0.7015625 0.009375 0.0140625
0 0.85859375 0.7015625 0.0140625 0.0140625
0 0.44453125 0.7015625 0.009375 0.0140625
0 0.34921875 0.70390625 0.009375 0.0140625
0 0.37734375 0.70390625 0.0046875 0.0140625
0 0.3703125 0.70625 0.009375 0.0140625
0 0.30078125 0.70625 0.009375 0.0140625
0 0.64140625 0.70625 0.009375 0.0140625
0 0.625 0.70859375 0.009375 0.0140625
0 0.52109375 0.70859375 0.0046875 0.0140625
0 0.1390625 0.70859375 0.0140625 0.0140625
0 0.3359375 0.7109375 0.009375 0.0140625
0 0.29375 0.7109375 0.009375 0.009375
0 0.50234375 0.7109375 0.0046875 0.0140625
0 0.5578125 0.7109375 0.009375 0.0140625
0 0.26640625 0.7109375 0.009375 0.0140625
0 0.58359375 0.71328125 0.0046875 0.009375
0 0.528125 0.71328125 0.009375 0.009375
0 0.6875 0.71328125 0.009375 0.0140625
0 0.63203125 0.71328125 0.009375 0.009375
0 0.7453125 0.71328125 0.009375 0.01875
0 0.28046875 0.71328125 0.0140625 0.01875
0 0.03203125 0.715625 0.01875 0.01875
0 0.6734375 0.715625 0.009375 0.0140625
0 0.54375 0.715625 0.009375 0.0140625
0 0.0765625 0.71796875 0.009375 0.0140625
0 0.5765625 0.71796875 0.009375 0.0140625
0 0.115625 0.71796875 0.0046875 0.0140625
0 0.23125 0.71796875 0.009375 0.0140625
0 0.59453125 0.71796875 0.009375 0.01875
0 0.778125 0.71953125 0.009375 0.0140625
0 0.3515625 0.71953125 0.009375 0.009375
0 0.04375 0.71953125 0.009375 0.01875
0 0.875 0.71953125 0.0140625 0.0140625
0 0.21328125 0.71953125 0.009375 0.009375
0 0.12265625 0.71953125 0.009375 0.01875
0 0.6640625 0.721875 0.0140625 0.0140625
0 0.465625 0.72421875 0.009375 0.01875
0 0.759375 0.72421875 0.009375 0.01875
0 0.92578125 0.72421875 0.0140625 0.0140625
0 0.30546875 0.7265625 0.009375 0.0140625
0 0.62265625 0.7265625 0.0140625 0.0140625
0 0.528125 0.72890625 0.009375 0.0140625
0 0.0625 0.73125 0.0140625 0.01875
0 0.28046875 0.73359375 0.0140625 0.01875
0 0.78046875 0.73359375 0.009375 0.0140625
0 0.64140625 0.7359375 0.009375 0.01875
0 0.98125 0.7359375 0.009375 0.009375
0 0.03671875 0.7359375 0.0140625 0.009375
0 0.87734375 0.73828125 0.009375 0.009375
0 0.02109375 0.73828125 0.0140625 0.0234375
0 0.67578125 0.74296875 0.0140625 0.01875
0 0.58125 0.74296875 0.0140625 0.01875
0 0.78671875 0.7453125 0.009375 0.01875
0 0.06953125 0.74765625 0.009375 0.01875
0 0.7265625 0.75 0.0140625 0.0234375
0 0.76171875 0.75 0.0140625 0.01875
0 0.08125 0.75 0.009375 0.009375
0 0.12734375 0.75234375 0.009375 0.01875
0 0.40546875 0.75234375 0.0140625 0.0140625
0 0.36328125 0.7546875 0.009375 0.0140625
0 0.446875 0.7546875 0.009375 0.0140625
0 0.00703125 0.75703125 0.009375 0.0140625
0 0.215625 0.75703125 0.01875 0.01875
0 0.53203125 0.759375 0.0140625 0.01875
0 0.2359375 0.759375 0.01875 0.01875
0 0.61796875 0.76171875 0.0140625 0.01875
0 0.071875 0.76171875 0.009375 0.01875
0 0.49296875 0.7640625 0.01875 0.01875
0 0.88203125 0.7640625 0.0140625 0.01875
0 0.821875 0.76640625 0.0140625 0.01875
0 0.02109375 0.76640625 0.0140625 0.01875
0 0.65703125 0.76640625 0.0140625 0.009375
0 0.81015625 0.76875 0.0140625 0.01875
0 0.96796875 0.76875 0.01875 0.028125
0 0.93515625 0.7734375 0.01875 0.028125
0 0.1921875 0.7734375 0.01875 0.01875
0 0.42578125 0.7734375 0.0140625 0.01875
0 0.01171875 0.778125 0.0140625 0.0234375
0 0.14375 0.778125 0.01875 0.0140625
0 0.11328125 0.778125 0.0140625 0.0234375
0 0.2890625 0.778125 0.0140625 0.01875
0 0.79375 0.78046875 0.01875 0.01875
0 0.659375 0.78046875 0.0140625 0.01875
0 0.99296875 0.78203125 0.0140625 0.0234375
0 0.3359375 0.784375 0.0140625 0.0234375
0 0.75703125 0.784375 0.01875 0.0234375
0 0.8890625 0.78671875 0.0140625 0.01875
0 0.84296875 0.78671875 0.0140625 0.01875
0 0.053125 0.79375 0.0140625 0.01875
0 0.86328125 0.803125 0.0140625 0.01875
0 0.090625 0.80546875 0.009375 0.01875
0 0.24765625 0.8078125 0.01875 0.0234375
0 0.33125 0.8078125 0.0140625 0.0234375
0 0.81953125 0.81015625 0.0140625 0.028125
0 0.23828125 0.81015625 0.0140625 0.0234375
0 0.93984375 0.8171875 0.0234375 0.03203125
0 0.42578125 0.8171875 0.0140625 0.0234375
0 0.571875 0.821875 0.01875 0.028125
0 0.51640625 0.82421875 0.0140625 0.028125
0 0.16640625 0.83125 0.01875 0.028125
0 0.61796875 0.83125 0.0140625 0.0234375
0 0.6015625 0.83359375 0.0140625 0.01875
0 0.37734375 0.84453125 0.01875 0.0234375
0 0.31953125 0.846875 0.01875 0.028125
0 0.2265625 0.84921875 0.0140625 0.01875
0 0.29375 0.85390625 0.01875 0.0234375
0 0.89609375 0.85625 0.01875 0.028125
0 0.2359375 0.865625 0.0140625 0.01875
0 0.6109375 0.8703125 0.0140625 0.0234375
0 0.009375 0.875 0.01875 0.03671875
0 0.77578125 0.875 0.01875 0.03671875
0 0.04375 0.88671875 0.01875 0.0234375
0 0.83359375 0.8890625 0.0234375 0.028125
0 0.928125 0.8890625 0.01875 0.028125
0 0.44453125 0.8890625 0.01875 0.028125
0 0.70625 0.89140625 0.0234375 0.03203125
0 0.5390625 0.89375 0.01875 0.028125
0 0.75 0.89375 0.01875 0.0234375
0 0.73359375 0.89609375 0.0140625 0.01875
0 0.08125 0.89609375 0.03203125 0.028125
0 0.55546875 0.89609375 0.0140625 0.0234375
0 0.590625 0.89609375 0.0234375 0.01875
0 0.153125 0.90078125 0.01875 0.0140625