0 0.615625 0.278125 0.03203125 0.04140625
0 0.9140625 0.28046875 0.03671875 0.04609375
0 0.053125 0.28046875 0.03203125 0.03671875
0 0.34296875 0.28203125 0.01875 0.03203125
0 0.18984375 0.284375 0.03203125 0.04140625
0 0.66171875 0.284375 0.028125 0.04140625
0 0.27109375 0.28671875 0.0234375 0.03671875
0 0.865625 0.28671875 0.0234375 0.04609375
0 0.50703125 0.28671875 0.0234375 0.03203125
0 0.74765625 0.2890625 0.03671875 0.04140625
0 0.215625 0.29375 0.0234375 0.04140625
0 0.096875 0.29375 0.028125 0.04140625
0 0.1390625 0.29375 0.028125 0.04609375
0 0.36796875 0.29609375 0.0234375 0.04140625
0 0.95390625 0.30078125 0.03671875 0.04609375
0 0.75703125 0.30078125 0.028125 0.03671875
0 0.46796875 0.30078125 0.028125 0.03203125
0 0.63671875 0.30078125 0.03203125 0.03671875
0 0.3265625 0.30546875 0.028125 0.028125
0 0.409375 0.30546875 0.0234375 0.028125
0 0.79140625 0.30546875 0.01875 0.03203125
0 0.44921875 0.3078125 0.01875 0.028125
0 0.82890625 0.3171875 0.0234375 0.04609375
0 0.5484375 0.3171875 0.028125 0.04609375
0 0.4234375 0.33359375 0.028125 0.03203125
0 0.534375 0.3796875 0.03203125 0.03671875
0 0.01171875 0.3984375 0.0234375 0.05078125
0 0.1296875 0.3984375 0.028125 0.03671875
0 0.85859375 0.3984375 0.0234375 0.04609375
0 0.48359375 0.403125 0.0234375 0.03203125
0 0.56484375 0.403125 0.03203125 0.03671875
0 0.82421875 0.40546875 0.028125 0.03671875
0 0.17109375 0.40546875 0.01875 0.028125
0 0.37734375 0.409375 0.03203125 0.04609375
0 0.58828125 0.4140625 0.028125 0.04140625
0 0.99296875 0.41875 0.0046875 0.05078125
0 0.75234375 0.41875 0.03203125 0.04609375
0 0.18984375 0.41875 0.028125 0.04140625
0 0.240625 0.42109375 0.03203125 0.03203125
0 0.62265625 0.42109375 0.028125 0.04140625
0 0.95390625 0.4234375 0.0234375 0.03203125
0 0.54609375 0.4234375 0.028125 0.03671875
0 0.6828125 0.43046875 0.028125 0.04609375
0 0.303125 0.4328125 0.028125 0.03671875
0 0.42109375 0.4328125 0.028125 0.03671875
0 0.9765625 0.4375 0.03203125 0.03671875
0 0.10390625 0.4375 0.028125 0.03203125
0 0.0578125 0.4375 0.028125 0.04609375
0 0.18515625 0.44921875 0.03203125 0.04140625
0 0.92109375 0.45390625 0.03671875 0.04140625
0 0.75703125 0.45390625 0.0234375 0.03203125
0 0.60625 0.45625 0.028125 0.03671875
0 0.240625 0.45625 0.028125 0.04140625
0 0.37734375 0.45859375 0.0234375 0.04140625
0 0.8125 0.46328125 0.03671875 0.04609375
0 0.16171875 0.465625 0.0234375 0.028125
0 0.03203125 0.465625 0.028125 0.04609375
0 0.66875 0.465625 0.03203125 0.03671875
0 0.5390625 0.46796875 0.028125 0.03203125
0 0.29609375 0.46796875 0.04140625 0.04140625
0 0.11328125 0.47421875 0.03203125 0.05078125
0 0.7734375 0.48125 0.028125 0.03203125
0 0.75234375 0.48828125 0.028125 0.03203125
0 0.28046875 0.490625 0.028125 0.03671875
0 0.43046875 0.490625 0.03203125 0.05546875
0 0.346875 0.49296875 0.03203125 0.05078125
0 0.6203125 0.49765625 0.03203125 0.04609375
0 0.01640625 0.5046875 0.03203125 0.04609375
0 0.39609375 0.509375 0.028125 0.03671875
0 0.596875 0.5140625 0.028125 0.04609375
0 0.528125 0.5234375 0.028125 0.04140625
0 0.909375 0.5234375 0.03203125 0.04140625
0 0.79375 0.53203125 0.03203125 0.04140625
0 0.06484375 0.534375 0.03203125 0.04140625
0 0.10625 0.53671875 0.028125 0.05078125
0 0.7265625 0.53671875 0.04140625 0.04140625
0 0.5671875 0.54375 0.03203125 0.04609375
0 0.9609375 0.55078125 0.0234375 0.03203125
0 0.3265625 0.55078125 0.03203125 0.04140625
0 0.91875 0.55546875 0.03203125 0.03671875
0 0.4234375 0.5578125 0.03671875 0.04140625
0 0.01875 0.57890625 0.03203125 0.05078125
0 0.571875 0.59453125 0.028125 0.04140625
0 0.51875 0.596875 0.03671875 0.04140625
0 0.715625 0.6015625 0.03203125 0.04140625
0 0.965625 0.6015625 0.0234375 0.03203125
0 0.7453125 0.60859375 0.03203125 0.05078125
0 0.2453125 0.615625 0.03671875 0.05078125
0 0.321875 0.615625 0.03203125 0.04140625
0 0.159375 0.62734375 0.03671875 0.06484375
0 0.03671875 0.63203125 0.03671875 0.05546875
0 0.88203125 0.63203125 0.028125 0.04140625
0 0.09296875 0.64609375 0.03671875 0.05078125
0 0.965625 0.65546875 0.03203125 0.04140625
0 0.5046875 0.6640625 0.028125 0.04609375
0 0.84921875 0.7546875 0.04140625 0.06015625
0 0.6640625 0.79375 0.03671875 0.05546875
0 0.240625 0.85859375 0.04140625 0.06015625
0 0.1484375 0.86796875 0.05546875 0.06484375
0 0.30546875 0.8796875 0.05078125 0.05546875