0 0.96484375 0.23984375 0.0703125 0.1703125
0 0.8078125 0.25 0.08828125 0.18515625
0 0.5140625 0.34453125 0.096875 0.17109375
0 0.04375 0.39375 0.08359375 0.15703125
0 0.2453125 0.39609375 0.1109375 0.19453125
0 0.8421875 0.04140625 0.075 0.0828125
0 0.92109375 0.40546875 0.1109375 0.21328125
0 0.7734375 0.48359375 0.1109375 0.18984375
0 0.6390625 0.48828125 0.096875 0.20390625
0 0.46796875 0.5390625 0.09296875 0.1390625
0 0.57890625 0.05546875 0.07421875 0.10625
0 0.04140625 0.06015625 0.0828125 0.1203125
0 0.27578125 0.58125 0.09296875 0.153125
0 0.02578125 0.62265625 0.05078125 0.1296875
0 0.2109375 0.66640625 0.1109375 0.20859375
0 0.95546875 0.67578125 0.0890625 0.2359375
0 0.48828125 0.68046875 0.09296875 0.1390625
0 0.696875 0.721875 0.096875 0.20390625
0 0.4859375 0.84921875 0.1015625 0.18984375
0 0.42578125 0.89609375 0.125 0.15703125
0 0.87734375 0.903125 0.153125 0.18984375
0 0.634375 0.1109375 0.08828125 0.1296875
0 0.48828125 0.11796875 0.096875 0.17109375
0 0.27109375 0.12734375 0.07421875 0.14375
0 0.803125 0.1296875 0.08828125 0.1109375
0 0.346875 0.153125 0.1109375 0.19453125
0 0.15703125 0.1921875 0.08359375 0.15703125