0 0.43046875 0.23125 0.0046875 0.0140625
0 0.32890625 0.23125 0.0046875 0.009375
0 0.26875 0.2359375 0.0046875 0.0140625
0 0.29609375 0.2359375 0.0046875 0.0140625
0 0.35859375 0.2359375 0.009375 0.009375
0 0.346875 0.2359375 0.009375 0.0140625
0 0.5 0.2359375 0.009375 0.009375
0 0.259375 0.2359375 0.0046875 0.0046875
0 0.33828125 0.2359375 0.009375 0.0140625
0 0.31953125 0.23828125 0.0046875 0.009375
0 0.5140625 0.23828125 0.009375 0.009375
0 0.4140625 0.23828125 0.009375 0.009375
0 0.23359375 0.23828125 0.009375 0.009375
0 0.553125 0.23828125 0.0046875 0.009375
0 0.24296875 0.240625 0.009375 0.009375
0 0.22421875 0.240625 0.009375 0.0046875
0 0.28203125 0.240625 0.0046875 0.0140625
0 0.44453125 0.240625 0.0140625 0.01875
0 0.57890625 0.240625 0.009375 0.0140625
0 0.4234375 0.24296875 0.009375 0.0140625
0 0.49765625 0.24296875 0.009375 0.0140625
0 0.46953125 0.2453125 0.0140625 0.0140625
0 0.54609375 0.2453125 0.0046875 0.0046875
0 0.3078125 0.2453125 0.0046875 0.009375
0 0.5390625 0.24765625 0.009375 0.009375
0 0.3265625 0.24765625 0.009375 0.0140625
0 0.3890625 0.25234375 0.0140625 0.0234375
0 0.23359375 0.25234375 0.0046875 0.009375
0 0.1921875 0.25234375 0.009375 0.0140625
0 0.284375 0.25234375 0.009375 0.0140625
0 0.34296875 0.25234375 0.0046875 0.009375
0 0.59296875 0.2546875 0.009375 0.0140625
0 0.27109375 0.25703125 0.009375 0.01875
0 0.33359375 0.25703125 0.009375 0.0140625
0 0.40078125 0.25703125 0.009375 0.0140625
0 0.55546875 0.25703125 0.0046875 0.0140625
0 0.16875 0.259375 0.0140625 0.01875
0 0.4375 0.259375 0.009375 0.01875
0 0.68046875 0.259375 0.009375 0.0140625
0 0.36328125 0.259375 0.009375 0.009375
0 0.303125 0.26171875 0.0046875 0.0140625
0 0.60859375 0.26171875 0.009375 0.009375
0 0.21796875 0.2640625 0.009375 0.0140625
0 0.35625 0.2640625 0.0046875 0.0140625
0 0.375 0.26640625 0.0140625 0.0234375
0 0.63203125 0.26640625 0.0140625 0.009375
0 0.69453125 0.26640625 0.0140625 0.0140625
0 0.659375 0.26875 0.009375 0.01875
0 0.23359375 0.26875 0.0046875 0.0140625
0 0.58359375 0.26875 0.0140625 0.01875
0 0.56953125 0.26875 0.009375 0.0234375
0 0.31953125 0.27109375 0.0046875 0.0046875
0 0.259375 0.2734375 0.0046875 0.0140625
0 0.490625 0.2734375 0.0140625 0.01875
0 0.6390625 0.2734375 0.009375 0.0140625
0 0.33828125 0.27578125 0.009375 0.01875
0 0.215625 0.278125 0.009375 0.01875
0 0.346875 0.278125 0.009375 0.0140625
0 0.42578125 0.278125 0.0140625 0.01875
0 0.13203125 0.28046875 0.0140625 0.01875
0 0.70859375 0.28046875 0.03203125 0.0234375
0 0.12265625 0.28046875 0.0140625 0.0234375
0 0.27578125 0.28203125 0.0140625 0.0140625
0 0.40703125 0.28203125 0.0140625 0.01875
0 0.75703125 0.28203125 0.01875 0.028125
0 0.971875 0.284375 0.0234375 0.03203125
0 0.18046875 0.284375 0.009375 0.01875
0 0.41875 0.284375 0.0046875 0.0140625
0 0.5484375 0.284375 0.01875 0.0234375
0 0.30546875 0.28671875 0.01875 0.03203125
0 0.528125 0.28671875 0.0140625 0.0234375
0 0.61796875 0.28671875 0.0140625 0.0234375
0 0.23828125 0.28671875 0.009375 0.0140625
0 0.7359375 0.2890625 0.028125 0.03671875
0 0.49765625 0.29140625 0.0234375 0.028125
0 0.5765625 0.29140625 0.01875 0.01875
0 0.1640625 0.29375 0.0140625 0.0234375
0 0.0234375 0.29375 0.0140625 0.0234375
0 0.6484375 0.29375 0.009375 0.01875
0 0.27578125 0.29375 0.0140625 0.01875
0 0.09921875 0.29375 0.0140625 0.0234375
0 0.534375 0.29609375 0.0140625 0.01875
0 0.2015625 0.2984375 0.0140625 0.01875
0 0.2453125 0.30078125 0.0140625 0.01875
0 0.05078125 0.30078125 0.0140625 0.0234375
0 0.571875 0.30078125 0.01875 0.0234375
0 0.91640625 0.303125 0.028125 0.04140625
0 0.6015625 0.303125 0.01875 0.03203125
0 0.7640625 0.303125 0.0140625 0.0234375
0 0.45859375 0.30546875 0.028125 0.04609375
0 0.42109375 0.30546875 0.01875 0.028125
0 0.33828125 0.3078125 0.01875 0.028125
0 0.1203125 0.3078125 0.0140625 0.0234375
0 0.01875 0.31015625 0.0140625 0.01875
0 0.6828125 0.31015625 0.028125 0.04609375
0 0.659375 0.3125 0.0140625 0.01875
0 0.28203125 0.3125 0.0140625 0.028125
0 0.00703125 0.3125 0.0140625 0.03671875
0 0.34921875 0.31484375 0.01875 0.03203125
0 0.1828125 0.3171875 0.0234375 0.028125
0 0.37734375 0.3171875 0.0140625 0.0234375
0 0.9515625 0.31953125 0.03203125 0.04609375
0 0.8125 0.31953125 0.0234375 0.028125
0 0.08359375 0.321875 0.03671875 0.04609375
0 0.4328125 0.32421875 0.01875 0.03671875
0 0.6296875 0.32421875 0.0140625 0.028125
0 0.30546875 0.3265625 0.028125 0.04140625
0 0.2546875 0.3265625 0.0140625 0.0234375
0 0.78671875 0.33125 0.028125 0.03671875
0 0.75 0.33359375 0.03203125 0.04609375
0 0.20625 0.33359375 0.028125 0.04140625
0 0.22421875 0.3359375 0.03203125 0.04609375
0 0.54375 0.3359375 0.028125 0.04140625
0 0.5234375 0.3359375 0.0234375 0.028125
0 0.59453125 0.340625 0.028125 0.03671875
0 0.375 0.34296875 0.01875 0.028125
0 0.403125 0.34453125 0.04140625 0.06484375
0 0.65078125 0.34453125 0.028125 0.04609375
0 0.7109375 0.3609375 0.05078125 0.09296875
0 0.46953125 0.3609375 0.03671875 0.04609375
0 0.14609375 0.3609375 0.03671875 0.06015625
0 0.28671875 0.36328125 0.03671875 0.05546875
0 0.04140625 0.375 0.05546875 0.08828125
0 0.48359375 0.428125 0.04140625 0.06953125
0 0.7984375 0.4515625 0.03671875 0.06015625
0 0.59296875 0.54609375 0.05078125 0.08828125