0 0.865625 0.2734375 0.03671875 0.06953125
0 0.096875 0.340625 0.03203125 0.06015625
0 0.9515625 0.37734375 0.03203125 0.06015625
0 0.15703125 0.40546875 0.03203125 0.07890625
0 0.0484375 0.43515625 0.03671875 0.09296875
0 0.1296875 0.43515625 0.03671875 0.05078125
0 0.528125 0.46328125 0.03203125 0.05078125
0 0.87734375 0.46796875 0.03203125 0.05078125
0 0.20625 0.471875 0.03203125 0.07421875
0 0.45625 0.48125 0.03203125 0.07421875
0 0.1296875 0.4859375 0.04140625 0.07890625
0 0.28671875 0.4859375 0.0234375 0.07890625
0 0.38203125 0.48828125 0.04140625 0.07890625
0 0.32421875 0.48828125 0.03671875 0.08359375
0 0.97421875 0.49296875 0.028125 0.06015625
0 0.9234375 0.5046875 0.028125 0.06015625
0 0.62265625 0.50703125 0.03203125 0.07421875
0 0.678125 0.5140625 0.03671875 0.06015625
0 0.73125 0.51640625 0.03671875 0.06015625
0 0.54375 0.53203125 0.04140625 0.06015625
0 0.83125 0.534375 0.03671875 0.06015625
0 0.4765625 0.5390625 0.04140625 0.08828125
0 0.64609375 0.56015625 0.03671875 0.07890625
0 0.95390625 0.56015625 0.03671875 0.06953125
0 0.21328125 0.5671875 0.04140625 0.06953125
0 0.78671875 0.56953125 0.03671875 0.06015625
0 0.71796875 0.57421875 0.03671875 0.06015625
0 0.28671875 0.59296875 0.03671875 0.08359375
0 0.37265625 0.59453125 0.04609375 0.096875
0 0.98125 0.60859375 0.028125 0.06953125
0 0.92109375 0.6203125 0.04140625 0.07890625
0 0.54375 0.62265625 0.04140625 0.09296875
0 0.64609375 0.6390625 0.06015625 0.07890625
0 0.71953125 0.64375 0.04140625 0.06953125
0 0.784375 0.6640625 0.03671875 0.07421875
0 0.95390625 0.67109375 0.04140625 0.07890625
0 0.85625 0.68984375 0.03671875 0.06484375
0 0.34296875 0.71953125 0.05078125 0.1015625
0 0.4953125 0.7265625 0.05078125 0.1015625
0 0.590625 0.7265625 0.05546875 0.096875
0 0.82890625 0.73359375 0.04140625 0.1015625
0 0.71796875 0.740625 0.03671875 0.07421875
0 0.284375 0.7640625 0.05078125 0.10625
0 0.9421875 0.76640625 0.05546875 0.1109375
0 0.04609375 0.08359375 0.03203125 0.07890625
0 0.46328125 0.83828125 0.05546875 0.096875
0 0.76875 0.84296875 0.05546875 0.1203125
0 0.84921875 0.84453125 0.04140625 0.08828125
0 0.7109375 0.84921875 0.05078125 0.1015625
0 0.20390625 0.8796875 0.06953125 0.115625
0 0.0140625 0.14375 0.028125 0.08359375
0 0.09453125 0.14609375 0.04140625 0.07890625