0 0.0140625 0.10625 0.028125 0.04609375
0 0.4609375 0.10625 0.0234375 0.05078125
0 0.71953125 0.10859375 0.028125 0.03671875
0 0.8125 0.115625 0.028125 0.03671875
0 0.240625 0.11796875 0.03203125 0.03203125
0 0.90703125 0.11796875 0.01875 0.03203125
0 0.534375 0.0140625 0.028125 0.028125
0 0.1484375 0.13203125 0.028125 0.03203125
0 0.7640625 0.134375 0.028125 0.04609375
0 0.3703125 0.134375 0.028125 0.04140625
0 0.990625 0.0140625 0.01875 0.028125
0 0.02109375 0.0140625 0.0234375 0.0234375
0 0.596875 0.1390625 0.028125 0.03203125
0 0.14609375 0.01640625 0.03203125 0.0234375
0 0.6484375 0.1484375 0.0234375 0.03671875
0 0.4140625 0.15546875 0.03203125 0.03671875
0 0.8703125 0.15546875 0.028125 0.03671875
0 0.946875 0.15703125 0.01875 0.04140625
0 0.31484375 0.15703125 0.01875 0.03203125
0 0.25234375 0.15703125 0.028125 0.03203125
0 0.19453125 0.16171875 0.0234375 0.04609375
0 0.0140625 0.16875 0.028125 0.04140625
0 0.98828125 0.16875 0.0140625 0.04140625
0 0.29609375 0.1734375 0.0234375 0.04140625
0 0.40703125 0.01875 0.0234375 0.028125
0 0.615625 0.18046875 0.028125 0.03203125
0 0.7984375 0.18515625 0.03203125 0.03671875
0 0.33828125 0.18515625 0.028125 0.04140625
0 0.04609375 0.1875 0.028125 0.03671875
0 0.87265625 0.18984375 0.028125 0.04609375
0 0.90546875 0.19921875 0.028125 0.04140625
0 0.53671875 0.19921875 0.03671875 0.06015625
0 0.215625 0.02109375 0.01875 0.03671875
0 0.39609375 0.2109375 0.0234375 0.03671875
0 0.47890625 0.2109375 0.028125 0.04140625
0 0.73359375 0.0234375 0.028125 0.04609375
0 0.990625 0.21953125 0.01875 0.04140625
0 0.4375 0.21953125 0.028125 0.04140625
0 0.94921875 0.221875 0.028125 0.03203125
0 0.56953125 0.0234375 0.01875 0.03671875
0 0.60390625 0.22890625 0.03203125 0.05078125
0 0.7109375 0.23125 0.028125 0.03671875
0 0.20859375 0.23359375 0.01875 0.028125
0 0.66171875 0.23359375 0.028125 0.04140625
0 0.82421875 0.24765625 0.03203125 0.03671875
0 0.2734375 0.02578125 0.0140625 0.03203125
0 0.028125 0.2546875 0.03203125 0.04140625
0 0.875 0.25703125 0.028125 0.04609375
0 0.21328125 0.26171875 0.0234375 0.0234375
0 0.1390625 0.26171875 0.03203125 0.04140625
0 0.7453125 0.26640625 0.028125 0.028125
0 0.5 0.26875 0.0234375 0.03671875
0 0.33359375 0.27109375 0.0234375 0.03203125
0 0.91640625 0.028125 0.0234375 0.03203125
0 0.24765625 0.2734375 0.028125 0.0234375
0 0.40703125 0.28203125 0.0234375 0.04140625
0 0.240625 0.29140625 0.0234375 0.04609375
0 0.54140625 0.29140625 0.028125 0.03671875
0 0.8359375 0.3078125 0.028125 0.04609375
0 0.7640625 0.3078125 0.028125 0.04140625
0 0.01640625 0.3125 0.03203125 0.03671875
0 0.88671875 0.03203125 0.028125 0.03203125
0 0.303125 0.03203125 0.0234375 0.03671875
0 0.03203125 0.03203125 0.01875 0.0140625
0 0.59296875 0.321875 0.028125 0.03671875
0 0.4609375 0.32890625 0.0234375 0.03671875
0 0.884375 0.33359375 0.028125 0.04140625
0 0.7890625 0.034375 0.028125 0.04140625
0 0.90703125 0.33828125 0.0140625 0.03203125
0 0.17578125 0.34453125 0.028125 0.03671875
0 0.509375 0.034375 0.028125 0.04140625
0 0.65703125 0.034375 0.03671875 0.05078125
0 0.00703125 0.346875 0.0140625 0.03671875
0 0.84296875 0.34921875 0.03203125 0.028125
0 0.95625 0.34921875 0.028125 0.04609375
0 0.2359375 0.3515625 0.03203125 0.04140625
0 0.3125 0.35390625 0.028125 0.04609375
0 0.74765625 0.35625 0.028125 0.0234375
0 0.56015625 0.365625 0.028125 0.04609375
0 0.840625 0.37734375 0.028125 0.04609375
0 0.36328125 0.39609375 0.0234375 0.04609375
0 0.12734375 0.39609375 0.028125 0.028125
0 0.76875 0.3984375 0.0234375 0.03203125
0 0.8890625 0.3984375 0.028125 0.03671875
0 0.73828125 0.40078125 0.03203125 0.03671875
0 0.49765625 0.40546875 0.03203125 0.04140625
0 0.62734375 0.4140625 0.0234375 0.03203125
0 0.0390625 0.4140625 0.028125 0.05078125
0 0.31484375 0.41640625 0.0234375 0.04609375
0 0.009375 0.41640625 0.01875 0.05546875
0 0.45859375 0.41875 0.028125 0.04140625
0 0.97890625 0.42578125 0.028125 0.04609375
0 0.471875 0.04375 0.0234375 0.04140625
0 0.21328125 0.43046875 0.03203125 0.03671875
0 0.26875 0.4328125 0.01875 0.03671875
0 0.2546875 0.04375 0.0234375 0.03203125
0 0.54375 0.4421875 0.028125 0.04140625
0 0.35625 0.446875 0.028125 0.04140625
0 0.76640625 0.446875 0.028125 0.04140625
0 0.94453125 0.04609375 0.01875 0.03671875
0 0.8796875 0.4515625 0.03203125 0.05078125
0 0.65703125 0.4515625 0.028125 0.04140625
0 0.8265625 0.45625 0.03671875 0.04140625
0 0.14140625 0.45859375 0.028125 0.04140625
0 0.60390625 0.04609375 0.028125 0.04609375
0 0.4765625 0.46953125 0.028125 0.04609375
0 0.94453125 0.48125 0.028125 0.04609375
0 0.03203125 0.48359375 0.03203125 0.05078125
0 0.24765625 0.50234375 0.0234375 0.03671875
0 0.84296875 0.5046875 0.0234375 0.03671875
0 0.5234375 0.5046875 0.03671875 0.04140625
0 0.58828125 0.5046875 0.03203125 0.06015625
0 0.17109375 0.5046875 0.0234375 0.03203125
0 0.88671875 0.51171875 0.028125 0.05078125
0 0.14375 0.52109375 0.03203125 0.04609375
0 0.26875 0.00703125 0.028125 0.0140625
0 0.1828125 0.053125 0.0234375 0.03203125
0 0.1390625 0.053125 0.01875 0.04140625
0 0.29609375 0.55078125 0.03203125 0.03203125
0 0.3890625 0.55078125 0.028125 0.03203125
0 0.45390625 0.5671875 0.03203125 0.04609375
0 0.8359375 0.571875 0.03671875 0.04140625
0 0.56953125 0.58125 0.04140625 0.04140625
0 0.76875 0.59453125 0.03203125 0.04609375
0 0.38203125 0.596875 0.028125 0.04140625
0 0.87734375 0.60859375 0.03203125 0.05546875
0 0.30546875 0.615625 0.03203125 0.05078125
0 0.028125 0.0625 0.028125 0.03671875
0 0.49296875 0.625 0.028125 0.04609375
0 0.41640625 0.625 0.03671875 0.05546875
0 0.0140625 0.625 0.028125 0.03671875
0 0.3125 0.00703125 0.01875 0.0140625
0 0.46796875 0.00703125 0.028125 0.0140625
0 0.21328125 0.6296875 0.028125 0.04609375
0 0.84296875 0.63203125 0.03203125 0.05078125
0 0.6828125 0.634375 0.03671875 0.05078125
0 0.69453125 0.06484375 0.0234375 0.04140625
0 0.56953125 0.6390625 0.03671875 0.04140625
0 0.63671875 0.64140625 0.0234375 0.04609375
0 0.95859375 0.64375 0.028125 0.05078125
0 0.14140625 0.6484375 0.028125 0.03671875
0 0.26875 0.65546875 0.028125 0.04140625
0 0.3890625 0.0671875 0.0234375 0.04140625
0 0.53671875 0.0671875 0.03203125 0.0234375
0 0.76875 0.66171875 0.03671875 0.04140625
0 0.18984375 0.68046875 0.03203125 0.05546875
0 0.3265625 0.6875 0.04140625 0.05546875
0 0.6015625 0.68984375 0.03203125 0.05078125
0 0.1390625 0.6921875 0.028125 0.04140625
0 0.89375 0.696875 0.04140625 0.05078125
0 0.51171875 0.696875 0.03671875 0.04609375
0 0.7984375 0.70390625 0.03203125 0.04609375
0 0.21953125 0.7109375 0.028125 0.04140625
0 0.35390625 0.071875 0.0234375 0.05078125
0 0.69453125 0.71953125 0.04609375 0.05078125
0 0.840625 0.07421875 0.0234375 0.04140625
0 0.10625 0.73828125 0.04140625 0.0234375
0 0.409375 0.74296875 0.03203125 0.05078125
0 0.25234375 0.74765625 0.04140625 0.05546875
0 0.4609375 0.75234375 0.04140625 0.06015625
0 0.90546875 0.75703125 0.03671875 0.05078125
0 0.97421875 0.75703125 0.028125 0.05078125
0 0.8265625 0.76171875 0.04140625 0.05546875
0 0.12734375 0.76640625 0.028125 0.04140625
0 0.384375 0.78671875 0.03671875 0.04609375
0 0.5046875 0.80078125 0.04609375 0.05078125
0 0.3171875 0.81484375 0.028125 0.04140625
0 0.89375 0.81953125 0.03203125 0.05078125
0 0.22421875 0.8265625 0.028125 0.04140625
0 0.18515625 0.83125 0.03203125 0.04140625
0 0.41640625 0.83359375 0.04609375 0.04609375
0 0.8609375 0.83359375 0.03671875 0.028125
0 0.16640625 0.08359375 0.01875 0.04140625
0 0.4234375 0.08359375 0.0234375 0.03671875
0 0.3515625 0.85390625 0.03671875 0.05078125
0 0.659375 0.85390625 0.03671875 0.06015625
0 0.7546875 0.86328125 0.04140625 0.05078125
0 0.29375 0.875 0.03671875 0.05078125
0 0.45625 0.875 0.028125 0.03671875
0 0.8265625 0.87734375 0.04140625 0.04609375
0 0.39609375 0.87734375 0.04609375 0.05078125
0 0.8890625 0.88203125 0.05078125 0.04140625
0 0.71328125 0.88203125 0.03671875 0.04140625
0 0.615625 0.884375 0.06015625 0.03671875
0 0.06484375 0.8890625 0.03203125 0.03203125
0 0.1484375 0.89375 0.04609375 0.028125
0 0.49296875 0.89375 0.03671875 0.03203125
0 0.86796875 0.09296875 0.028125 0.04140625
0 0.34921875 0.01171875 0.0234375 0.0234375
0 0.6296875 0.01171875 0.028125 0.0234375
0 0.98828125 0.096875 0.0234375 0.04140625
0 0.5578125 0.10390625 0.03671875 0.04140625