0 0.0046875 0.29375 0.009375 0.009375
0 0.028125 0.29609375 0.0046875 0.009375
0 0.01171875 0.2984375 0.0046875 0.009375
0 0.0234375 0.2984375 0.0046875 0.009375
0 0.03203125 0.30078125 0.009375 0.009375
0 0.0046875 0.3078125 0.009375 0.009375
0 0.03203125 0.31015625 0.009375 0.0140625
0 0.02109375 0.31015625 0.009375 0.0140625
0 0.053125 0.31015625 0.009375 0.0046875
0 0.16875 0.31484375 0.009375 0.0140625
0 0.04609375 0.3171875 0.009375 0.0140625
0 0.06015625 0.3171875 0.0140625 0.0140625
0 0.1875 0.31953125 0.009375 0.01875
0 0.20390625 0.31953125 0.0046875 0.0140625
0 0.2015625 0.321875 0.0046875 0.0140625
0 0.21328125 0.32421875 0.009375 0.01875
0 0.09453125 0.32421875 0.0140625 0.01875
0 0.221875 0.32421875 0.009375 0.0140625
0 0.0046875 0.32421875 0.009375 0.0234375
0 0.10390625 0.32421875 0.009375 0.0140625
0 0.03046875 0.32421875 0.009375 0.0140625
0 0.071875 0.3265625 0.009375 0.0140625
0 0.1484375 0.3265625 0.009375 0.0140625
0 0.18046875 0.3265625 0.009375 0.0140625
0 0.0859375 0.32890625 0.009375 0.01875
0 0.05078125 0.32890625 0.009375 0.01875
0 0.1203125 0.32890625 0.009375 0.01875
0 0.03671875 0.33125 0.009375 0.0140625
0 0.36328125 0.33125 0.009375 0.0140625
0 0.0234375 0.33125 0.0140625 0.01875
0 0.24765625 0.33125 0.009375 0.0140625
0 0.13203125 0.3359375 0.0140625 0.0234375
0 0.10859375 0.33828125 0.009375 0.0140625
0 0.16640625 0.33828125 0.009375 0.0140625
0 0.153125 0.33828125 0.009375 0.0140625
0 0.384375 0.33828125 0.0140625 0.0140625
0 0.3984375 0.33828125 0.0140625 0.01875
0 0.07890625 0.34296875 0.009375 0.0140625
0 0.09453125 0.34296875 0.0140625 0.0140625
0 0.06484375 0.34296875 0.0140625 0.01875
0 0.22890625 0.34453125 0.0140625 0.0234375
0 0.1828125 0.34453125 0.009375 0.0140625
0 0.2453125 0.34453125 0.0046875 0.01875
0 0.0390625 0.34453125 0.01875 0.0234375
0 0.2640625 0.346875 0.0140625 0.0234375
0 0.0578125 0.3515625 0.0140625 0.01875
0 0.2890625 0.35390625 0.01875 0.01875
0 0.1015625 0.35625 0.0140625 0.0234375
0 0.13671875 0.35625 0.01875 0.028125
0 0.41875 0.35625 0.0140625 0.0234375
0 0.1203125 0.35859375 0.0234375 0.03671875
0 0.3890625 0.3609375 0.01875 0.028125
0 0.178125 0.36328125 0.009375 0.0140625
0 0.20390625 0.36328125 0.0234375 0.03671875
0 0.01171875 0.365625 0.0140625 0.0140625
0 0.0625 0.365625 0.0140625 0.01875
0 0.02109375 0.365625 0.0140625 0.0234375
0 0.403125 0.36796875 0.0140625 0.0234375
0 0.9234375 0.36796875 0.01875 0.028125
0 0.1875 0.3703125 0.01875 0.028125
0 0.29609375 0.3703125 0.009375 0.0234375
0 0.875 0.3703125 0.01875 0.028125
0 0.04140625 0.3703125 0.028125 0.03671875
0 0.08125 0.375 0.0234375 0.03203125
0 0.259375 0.37734375 0.0140625 0.01875
0 0.659375 0.38203125 0.0234375 0.03203125
0 0.64140625 0.38203125 0.01875 0.01875
0 0.23828125 0.38203125 0.0234375 0.028125
0 0.278125 0.384375 0.0140625 0.0140625
0 0.00703125 0.38671875 0.0140625 0.04140625
0 0.4375 0.3890625 0.0140625 0.0234375
0 0.159375 0.39375 0.028125 0.04609375
0 0.42109375 0.39375 0.028125 0.03671875
0 0.25234375 0.39609375 0.0140625 0.01875
0 0.71328125 0.39609375 0.009375 0.0140625
0 0.8125 0.3984375 0.0140625 0.0234375
0 0.79609375 0.40078125 0.0140625 0.0234375
0 0.68046875 0.40078125 0.0140625 0.01875
0 0.83359375 0.403125 0.0140625 0.03203125
0 0.1390625 0.403125 0.0234375 0.03203125
0 0.78046875 0.403125 0.0234375 0.03203125
0 0.45625 0.403125 0.0140625 0.0234375
0 0.33125 0.40703125 0.0234375 0.03203125
0 0.7453125 0.40703125 0.0234375 0.04140625
0 0.615625 0.40703125 0.01875 0.0234375
0 0.28203125 0.41875 0.0234375 0.04140625
0 0.6296875 0.41875 0.028125 0.04140625
0 0.72421875 0.41875 0.01875 0.04609375
0 0.8796875 0.42109375 0.0234375 0.028125
0 0.7015625 0.4234375 0.0234375 0.03671875
0 0.58359375 0.4234375 0.028125 0.05546875
0 0.25 0.42578125 0.03671875 0.04609375
0 0.75234375 0.428125 0.009375 0.0234375
0 0.365625 0.43046875 0.01875 0.0234375
0 0.66640625 0.43046875 0.0234375 0.04140625
0 0.48125 0.4328125 0.03671875 0.05078125
0 0.85390625 0.4328125 0.028125 0.028125
0 0.9421875 0.4328125 0.028125 0.04609375
0 0.8265625 0.43984375 0.01875 0.03203125
0 0.79375 0.44453125 0.028125 0.04609375
0 0.31953125 0.44921875 0.028125 0.03671875
0 0.965625 0.4609375 0.03203125 0.05078125
0 0.3796875 0.4609375 0.0234375 0.03671875
0 0.5140625 0.46328125 0.028125 0.03671875
0 0.98828125 0.46796875 0.0140625 0.04609375
0 0.86328125 0.46953125 0.028125 0.04609375
0 0.89609375 0.471875 0.03671875 0.05078125
0 0.01640625 0.471875 0.03203125 0.08359375
0 0.6734375 0.4765625 0.01875 0.04609375
0 0.6296875 0.47890625 0.028125 0.05078125
0 0.57421875 0.48125 0.04140625 0.06484375
0 0.75 0.4859375 0.04140625 0.06484375
0 0.7015625 0.49296875 0.03671875 0.05078125
0 0.9375 0.50234375 0.028125 0.028125
0 0.83359375 0.53671875 0.04140625 0.07421875
0 0.4953125 0.54375 0.03671875 0.06484375
0 0.95859375 0.5484375 0.04609375 0.06953125
0 0.1875 0.6296875 0.03671875 0.04609375
0 0.1109375 0.6875 0.06015625 0.08828125
0 0.3078125 0.70625 0.03671875 0.06953125
0 0.5625 0.715625 0.04609375 0.06484375
0 0.64375 0.8890625 0.09296875 0.03203125
0 0.715625 0.89140625 0.05078125 0.03203125