0 0.3890625 0.57890625 0.0140625 0.01875
0 0.54375 0.58828125 0.009375 0.01875
0 0.66171875 0.59296875 0.0140625 0.0140625
0 0.5140625 0.59453125 0.0140625 0.01875
0 0.64140625 0.59453125 0.009375 0.01875
0 0.2640625 0.596875 0.009375 0.01875
0 0.4375 0.596875 0.0140625 0.0234375
0 0.4515625 0.59921875 0.009375 0.01875
0 0.50234375 0.6015625 0.009375 0.0140625
0 0.54375 0.6015625 0.009375 0.01875
0 0.47890625 0.60625 0.0140625 0.0234375
0 0.23359375 0.60859375 0.0140625 0.028125
0 0.553125 0.60859375 0.01875 0.01875
0 0.42109375 0.61328125 0.0140625 0.03203125
0 0.58125 0.61328125 0.0140625 0.028125
0 0.21796875 0.615625 0.0140625 0.0140625
0 0.76171875 0.615625 0.0140625 0.03203125
0 0.1875 0.61796875 0.0140625 0.01875
0 0.1734375 0.6203125 0.0140625 0.0140625
0 0.20390625 0.6203125 0.0140625 0.01875
0 0.778125 0.62265625 0.01875 0.028125
0 0.28671875 0.62734375 0.0140625 0.0140625
0 0.38203125 0.62734375 0.01875 0.028125
0 0.8078125 0.62734375 0.0140625 0.028125
0 0.40546875 0.62734375 0.009375 0.028125
0 0.02578125 0.6296875 0.0140625 0.0234375
0 0.2984375 0.63203125 0.009375 0.0140625
0 0.009375 0.634375 0.0140625 0.01875
0 0.865625 0.634375 0.01875 0.03203125
0 0.3078125 0.63671875 0.009375 0.01875
0 0.10859375 0.63671875 0.0234375 0.03203125
0 0.12734375 0.64140625 0.01875 0.03203125
0 0.33125 0.64140625 0.0140625 0.0234375
0 0.40546875 0.64140625 0.0140625 0.0234375
0 0.96328125 0.64140625 0.01875 0.04140625
0 0.34453125 0.64375 0.01875 0.028125
0 0.16171875 0.6484375 0.01875 0.03203125
0 0.54609375 0.65078125 0.0140625 0.01875
0 0.04140625 0.65078125 0.01875 0.028125
0 0.92578125 0.653125 0.0234375 0.03203125
0 0.08359375 0.65546875 0.0234375 0.03671875
0 0.20859375 0.659375 0.028125 0.03203125
0 0.509375 0.66171875 0.0140625 0.0140625
0 0.49296875 0.66171875 0.0140625 0.01875
0 0.23359375 0.6640625 0.028125 0.04609375
0 0.44921875 0.6640625 0.01875 0.0234375
0 0.64609375 0.66640625 0.0140625 0.0234375
0 0.43515625 0.67109375 0.0140625 0.028125
0 0.60390625 0.67109375 0.0140625 0.028125
0 0.625 0.67109375 0.0140625 0.03203125
0 0.9859375 0.67109375 0.01875 0.03203125
0 0.47421875 0.6734375 0.0140625 0.01875
0 0.69453125 0.6734375 0.01875 0.028125
0 0.26875 0.67578125 0.01875 0.03671875
0 0.56015625 0.67578125 0.0140625 0.01875
0 0.04375 0.678125 0.01875 0.028125
0 0.01171875 0.678125 0.0140625 0.03203125
0 0.45859375 0.6828125 0.0140625 0.01875
0 0.52109375 0.68515625 0.01875 0.028125
0 0.99296875 0.68515625 0.009375 0.04140625
0 0.02578125 0.68984375 0.0140625 0.028125
0 0.6734375 0.68984375 0.01875 0.028125
0 0.70859375 0.68984375 0.0140625 0.028125
0 0.5765625 0.6921875 0.01875 0.028125
0 0.72890625 0.6921875 0.01875 0.04140625
0 0.615625 0.70625 0.01875 0.028125
0 0.59296875 0.71328125 0.01875 0.028125
0 0.340625 0.71328125 0.0234375 0.03203125
0 0.64375 0.71328125 0.01875 0.028125
0 0.678125 0.715625 0.0140625 0.03671875
0 0.43515625 0.71796875 0.01875 0.03203125
0 0.3984375 0.721875 0.0234375 0.03203125
0 0.625 0.72421875 0.01875 0.03203125
0 0.428125 0.7265625 0.0234375 0.03203125
0 0.3796875 0.73125 0.0234375 0.04140625
0 0.47890625 0.73828125 0.0234375 0.03671875
0 0.09453125 0.740625 0.028125 0.04140625
0 0.01171875 0.7453125 0.0234375 0.06484375
0 0.5484375 0.74765625 0.01875 0.04609375
0 0.240625 0.759375 0.028125 0.05078125
0 0.9234375 0.76171875 0.01875 0.0234375
0 0.27578125 0.76875 0.03203125 0.04609375
0 0.846875 0.7734375 0.0234375 0.03671875
0 0.1203125 0.77578125 0.0234375 0.04140625
0 0.48359375 0.778125 0.028125 0.04609375
0 0.94453125 0.78046875 0.0234375 0.03203125
0 0.17578125 0.78046875 0.028125 0.04140625
0 0.053125 0.784375 0.03203125 0.04609375
0 0.82421875 0.78671875 0.0234375 0.05078125
0 0.73359375 0.79375 0.03671875 0.04609375
0 0.9765625 0.79375 0.01875 0.028125
0 0.9234375 0.80078125 0.0234375 0.04609375
0 0.909375 0.8078125 0.028125 0.04609375
0 0.115625 0.8078125 0.03203125 0.05078125
0 0.990625 0.81484375 0.01875 0.05078125
0 0.69921875 0.8171875 0.0234375 0.04140625
0 0.77109375 0.83125 0.028125 0.04140625
0 0.34921875 0.83125 0.03203125 0.04609375
0 0.85390625 0.84296875 0.03671875 0.06015625
0 0.67578125 0.84296875 0.028125 0.03671875
0 0.26875 0.84453125 0.03671875 0.06484375
0 0.74765625 0.846875 0.04140625 0.06953125
0 0.9859375 0.84921875 0.028125 0.04609375
0 0.553125 0.84921875 0.028125 0.06015625
0 0.5859375 0.884375 0.03203125 0.06015625
0 0.4328125 0.89609375 0.03203125 0.06015625
0 0.55546875 0.928125 0.03671875 0.06484375
0 0.48125 0.95859375 0.03671875 0.05546875