0 0.4953125 0.3515625 0.009375 0.0140625
0 0.7265625 0.35390625 0.0046875 0.0046875
0 0.6109375 0.3609375 0.0046875 0.0140625
0 0.6390625 0.36328125 0.0046875 0.0046875
0 0.62265625 0.36328125 0.0046875 0.0046875
0 0.66171875 0.36328125 0.0046875 0.0046875
0 0.653125 0.36328125 0.0046875 0.0046875
0 0.61796875 0.36328125 0.0046875 0.009375
0 0.78046875 0.3703125 0.009375 0.0046875
0 0.62265625 0.3703125 0.0046875 0.0046875
0 0.64375 0.3703125 0.0046875 0.0046875
0 0.76875 0.37265625 0.0046875 0.0046875
0 0.615625 0.37265625 0.0046875 0.0046875
0 0.696875 0.37265625 0.0046875 0.0046875
0 0.721875 0.37265625 0.0046875 0.009375
0 0.7359375 0.37265625 0.0046875 0.009375
0 0.6484375 0.37265625 0.0046875 0.0046875
0 0.68046875 0.37265625 0.0046875 0.0046875
0 0.67578125 0.37265625 0.0046875 0.0046875
0 0.6640625 0.375 0.0046875 0.0046875
0 0.66875 0.375 0.0046875 0.0046875
0 0.68046875 0.375 0.0046875 0.0046875
0 0.68984375 0.375 0.0046875 0.0046875
0 0.49296875 0.375 0.0046875 0.0140625
0 0.6734375 0.375 0.0046875 0.0046875
0 0.696875 0.375 0.0046875 0.0046875
0 0.5765625 0.37734375 0.009375 0.009375
0 0.71953125 0.37734375 0.0046875 0.0046875
0 0.62734375 0.3796875 0.0046875 0.009375
0 0.70390625 0.3796875 0.0046875 0.0046875
0 0.65546875 0.3796875 0.0046875 0.009375
0 0.696875 0.3796875 0.0046875 0.0046875
0 0.634375 0.3796875 0.0046875 0.009375
0 0.67578125 0.38203125 0.0046875 0.0046875
0 0.68984375 0.384375 0.0046875 0.009375
0 0.68046875 0.384375 0.009375 0.009375
0 0.61796875 0.384375 0.0046875 0.009375
0 0.63203125 0.38671875 0.0046875 0.0046875
0 0.65703125 0.38671875 0.0046875 0.0046875
0 0.64375 0.3890625 0.009375 0.009375
0 0.778125 0.39140625 0.009375 0.009375
0 0.66640625 0.39375 0.0046875 0.0046875
0 0.70859375 0.39375 0.0046875 0.009375
0 0.7265625 0.39375 0.009375 0.0046875
0 0.71796875 0.39609375 0.0046875 0.0046875
0 0.65703125 0.39609375 0.009375 0.009375
0 0.6921875 0.39609375 0.0046875 0.009375
0 0.76875 0.3984375 0.0140625 0.0140625
0 0.68046875 0.40078125 0.0046875 0.009375
0 0.7359375 0.40078125 0.009375 0.009375
0 0.6734375 0.403125 0.0046875 0.0046875
0 0.715625 0.403125 0.0046875 0.009375
0 0.6015625 0.403125 0.0046875 0.009375
0 0.62734375 0.40546875 0.0046875 0.0046875
0 0.634375 0.40546875 0.0046875 0.009375
0 0.66640625 0.40703125 0.0046875 0.0046875
0 0.68984375 0.40703125 0.009375 0.009375
0 0.69921875 0.40703125 0.009375 0.009375
0 0.61796875 0.40703125 0.0046875 0.0046875
0 0.45390625 0.409375 0.0140625 0.0140625
0 0.65078125 0.409375 0.009375 0.009375
0 0.61328125 0.41171875 0.0046875 0.009375
0 0.79140625 0.41171875 0.009375 0.009375
0 0.67578125 0.41171875 0.009375 0.009375
0 0.721875 0.41171875 0.009375 0.0046875
0 0.78671875 0.41171875 0.0046875 0.009375
0 0.596875 0.41171875 0.0046875 0.009375
0 0.63203125 0.4140625 0.0046875 0.0046875
0 0.53671875 0.41640625 0.0046875 0.0046875
0 0.56015625 0.41640625 0.0046875 0.009375
0 0.571875 0.41640625 0.0046875 0.009375
0 0.70859375 0.41640625 0.0046875 0.009375
0 0.73359375 0.41640625 0.0046875 0.009375
0 0.6921875 0.41875 0.009375 0.009375
0 0.7453125 0.41875 0.009375 0.0140625
0 0.528125 0.41875 0.009375 0.009375
0 0.6828125 0.41875 0.009375 0.009375
0 0.59453125 0.41875 0.0046875 0.0046875
0 0.69921875 0.41875 0.009375 0.0046875
0 0.715625 0.41875 0.009375 0.0140625
0 0.66171875 0.41875 0.009375 0.009375
0 0.67109375 0.41875 0.009375 0.0046875
0 0.61328125 0.42109375 0.009375 0.009375
0 0.625 0.42109375 0.009375 0.009375
0 0.58359375 0.4234375 0.0140625 0.0140625
0 0.64375 0.4234375 0.0140625 0.009375
0 0.72421875 0.42578125 0.0046875 0.009375
0 0.65703125 0.42578125 0.0140625 0.009375
0 0.5140625 0.42578125 0.0046875 0.009375
0 0.70859375 0.428125 0.009375 0.009375
0 0.57890625 0.428125 0.009375 0.0140625
0 0.71796875 0.428125 0.009375 0.009375
0 0.5578125 0.428125 0.0046875 0.009375
0 0.73359375 0.428125 0.0046875 0.009375
0 0.68046875 0.43046875 0.0046875 0.0046875
0 0.67109375 0.43046875 0.0046875 0.0046875
0 0.6921875 0.43046875 0.009375 0.009375
0 0.41640625 0.4328125 0.009375 0.009375
0 0.66171875 0.4328125 0.009375 0.0140625
0 0.740625 0.4328125 0.009375 0.009375
0 0.5 0.43515625 0.009375 0.009375
0 0.44921875 0.43515625 0.009375 0.0140625
0 0.61328125 0.43515625 0.009375 0.009375
0 0.653125 0.43515625 0.009375 0.0140625
0 0.62265625 0.43515625 0.009375 0.009375
0 0.58828125 0.4375 0.009375 0.0140625
0 0.5140625 0.4375 0.009375 0.0140625
0 0.6390625 0.4375 0.0046875 0.009375
0 0.678125 0.4375 0.009375 0.009375
0 0.7453125 0.4375 0.0046875 0.009375
0 0.5484375 0.43984375 0.009375 0.009375
0 0.64609375 0.43984375 0.009375 0.009375
0 0.73125 0.43984375 0.009375 0.009375
0 0.66875 0.43984375 0.0046875 0.009375
0 0.69921875 0.43984375 0.009375 0.0140625
0 0.68984375 0.43984375 0.009375 0.009375
0 0.659375 0.4421875 0.0046875 0.009375
0 0.534375 0.44453125 0.009375 0.0140625
0 0.715625 0.44453125 0.009375 0.009375
0 0.740625 0.446875 0.0140625 0.0140625
0 0.64375 0.446875 0.009375 0.009375
0 0.653125 0.446875 0.0046875 0.009375
0 0.74765625 0.446875 0.009375 0.0140625
0 0.759375 0.44921875 0.009375 0.0140625
0 0.884375 0.4515625 0.01875 0.0234375
0 0.696875 0.4515625 0.0046875 0.0046875
0 0.67109375 0.4515625 0.009375 0.0140625
0 0.721875 0.4515625 0.009375 0.0140625
0 0.6390625 0.45390625 0.0046875 0.009375
0 0.6203125 0.45390625 0.009375 0.009375
0 0.68046875 0.45390625 0.009375 0.0140625
0 0.68984375 0.45390625 0.0046875 0.009375
0 0.70859375 0.45625 0.009375 0.0140625
0 0.65546875 0.45625 0.009375 0.0140625
0 0.73125 0.45625 0.009375 0.0140625
0 0.571875 0.45859375 0.0046875 0.0140625
0 0.75 0.4609375 0.009375 0.0140625
0 0.76640625 0.4609375 0.009375 0.0140625
0 0.70390625 0.46328125 0.0140625 0.009375
0 0.5625 0.46328125 0.009375 0.0140625
0 0.83359375 0.46328125 0.0140625 0.01875
0 0.6734375 0.46328125 0.009375 0.0140625
0 0.71796875 0.46328125 0.009375 0.0140625
0 0.7453125 0.465625 0.009375 0.0140625
0 0.69453125 0.46796875 0.0046875 0.0046875
0 0.45390625 0.46953125 0.0140625 0.0234375
0 0.66640625 0.46953125 0.009375 0.0140625
0 0.63671875 0.46953125 0.009375 0.0140625
0 0.490625 0.46953125 0.0140625 0.0234375
0 0.72890625 0.471875 0.0140625 0.01875
0 0.5 0.471875 0.009375 0.01875
0 0.68046875 0.471875 0.009375 0.0140625
0 0.73828125 0.471875 0.0140625 0.0140625
0 0.6875 0.471875 0.009375 0.0140625
0 0.69921875 0.471875 0.009375 0.009375
0 0.340625 0.47421875 0.01875 0.0234375
0 0.63203125 0.4765625 0.0140625 0.009375
0 0.7546875 0.4765625 0.009375 0.0140625
0 0.71328125 0.4765625 0.009375 0.009375
0 0.4765625 0.47890625 0.01875 0.0234375
0 0.66171875 0.47890625 0.0140625 0.01875
0 0.89140625 0.47890625 0.0140625 0.0234375
0 0.81953125 0.48125 0.0140625 0.0140625
0 0.321875 0.48125 0.0140625 0.0234375
0 0.875 0.48359375 0.0140625 0.01875
0 0.90546875 0.4859375 0.009375 0.01875
0 0.91171875 0.4859375 0.009375 0.0140625
0 0.68984375 0.4859375 0.0140625 0.01875
0 0.74765625 0.48828125 0.0140625 0.0140625
0 0.7015625 0.490625 0.0140625 0.0140625
0 0.653125 0.490625 0.0140625 0.01875
0 0.46328125 0.4953125 0.0140625 0.01875
0 0.66640625 0.4953125 0.0140625 0.0140625
0 0.4140625 0.49765625 0.0140625 0.0234375
0 0.8171875 0.5 0.01875 0.01875
0 0.77578125 0.5 0.0140625 0.0140625
0 0.865625 0.50234375 0.01875 0.01875
0 0.553125 0.5046875 0.0140625 0.01875
0 0.49296875 0.509375 0.0140625 0.01875
0 0.659375 0.509375 0.0140625 0.0140625
0 0.75703125 0.51640625 0.0140625 0.0140625
0 0.740625 0.51640625 0.0140625 0.01875
0 0.715625 0.51875 0.0140625 0.01875
0 0.80078125 0.51875 0.01875 0.01875
0 0.73359375 0.5234375 0.009375 0.01875
0 0.6828125 0.528125 0.0140625 0.01875
0 0.76171875 0.53203125 0.0140625 0.01875
0 0.696875 0.534375 0.0140625 0.0234375
0 0.7109375 0.534375 0.0140625 0.01875
0 0.72421875 0.5390625 0.0140625 0.01875
0 0.75234375 0.5390625 0.01875 0.01875
0 0.6390625 0.5484375 0.01875 0.028125
0 0.4375 0.55546875 0.028125 0.03671875
0 0.19921875 0.5578125 0.03671875 0.04140625
0 0.10859375 0.5625 0.04609375 0.06484375
0 0.38671875 0.56484375 0.03671875 0.06484375
0 0.72890625 0.56953125 0.03203125 0.03671875
0 0.01640625 0.571875 0.03203125 0.06015625
0 0.509375 0.57421875 0.03671875 0.04609375
0 0.68984375 0.5765625 0.01875 0.028125
0 0.5671875 0.590625 0.028125 0.04140625
0 0.534375 0.6109375 0.03671875 0.04609375
0 0.20390625 0.62265625 0.05078125 0.07421875