0 0.7265625 0.59296875 0.0046875 0.009375
0 0.73125 0.59296875 0.0046875 0.0046875
0 0.51171875 0.60390625 0.0046875 0.0046875
0 0.46796875 0.60625 0.0046875 0.009375
0 0.54609375 0.6109375 0.0046875 0.0046875
0 0.39375 0.61328125 0.0046875 0.009375
0 0.54375 0.61328125 0.0046875 0.009375
0 0.40546875 0.615625 0.0046875 0.009375
0 0.75234375 0.615625 0.0046875 0.0046875
0 0.79609375 0.615625 0.0046875 0.009375
0 0.59921875 0.615625 0.0046875 0.0046875
0 0.69921875 0.615625 0.0046875 0.0046875
0 0.865625 0.615625 0.009375 0.0140625
0 0.33359375 0.61796875 0.009375 0.009375
0 0.6484375 0.61796875 0.0046875 0.009375
0 0.66171875 0.61796875 0.0046875 0.009375
0 0.6875 0.61796875 0.0046875 0.0046875
0 0.70625 0.61796875 0.0046875 0.0046875
0 0.803125 0.61796875 0.009375 0.0140625
0 0.8125 0.61796875 0.0046875 0.009375
0 0.60390625 0.61796875 0.0046875 0.0046875
0 0.72890625 0.61796875 0.009375 0.0140625
0 0.76875 0.61796875 0.0046875 0.009375
0 0.3609375 0.6203125 0.0046875 0.009375
0 0.67578125 0.6203125 0.0046875 0.009375
0 0.75234375 0.6203125 0.009375 0.0140625
0 0.721875 0.6203125 0.0046875 0.009375
0 0.596875 0.62265625 0.0046875 0.0046875
0 0.81953125 0.62265625 0.009375 0.009375
0 0.8359375 0.62265625 0.009375 0.0140625
0 0.37265625 0.62265625 0.0046875 0.009375
0 0.7640625 0.62265625 0.009375 0.009375
0 0.6921875 0.62265625 0.0046875 0.0046875
0 0.23828125 0.62265625 0.009375 0.0140625
0 0.58125 0.62265625 0.0046875 0.009375
0 0.78203125 0.62265625 0.009375 0.009375
0 0.32421875 0.625 0.009375 0.0140625
0 0.68515625 0.625 0.0046875 0.009375
0 0.41640625 0.625 0.009375 0.009375
0 0.58828125 0.625 0.0046875 0.0046875
0 0.7453125 0.625 0.009375 0.01875
0 0.2546875 0.625 0.009375 0.0140625
0 0.51640625 0.625 0.0046875 0.009375
0 0.39140625 0.62734375 0.0046875 0.009375
0 0.428125 0.62734375 0.0046875 0.009375
0 0.6828125 0.62734375 0.009375 0.0140625
0 0.696875 0.62734375 0.009375 0.009375
0 0.48828125 0.62734375 0.0046875 0.009375
0 0.57421875 0.62734375 0.0046875 0.009375
0 0.51171875 0.6296875 0.009375 0.0140625
0 0.70390625 0.6296875 0.009375 0.009375
0 0.84453125 0.6296875 0.009375 0.01875
0 0.47890625 0.6296875 0.0046875 0.009375
0 0.71953125 0.6296875 0.0046875 0.009375
0 0.71328125 0.6296875 0.009375 0.0140625
0 0.43515625 0.6296875 0.0046875 0.009375
0 0.596875 0.6296875 0.0046875 0.0046875
0 0.66875 0.6296875 0.0046875 0.0140625
0 0.5859375 0.63203125 0.0046875 0.0046875
0 0.64140625 0.63203125 0.009375 0.0140625
0 0.26640625 0.63203125 0.009375 0.01875
0 0.28203125 0.63203125 0.0046875 0.0140625
0 0.21796875 0.634375 0.0140625 0.01875
0 0.30078125 0.634375 0.009375 0.0140625
0 0.78203125 0.634375 0.0046875 0.009375
0 0.58125 0.634375 0.0046875 0.0046875
0 0.72421875 0.634375 0.009375 0.0140625
0 0.73359375 0.634375 0.0140625 0.028125
0 0.7984375 0.634375 0.009375 0.01875
0 0.52109375 0.634375 0.0046875 0.009375
0 0.54609375 0.634375 0.0046875 0.009375
0 0.553125 0.63671875 0.0046875 0.009375
0 0.39609375 0.63671875 0.0046875 0.009375
0 0.32421875 0.6390625 0.009375 0.0140625
0 0.5625 0.6390625 0.009375 0.0140625
0 0.63671875 0.64140625 0.0140625 0.01875
0 0.6921875 0.64140625 0.009375 0.01875
0 0.1734375 0.64140625 0.01875 0.0234375
0 0.3890625 0.64375 0.0046875 0.009375
0 0.490625 0.64375 0.0046875 0.009375
0 0.31015625 0.64375 0.009375 0.0140625
0 0.76875 0.64375 0.0140625 0.028125
0 0.15703125 0.64375 0.01875 0.01875
0 0.67109375 0.64609375 0.009375 0.009375
0 0.43046875 0.64609375 0.0046875 0.009375
0 0.03671875 0.6484375 0.01875 0.028125
0 0.4609375 0.6484375 0.0046875 0.0140625
0 0.5 0.6484375 0.009375 0.0140625
0 0.44453125 0.6484375 0.0046875 0.0140625
0 0.59296875 0.6484375 0.009375 0.0140625
0 0.44921875 0.65078125 0.0046875 0.009375
0 0.48359375 0.65078125 0.0046875 0.009375
0 0.46796875 0.65078125 0.0046875 0.009375
0 0.8703125 0.65078125 0.01875 0.028125
0 0.134375 0.653125 0.01875 0.028125
0 0.51640625 0.653125 0.0046875 0.0046875
0 0.6203125 0.65546875 0.0140625 0.0140625
0 0.7890625 0.65546875 0.01875 0.028125
0 0.57890625 0.65703125 0.0140625 0.0140625
0 0.56484375 0.65703125 0.0046875 0.0046875
0 0.321875 0.659375 0.0140625 0.0234375
0 0.3515625 0.659375 0.009375 0.009375
0 0.67109375 0.659375 0.0140625 0.0234375
0 0.01171875 0.66171875 0.0140625 0.01875
0 0.4953125 0.66171875 0.009375 0.0140625
0 0.3703125 0.66171875 0.009375 0.0140625
0 0.5390625 0.66171875 0.0140625 0.01875
0 0.38203125 0.6640625 0.009375 0.0140625
0 0.31015625 0.6640625 0.0140625 0.028125
0 0.39375 0.66875 0.009375 0.01875
0 0.2734375 0.66875 0.009375 0.01875
0 0.68046875 0.66875 0.0140625 0.01875
0 0.48359375 0.67109375 0.009375 0.0140625
0 0.61328125 0.67109375 0.01875 0.028125
0 0.36796875 0.6734375 0.0046875 0.009375
0 0.72890625 0.6734375 0.01875 0.028125
0 0.403125 0.67578125 0.009375 0.0140625
0 0.2265625 0.67578125 0.0140625 0.01875
0 0.490625 0.67578125 0.009375 0.01875
0 0.5859375 0.67578125 0.0234375 0.03203125
0 0.5 0.678125 0.009375 0.0140625
0 0.528125 0.678125 0.009375 0.01875
0 0.196875 0.68046875 0.0140625 0.01875
0 0.69921875 0.68046875 0.0140625 0.0234375
0 0.16171875 0.68515625 0.009375 0.01875
0 0.51875 0.6875 0.0140625 0.0140625
0 0.63671875 0.6875 0.01875 0.03203125
0 0.3609375 0.6875 0.009375 0.01875
0 0.45390625 0.6875 0.009375 0.01875
0 0.9140625 0.6875 0.01875 0.01875
0 0.46328125 0.6875 0.0140625 0.0234375
0 0.48125 0.6921875 0.0140625 0.01875
0 0.134375 0.6921875 0.0140625 0.0234375
0 0.2109375 0.6921875 0.009375 0.0234375
0 0.41875 0.6921875 0.0140625 0.0140625
0 0.4375 0.69453125 0.009375 0.01875
0 0.01640625 0.69453125 0.0234375 0.04140625
0 0.15546875 0.696875 0.01875 0.0234375
0 0.5625 0.696875 0.01875 0.03203125
0 0.68046875 0.70625 0.028125 0.05078125
0 0.39609375 0.70625 0.01875 0.028125
0 0.11328125 0.7109375 0.0234375 0.03203125
0 0.51875 0.7109375 0.01875 0.028125
0 0.42109375 0.7109375 0.0140625 0.028125
0 0.27109375 0.71328125 0.0140625 0.028125
0 0.61328125 0.71796875 0.028125 0.04140625
0 0.159375 0.71953125 0.0140625 0.03203125
0 0.46328125 0.721875 0.01875 0.028125
0 0.05078125 0.72421875 0.03203125 0.04140625
0 0.84453125 0.7265625 0.03203125 0.05546875
0 0.71953125 0.7265625 0.01875 0.028125
0 0.95390625 0.72890625 0.0234375 0.028125
0 0.18515625 0.73359375 0.01875 0.03671875
0 0.384375 0.7359375 0.0234375 0.03671875
0 0.98828125 0.74765625 0.0234375 0.05078125
0 0.88671875 0.77578125 0.04609375 0.06953125
0 0.28046875 0.81484375 0.028125 0.04140625
0 0.1640625 0.82421875 0.028125 0.04140625
0 0.2453125 0.83125 0.03203125 0.03671875