0 0.365625 0.23359375 0.04140625 0.03671875
0 0.6109375 0.23359375 0.03671875 0.03203125
0 0.11328125 0.23359375 0.04140625 0.03671875
0 0.5625 0.2359375 0.03203125 0.01875
0 0.16171875 0.2359375 0.05078125 0.03671875
0 0.94453125 0.240625 0.03203125 0.028125
0 0.028125 0.2453125 0.04140625 0.05078125
0 0.8265625 0.2453125 0.05078125 0.028125
0 0.97890625 0.25 0.03203125 0.03671875
0 0.48125 0.25234375 0.03671875 0.03203125
0 0.278125 0.25703125 0.04140625 0.03203125
0 0.5671875 0.259375 0.05078125 0.0234375
0 0.02109375 0.26640625 0.04140625 0.05546875
0 0.71796875 0.26875 0.06484375 0.06015625
0 0.2359375 0.27109375 0.05546875 0.04140625
0 0.09296875 0.2734375 0.03671875 0.03671875
0 0.9609375 0.27578125 0.05546875 0.05546875
0 0.91171875 0.278125 0.06015625 0.05078125
0 0.178125 0.28203125 0.05078125 0.04140625
0 0.75234375 0.29375 0.03203125 0.03203125
0 0.27109375 0.31484375 0.08359375 0.06015625
0 0.59453125 0.31953125 0.08359375 0.06953125
0 0.9859375 0.346875 0.01875 0.08359375
0 0.85390625 0.3515625 0.096875 0.115625
0 0.4421875 0.375 0.14375 0.1484375
0 0.821875 0.096875 0.04609375 0.03671875
0 0.23828125 0.10390625 0.03203125 0.03203125
0 0.1640625 0.10390625 0.03203125 0.03203125
0 0.5578125 0.10625 0.028125 0.028125
0 0.028125 0.10859375 0.03203125 0.03203125
0 0.33125 0.11328125 0.03671875 0.03203125
0 0.44921875 0.1296875 0.03203125 0.028125
0 0.48125 0.1484375 0.03203125 0.028125
0 0.1484375 0.20390625 0.04140625 0.028125
0 0.48125 0.22421875 0.03671875 0.01875
0 0.58125 0.22890625 0.028125 0.01875