0 0.44453125 0.15703125 0.0234375 0.03671875
0 0.96953125 0.16171875 0.028125 0.04140625
0 0.68046875 0.1640625 0.03203125 0.04609375
0 0.54140625 0.16640625 0.028125 0.03203125
0 0.3984375 0.16640625 0.0234375 0.03203125
0 0.48828125 0.16875 0.03671875 0.05078125
0 0.2984375 0.17578125 0.0234375 0.03203125
0 0.653125 0.178125 0.028125 0.04140625
0 0.821875 0.18046875 0.03671875 0.04609375
0 0.90078125 0.18046875 0.03671875 0.04609375
0 0.784375 0.18515625 0.03671875 0.04609375
0 0.51875 0.1875 0.028125 0.04140625
0 0.43515625 0.1921875 0.03671875 0.04140625
0 0.31953125 0.19453125 0.028125 0.04140625
0 0.35390625 0.19453125 0.028125 0.03203125
0 0.66640625 0.19453125 0.03203125 0.04140625
0 0.93515625 0.196875 0.0234375 0.04140625
0 0.5484375 0.196875 0.03671875 0.04140625
0 0.875 0.2015625 0.03203125 0.03671875
0 0.29140625 0.21328125 0.04140625 0.04609375
0 0.509375 0.215625 0.028125 0.03203125
0 0.34921875 0.22421875 0.03671875 0.04609375
0 0.375 0.2265625 0.03671875 0.04140625
0 0.659375 0.2265625 0.03203125 0.03671875
0 0.69921875 0.23125 0.03203125 0.04140625
0 0.42109375 0.23359375 0.03671875 0.04609375
0 0.6203125 0.23359375 0.0234375 0.03671875
0 0.47890625 0.23828125 0.04140625 0.05546875
0 0.25703125 0.24296875 0.03671875 0.05546875
0 0.303125 0.24296875 0.03203125 0.04609375
0 0.61328125 0.2453125 0.0234375 0.04140625
0 0.58828125 0.25 0.03671875 0.04140625
0 0.22890625 0.25 0.028125 0.03203125
0 0.44921875 0.25 0.03203125 0.05078125
0 0.5625 0.25234375 0.028125 0.04609375
0 0.66171875 0.25703125 0.028125 0.04609375
0 0.28203125 0.259375 0.03671875 0.03671875
0 0.5140625 0.2640625 0.028125 0.04609375
0 0.90703125 0.26640625 0.03203125 0.05078125
0 0.3609375 0.26875 0.03203125 0.04609375
0 0.95859375 0.27578125 0.03203125 0.05078125
0 0.590625 0.27578125 0.0234375 0.028125
0 0.54140625 0.278125 0.028125 0.04140625
0 0.68046875 0.284375 0.03203125 0.05078125
0 0.47421875 0.29375 0.03671875 0.04140625
0 0.21796875 0.29609375 0.03671875 0.05546875
0 0.27109375 0.29609375 0.028125 0.03203125
0 0.40546875 0.29609375 0.03671875 0.05078125
0 0.615625 0.30078125 0.028125 0.03671875
0 0.50703125 0.3078125 0.03671875 0.03203125
0 0.4515625 0.31484375 0.03203125 0.03203125
0 0.571875 0.31484375 0.03203125 0.04609375
0 0.3265625 0.31953125 0.028125 0.05078125
0 0.34453125 0.31953125 0.0234375 0.03671875
0 0.596875 0.321875 0.028125 0.03203125
0 0.8265625 0.32421875 0.04140625 0.05546875
0 0.740625 0.33359375 0.03671875 0.06484375
0 0.2890625 0.3359375 0.03203125 0.05546875
0 0.721875 0.340625 0.03203125 0.04140625
0 0.45859375 0.34296875 0.03203125 0.03671875
0 0.38671875 0.34453125 0.03203125 0.04609375
0 0.2546875 0.346875 0.04140625 0.06484375
0 0.5140625 0.34921875 0.03671875 0.03671875
0 0.35390625 0.3609375 0.028125 0.03671875
0 0.69921875 0.3609375 0.04140625 0.05546875
0 0.07890625 0.3609375 0.03671875 0.04140625
0 0.59453125 0.36328125 0.03203125 0.04140625
0 0.465625 0.37734375 0.03203125 0.03671875
0 0.21328125 0.37734375 0.03671875 0.04609375
0 0.49765625 0.384375 0.03671875 0.04140625
0 0.66875 0.39140625 0.04140625 0.04609375
0 0.35390625 0.39609375 0.0234375 0.06484375
0 0.3984375 0.39609375 0.04609375 0.04140625
0 0.42578125 0.40078125 0.03671875 0.06484375
0 0.59921875 0.04140625 0.028125 0.04140625
0 0.18046875 0.40703125 0.03203125 0.04140625
0 0.0484375 0.40703125 0.05546875 0.06484375
0 0.33359375 0.41171875 0.03671875 0.06015625
0 0.14609375 0.4140625 0.04140625 0.04140625
0 0.4609375 0.41640625 0.03671875 0.04609375
0 0.24296875 0.42109375 0.03203125 0.05546875
0 0.79140625 0.4234375 0.04140625 0.06015625
0 0.6484375 0.4234375 0.04609375 0.05546875
0 0.21796875 0.4328125 0.03671875 0.05078125
0 0.509375 0.4328125 0.04140625 0.05078125
0 0.38671875 0.43515625 0.04609375 0.05546875
0 0.30546875 0.43515625 0.028125 0.05546875
0 0.02578125 0.43984375 0.03671875 0.06953125
0 0.28046875 0.446875 0.05078125 0.06015625
0 0.596875 0.44921875 0.04140625 0.05078125
0 0.13671875 0.45625 0.04609375 0.05078125
0 0.6734375 0.4609375 0.04140625 0.05546875
0 0.08359375 0.46328125 0.04140625 0.04609375
0 0.45859375 0.46328125 0.03671875 0.05078125
0 0.75 0.48828125 0.03671875 0.05546875
0 0.5625 0.490625 0.05078125 0.06953125
0 0.375 0.4953125 0.04140625 0.06015625
0 0.71328125 0.49765625 0.04609375 0.06953125
0 0.6109375 0.5 0.04140625 0.06484375
0 0.51640625 0.50234375 0.04609375 0.06484375
0 0.7984375 0.5046875 0.04140625 0.07421875
0 0.1921875 0.509375 0.04140625 0.06953125
0 0.45859375 0.5140625 0.04140625 0.05078125
0 0.2453125 0.52109375 0.06015625 0.07421875
0 0.303125 0.528125 0.04140625 0.06015625
0 0.45390625 0.053125 0.0234375 0.04140625
0 0.15078125 0.534375 0.03671875 0.06015625
0 0.41171875 0.53671875 0.04609375 0.06015625
0 0.115625 0.5390625 0.05078125 0.10625
0 0.37265625 0.553125 0.03671875 0.06015625
0 0.53046875 0.56015625 0.05078125 0.05546875
0 0.625 0.5765625 0.05078125 0.08359375
0 0.56484375 0.06015625 0.028125 0.03203125
0 0.79609375 0.59453125 0.05546875 0.06484375
0 0.18515625 0.60390625 0.04609375 0.06484375
0 0.74296875 0.60859375 0.04609375 0.08359375
0 0.53046875 0.6109375 0.06015625 0.06015625
0 0.64609375 0.0625 0.028125 0.04140625
0 0.490625 0.06484375 0.03203125 0.04140625
0 0.78203125 0.64375 0.05546875 0.06015625
0 0.678125 0.06484375 0.03203125 0.04140625
0 0.21953125 0.65703125 0.05546875 0.07421875
0 0.88203125 0.6640625 0.05078125 0.07890625
0 0.38203125 0.6734375 0.05078125 0.08359375
0 0.15703125 0.6734375 0.05546875 0.09296875
0 0.759375 0.6875 0.05078125 0.06015625
0 0.034375 0.7015625 0.05546875 0.10625
0 0.31484375 0.73359375 0.05546875 0.08828125
0 0.91171875 0.74765625 0.05078125 0.08828125
0 0.6484375 0.75 0.04609375 0.08828125
0 0.740625 0.7546875 0.06484375 0.1015625
0 0.471875 0.7546875 0.06953125 0.1015625
0 0.19453125 0.75703125 0.05546875 0.09296875
0 0.37734375 0.76640625 0.05078125 0.08828125
0 0.59296875 0.77109375 0.06015625 0.1015625
0 0.365625 0.08125 0.03203125 0.03671875
0 0.26171875 0.81484375 0.06953125 0.08359375
0 0.5234375 0.0859375 0.028125 0.0234375
0 0.5671875 0.0859375 0.028125 0.03671875
0 0.31015625 0.08828125 0.0234375 0.05078125
0 0.35390625 0.875 0.06484375 0.096875
0 0.63671875 0.875 0.06484375 0.08359375
0 0.73359375 0.88203125 0.05546875 0.08359375
0 0.40546875 0.08828125 0.028125 0.04140625
0 0.26171875 0.89609375 0.06484375 0.06484375
0 0.409375 0.9375 0.07890625 0.1109375
0 0.5671875 0.94453125 0.07421875 0.08828125
0 0.2703125 0.96015625 0.084375 0.0796875
0 0.34296875 0.09921875 0.028125 0.04140625
0 0.54375 0.10390625 0.028125 0.04609375
0 0.43984375 0.10625 0.03671875 0.04140625
0 0.66640625 0.10859375 0.03671875 0.04609375
0 0.4859375 0.1109375 0.03203125 0.04609375
0 0.37734375 0.11796875 0.0234375 0.04140625
0 0.86328125 0.1203125 0.03203125 0.05078125
0 0.528125 0.1203125 0.03203125 0.05078125
0 0.3984375 0.12265625 0.0234375 0.04609375
0 0.57421875 0.12265625 0.03203125 0.04609375
0 0.7640625 0.125 0.028125 0.04140625
0 0.35625 0.12734375 0.0234375 0.03203125
0 0.89609375 0.12734375 0.01875 0.03671875
0 0.41875 0.1296875 0.0234375 0.03203125
0 0.909375 0.1390625 0.028125 0.03203125
0 0.65546875 0.14609375 0.03203125 0.03203125
0 0.6015625 0.15078125 0.03203125 0.04609375
0 0.35390625 0.153125 0.0234375 0.0234375
0 0.875 0.15546875 0.04140625 0.05078125