0 0.22421875 0.29140625 0.01875 0.0234375
0 0.29375 0.29140625 0.01875 0.028125
0 0.75 0.29375 0.01875 0.0234375
0 0.90703125 0.29609375 0.01875 0.03203125
0 0.6875 0.29609375 0.0234375 0.0234375
0 0.278125 0.29609375 0.0140625 0.0234375
0 0.0140625 0.2984375 0.01875 0.03203125
0 0.66640625 0.2984375 0.01875 0.03671875
0 0.70625 0.2984375 0.01875 0.028125
0 0.7265625 0.30078125 0.0140625 0.0234375
0 0.85859375 0.30078125 0.01875 0.0234375
0 0.9609375 0.30078125 0.028125 0.04609375
0 0.403125 0.303125 0.0234375 0.0234375
0 0.4515625 0.303125 0.01875 0.028125
0 0.14375 0.30546875 0.0234375 0.028125
0 0.23828125 0.30546875 0.0140625 0.0234375
0 0.053125 0.30546875 0.01875 0.0234375
0 0.803125 0.30546875 0.0140625 0.03203125
0 0.4859375 0.3078125 0.0234375 0.028125
0 0.16171875 0.3078125 0.01875 0.028125
0 0.51875 0.3078125 0.028125 0.03203125
0 0.840625 0.31015625 0.0234375 0.04140625
0 0.990625 0.3125 0.009375 0.04140625
0 0.740625 0.3125 0.01875 0.03203125
0 0.2640625 0.3125 0.0140625 0.0234375
0 0.43046875 0.3125 0.01875 0.03671875
0 0.76171875 0.3125 0.01875 0.04140625
0 0.34296875 0.3125 0.01875 0.028125
0 0.94453125 0.31484375 0.01875 0.03203125
0 0.8171875 0.3171875 0.0234375 0.03203125
0 0.36328125 0.3171875 0.01875 0.028125
0 0.61328125 0.3171875 0.0234375 0.03203125
0 0.58125 0.31953125 0.028125 0.04609375
0 0.215625 0.31953125 0.01875 0.03203125
0 0.3265625 0.31953125 0.01875 0.01875
0 0.68046875 0.31953125 0.01875 0.04140625
0 0.86796875 0.31953125 0.01875 0.03203125
0 0.8984375 0.321875 0.01875 0.03203125
0 0.196875 0.321875 0.01875 0.04140625
0 0.5484375 0.32421875 0.028125 0.04609375
0 0.6390625 0.32421875 0.0234375 0.04609375
0 0.471875 0.32421875 0.0140625 0.0234375
0 0.7265625 0.3265625 0.028125 0.04140625
0 0.3796875 0.32890625 0.01875 0.0234375
0 0.40546875 0.32890625 0.0234375 0.03203125
0 0.0484375 0.32890625 0.0234375 0.03203125
0 0.88203125 0.32890625 0.0140625 0.03203125
0 0.15703125 0.33125 0.01875 0.028125
0 0.009375 0.33359375 0.01875 0.03671875
0 0.25234375 0.33359375 0.0234375 0.03671875
0 0.70390625 0.33359375 0.01875 0.0234375
0 0.44453125 0.33359375 0.01875 0.0234375
0 0.07421875 0.33359375 0.0140625 0.0234375
0 0.59921875 0.3359375 0.0234375 0.04140625
0 0.29140625 0.33828125 0.0234375 0.04140625
0 0.51875 0.33828125 0.0234375 0.04140625
0 0.5046875 0.33828125 0.0140625 0.03203125
0 0.09296875 0.34296875 0.01875 0.03671875
0 0.10859375 0.34296875 0.01875 0.03203125
0 0.1296875 0.34296875 0.0234375 0.04140625
0 0.94453125 0.34453125 0.0234375 0.03671875
0 0.4765625 0.346875 0.0234375 0.03671875
0 0.346875 0.34921875 0.028125 0.04140625
0 0.32421875 0.35625 0.0234375 0.03671875
0 0.95625 0.3984375 0.01875 0.03203125
0 0.47421875 0.46953125 0.04140625 0.04609375
0 0.80078125 0.5390625 0.06015625 0.08828125
0 0.47421875 0.62265625 0.06015625 0.096875