0 0.66875 0.13203125 0.009375 0.01875
0 0.2453125 0.1390625 0.0046875 0.0046875
0 0.11796875 0.1390625 0.009375 0.009375
0 0.01875 0.1390625 0.009375 0.0234375
0 0.5234375 0.14375 0.009375 0.0046875
0 0.9515625 0.14609375 0.009375 0.009375
0 0.25 0.1484375 0.009375 0.0140625
0 0.21328125 0.1484375 0.009375 0.0140625
0 0.55078125 0.1484375 0.009375 0.009375
0 0.14375 0.1484375 0.0046875 0.0046875
0 0.971875 0.15078125 0.009375 0.0140625
0 0.43984375 0.15078125 0.0046875 0.0046875
0 0.0625 0.15078125 0.0140625 0.01875
0 0.08125 0.153125 0.0140625 0.01875
0 0.509375 0.153125 0.0046875 0.0046875
0 0.37265625 0.153125 0.0046875 0.009375
0 0.20859375 0.153125 0.0046875 0.0046875
0 0.43515625 0.153125 0.0046875 0.0046875
0 0.0484375 0.153125 0.009375 0.01875
0 0.53203125 0.153125 0.0046875 0.0046875
0 0.45390625 0.15546875 0.0046875 0.009375
0 0.58828125 0.15546875 0.009375 0.0140625
0 0.15078125 0.15703125 0.0140625 0.0140625
0 0.17578125 0.15703125 0.009375 0.0140625
0 0.30546875 0.15703125 0.0046875 0.0140625
0 0.428125 0.15703125 0.0046875 0.009375
0 0.03671875 0.159375 0.01875 0.01875
0 0.0046875 0.159375 0.009375 0.0140625
0 0.5671875 0.159375 0.0046875 0.009375
0 0.634375 0.159375 0.0046875 0.009375
0 0.16640625 0.159375 0.0046875 0.009375
0 0.43984375 0.159375 0.0046875 0.0046875
0 0.51640625 0.16171875 0.0046875 0.0140625
0 0.58359375 0.16171875 0.0046875 0.0140625
0 0.23359375 0.16171875 0.0140625 0.0234375
0 0.321875 0.1640625 0.01875 0.028125
0 0.56015625 0.1640625 0.0046875 0.0140625
0 0.5234375 0.1640625 0.0046875 0.0140625
0 0.5 0.16640625 0.0140625 0.028125
0 0.45625 0.16640625 0.0046875 0.0046875
0 0.60625 0.16640625 0.009375 0.0140625
0 0.28671875 0.16875 0.009375 0.0140625
0 0.54375 0.16875 0.0046875 0.009375
0 0.10390625 0.16875 0.01875 0.0234375
0 0.278125 0.16875 0.0046875 0.0140625
0 0.62265625 0.16875 0.009375 0.0140625
0 0.18046875 0.17109375 0.0140625 0.01875
0 0.2640625 0.1734375 0.009375 0.0140625
0 0.68984375 0.17578125 0.009375 0.0140625
0 0.81484375 0.17578125 0.009375 0.009375
0 0.634375 0.178125 0.0046875 0.0140625
0 0.15703125 0.178125 0.01875 0.01875
0 0.40078125 0.178125 0.0234375 0.04609375
0 0.5234375 0.178125 0.009375 0.009375
0 0.72421875 0.18046875 0.009375 0.0140625
0 0.56015625 0.18046875 0.0140625 0.0234375
0 0.59296875 0.18046875 0.009375 0.01875
0 0.759375 0.18046875 0.009375 0.009375
0 0.79140625 0.1828125 0.0046875 0.0046875
0 0.70859375 0.1828125 0.0140625 0.0140625
0 0.71796875 0.1828125 0.009375 0.0140625
0 0.884375 0.18515625 0.0046875 0.0140625
0 0.6734375 0.18515625 0.0046875 0.0140625
0 0.89375 0.18515625 0.009375 0.0140625
0 0.64375 0.18515625 0.009375 0.0140625
0 0.92109375 0.18984375 0.0046875 0.0046875
0 0.471875 0.18984375 0.0140625 0.03671875
0 0.6828125 0.18984375 0.009375 0.01875
0 0.6875 0.18984375 0.0046875 0.01875
0 0.62265625 0.1921875 0.009375 0.0140625
0 0.6109375 0.1921875 0.009375 0.009375
0 0.5765625 0.19453125 0.0140625 0.03203125
0 0.91171875 0.19453125 0.009375 0.0140625
0 0.6640625 0.19453125 0.0140625 0.01875
0 0.79140625 0.19453125 0.0046875 0.009375
0 0.51171875 0.196875 0.028125 0.0234375
0 0.77578125 0.196875 0.009375 0.0046875
0 0.48125 0.196875 0.0140625 0.03203125
0 0.93515625 0.19921875 0.0046875 0.009375
0 0.8984375 0.19921875 0.009375 0.0140625
0 0.54140625 0.19921875 0.0140625 0.0234375
0 0.8125 0.2015625 0.01875 0.03203125
0 0.928125 0.2015625 0.009375 0.009375
0 0.375 0.2015625 0.05078125 0.06953125
0 0.278125 0.2015625 0.0140625 0.028125
0 0.96796875 0.20390625 0.009375 0.0046875
0 0.76171875 0.20390625 0.0046875 0.009375
0 0.80078125 0.20625 0.009375 0.0140625
0 0.990625 0.20859375 0.009375 0.028125
0 0.71796875 0.20625 0.009375 0.009375
0 0.95625 0.20625 0.0140625 0.0140625
0 0.97421875 0.2109375 0.0140625 0.0140625
0 0.8796875 0.2109375 0.0140625 0.01875
0 0.92578125 0.21328125 0.009375 0.0140625
0 0.7734375 0.215625 0.0140625 0.0234375
0 0.43984375 0.215625 0.03671875 0.06953125
0 0.92578125 0.221875 0.009375 0.01875
0 0.85625 0.22421875 0.01875 0.03203125
0 0.90546875 0.2265625 0.0140625 0.01875
0 0.95625 0.23359375 0.0234375 0.028125
0 0.6921875 0.23359375 0.01875 0.03671875
0 0.54140625 0.25703125 0.028125 0.06953125
0 0.13203125 0.2734375 0.04609375 0.06015625
0 0.98828125 0.278125 0.0234375 0.04609375
0 0.95390625 0.28671875 0.0234375 0.03671875
0 0.64375 0.32421875 0.04140625 0.07421875
0 0.446875 0.32890625 0.05078125 0.08359375
0 0.18515625 0.3515625 0.06015625 0.07890625
0 0.971875 0.42109375 0.04609375 0.05546875
0 0.63203125 0.43515625 0.06015625 0.1109375
0 0.346875 0.553125 0.096875 0.153125
0 0.65546875 0.64375 0.153125 0.240625