0 0.04140625 0.29765625 0.0828125 0.1609375
0 0.59296875 0.3515625 0.08359375 0.1203125
0 0.346875 0.35390625 0.096875 0.18515625
0 0.93046875 0.36328125 0.07890625 0.134375
0 0.4328125 0.36328125 0.0234375 0.04609375
0 0.2640625 0.36328125 0.07421875 0.1484375
0 0.18046875 0.3703125 0.05546875 0.1015625
0 0.46328125 0.375 0.03671875 0.06953125
0 0.52578125 0.39609375 0.07890625 0.1109375
0 0.11796875 0.40078125 0.06015625 0.10625
0 0.02578125 0.42109375 0.05078125 0.1203125
0 0.74296875 0.4515625 0.096875 0.134375
0 0.88203125 0.46328125 0.04609375 0.09296875
0 0.96015625 0.4828125 0.0796875 0.1625