0 0.5140625 0.10625 0.04609375 0.08359375
0 0.625 0.10859375 0.05546875 0.07890625
0 0.86796875 0.10859375 0.05078125 0.09296875
0 0.30546875 0.11328125 0.04609375 0.06015625
0 0.7734375 0.01171875 0.03671875 0.0234375
0 0.35859375 0.11796875 0.06015625 0.09296875
0 0.05078125 0.1203125 0.07890625 0.07421875
0 0.8984375 0.12734375 0.05546875 0.07890625
0 0.3984375 0.1390625 0.04140625 0.07421875
0 0.97890625 0.14140625 0.03203125 0.07890625
0 0.75 0.16171875 0.07421875 0.115625
0 0.1390625 0.16171875 0.05546875 0.06953125
0 0.6828125 0.1640625 0.06015625 0.08359375
0 0.10625 0.01875 0.05546875 0.03671875
0 0.59296875 0.18046875 0.06484375 0.1109375
0 0.27109375 0.1828125 0.07421875 0.09296875
0 0.0484375 0.1828125 0.05078125 0.06015625
0 0.4859375 0.20390625 0.07421875 0.1015625
0 0.01875 0.21328125 0.03671875 0.04609375
0 0.1875 0.215625 0.06484375 0.07890625
0 0.553125 0.21796875 0.028125 0.06015625
0 0.18984375 0.0234375 0.05546875 0.04609375
0 0.84296875 0.0234375 0.03671875 0.04609375
0 0.10390625 0.2265625 0.06015625 0.06953125
0 0.29140625 0.23359375 0.03671875 0.08828125
0 0.8984375 0.240625 0.06484375 0.06015625
0 0.96953125 0.25703125 0.05078125 0.08828125
0 0.06953125 0.259375 0.03203125 0.05078125
0 0.35390625 0.26171875 0.06953125 0.09296875
0 0.31015625 0.028125 0.06015625 0.05546875
0 0.240625 0.26171875 0.06953125 0.03671875
0 0.67578125 0.278125 0.06484375 0.09296875
0 0.66875 0.028125 0.06484375 0.05546875
0 0.03046875 0.284375 0.06015625 0.096875
0 0.17109375 0.29609375 0.06015625 0.05546875
0 0.9515625 0.03046875 0.04140625 0.05078125
0 0.2109375 0.303125 0.07890625 0.04609375
0 0.74765625 0.31484375 0.06484375 0.06484375
0 0.5140625 0.31953125 0.06484375 0.1109375
0 0.89140625 0.03203125 0.04609375 0.05078125
0 0.16875 0.03203125 0.03671875 0.03671875
0 0.8796875 0.33125 0.06953125 0.125
0 0.58359375 0.34296875 0.06484375 0.08828125
0 0.95390625 0.34296875 0.08828125 0.07890625
0 0.465625 0.034375 0.06484375 0.06484375
0 0.40703125 0.03671875 0.04609375 0.06015625
0 0.06953125 0.37265625 0.08359375 0.134375
0 0.0359375 0.0390625 0.065625 0.078125
0 0.465625 0.38203125 0.07421875 0.115625
0 0.65546875 0.38671875 0.08828125 0.096875
0 0.41171875 0.3890625 0.04609375 0.10625
0 0.178125 0.3984375 0.08359375 0.07421875
0 0.540625 0.04140625 0.046875 0.0828125
0 0.26875 0.409375 0.08359375 0.096875
0 0.78203125 0.428125 0.07890625 0.115625
0 0.46796875 0.45625 0.03671875 0.03671875
0 0.17109375 0.45859375 0.04140625 0.04609375
0 0.946875 0.45859375 0.06484375 0.1109375
0 0.73359375 0.4609375 0.05546875 0.10625
0 0.590625 0.04609375 0.04140625 0.06953125
0 0.6828125 0.48828125 0.07890625 0.096875
0 0.625 0.50234375 0.04140625 0.06015625
0 0.52109375 0.5046875 0.08359375 0.1296875
0 0.44453125 0.509375 0.06015625 0.06484375
0 0.096875 0.5140625 0.07421875 0.08359375
0 0.79140625 0.51875 0.1109375 0.04609375
0 0.93046875 0.53046875 0.07890625 0.06953125
0 0.3796875 0.54375 0.07890625 0.1015625
0 0.02578125 0.57421875 0.05078125 0.1015625
0 0.9625 0.57578125 0.075 0.0640625
0 0.26171875 0.5765625 0.07890625 0.09296875
0 0.13671875 0.58828125 0.07890625 0.115625
0 0.61796875 0.625 0.08828125 0.134375
0 0.81953125 0.634375 0.09296875 0.1390625
0 0.75234375 0.06484375 0.04140625 0.05546875
0 0.32890625 0.65078125 0.06015625 0.096875
0 0.96328125 0.653125 0.06484375 0.1109375
0 0.43046875 0.67578125 0.096875 0.07890625
0 0.02578125 0.67578125 0.05078125 0.1390625
0 0.96328125 0.06953125 0.05078125 0.04140625
0 0.82890625 0.071875 0.05078125 0.07890625
0 0.26171875 0.71953125 0.096875 0.1015625
0 0.1296875 0.740625 0.08828125 0.07890625
0 0.47421875 0.75 0.125 0.06484375
0 0.6921875 0.0765625 0.04609375 0.06015625
0 0.29375 0.0765625 0.04609375 0.04140625
0 0.01640625 0.81015625 0.03203125 0.05078125
0 0.3515625 0.8125 0.096875 0.14375
0 0.64140625 0.8171875 0.1109375 0.096875
0 0.946875 0.83359375 0.096875 0.1390625
0 0.12265625 0.08359375 0.05078125 0.08828125
0 0.090625 0.83828125 0.08828125 0.125
0 0.240625 0.84296875 0.115625 0.1109375
0 0.4859375 0.8515625 0.115625 0.10625
0 0.03203125 0.86484375 0.0640625 0.0703125
0 0.66171875 0.884375 0.08828125 0.04609375
0 0.178125 0.09921875 0.05546875 0.08828125
0 0.45859375 0.1015625 0.04609375 0.07421875