0 0.1921875 0.153125 0.096875 0.10625
0 0.615625 0.15703125 0.115625 0.1484375
0 0.33359375 0.17109375 0.09296875 0.10625
0 0.4859375 0.17578125 0.1109375 0.17109375
0 0.11796875 0.1828125 0.07421875 0.10625
0 0.0765625 0.1921875 0.07890625 0.09296875
0 0.02578125 0.20625 0.05078125 0.125
0 0.48515625 0.04140625 0.0734375 0.0828125
0 0.06015625 0.40703125 0.096875 0.1390625
0 0.340625 0.409375 0.115625 0.1484375
0 0.178125 0.4140625 0.1015625 0.134375
0 0.28828125 0.04140625 0.0890625 0.0828125
0 0.54140625 0.44453125 0.1296875 0.17109375
0 0.365625 0.0484375 0.08359375 0.096875
0 0.7546875 0.5140625 0.14375 0.19921875
0 0.178125 0.053125 0.06484375 0.07421875
0 0.784375 0.096875 0.1203125 0.16640625
0 0.9421875 0.10390625 0.10625 0.18984375