0 0.7359375 0.409375 0.009375 0.01875
0 0.9421875 0.409375 0.009375 0.01875
0 0.5234375 0.41171875 0.01875 0.028125
0 0.8265625 0.41171875 0.009375 0.0140625
0 0.5 0.41171875 0.0140625 0.01875
0 0.909375 0.41171875 0.0046875 0.0046875
0 0.84921875 0.4140625 0.0046875 0.009375
0 0.99296875 0.41875 0.0046875 0.0234375
0 0.54375 0.41640625 0.0046875 0.0140625
0 0.85390625 0.41640625 0.0140625 0.0234375
0 0.9765625 0.41875 0.0234375 0.01875
0 0.78203125 0.42109375 0.01875 0.03203125
0 0.6296875 0.42109375 0.0234375 0.03203125
0 0.0859375 0.42109375 0.028125 0.06015625
0 0.89375 0.42109375 0.01875 0.0140625
0 0.54140625 0.4234375 0.0140625 0.0234375
0 0.875 0.4234375 0.01875 0.0234375
0 0.34296875 0.4234375 0.01875 0.0234375
0 0.55546875 0.42578125 0.0140625 0.028125
0 0.64609375 0.42578125 0.0140625 0.0234375
0 0.715625 0.42578125 0.009375 0.01875
0 0.77109375 0.428125 0.0140625 0.01875
0 0.9515625 0.428125 0.009375 0.01875
0 0.37265625 0.428125 0.01875 0.0234375
0 0.909375 0.43046875 0.0140625 0.01875
0 0.79609375 0.4328125 0.0140625 0.0234375
0 0.84453125 0.4328125 0.01875 0.0234375
0 0.903125 0.4328125 0.01875 0.028125
0 0.9765625 0.4375 0.01875 0.0234375
0 0.428125 0.4375 0.0140625 0.01875
0 0.8171875 0.43984375 0.01875 0.0234375
0 0.58125 0.44453125 0.0234375 0.03203125
0 0.10390625 0.44453125 0.05546875 0.09296875
0 0.47890625 0.446875 0.0234375 0.03671875
0 0.95625 0.44921875 0.028125 0.0234375
0 0.159375 0.4515625 0.05546875 0.09296875
0 0.88671875 0.45625 0.0234375 0.03203125
0 0.38203125 0.46328125 0.0140625 0.01875
0 0.634375 0.46796875 0.04140625 0.05078125
0 0.9859375 0.47421875 0.01875 0.03203125
0 0.240625 0.3609375 0.0046875 0.009375
0 0.1875 0.365625 0.009375 0.0140625
0 0.20859375 0.365625 0.009375 0.0140625
0 0.29609375 0.36796875 0.0140625 0.0140625
0 0.3609375 0.36796875 0.009375 0.0046875
0 0.48359375 0.36796875 0.0046875 0.0046875
0 0.46953125 0.36796875 0.0046875 0.0046875
0 0.4328125 0.3703125 0.0046875 0.0046875
0 0.3796875 0.3703125 0.009375 0.009375
0 0.5578125 0.3703125 0.0046875 0.0046875
0 0.13671875 0.3703125 0.0140625 0.01875
0 0.384375 0.37265625 0.0046875 0.009375
0 0.52109375 0.37265625 0.0046875 0.009375
0 0.5484375 0.37265625 0.0046875 0.0046875
0 0.39140625 0.37265625 0.0046875 0.0140625
0 0.41875 0.37265625 0.0046875 0.009375
0 0.54375 0.37265625 0.0046875 0.0046875
0 0.26640625 0.37265625 0.009375 0.01875
0 0.5046875 0.375 0.009375 0.009375
0 0.53203125 0.375 0.0046875 0.009375
0 0.5140625 0.375 0.0046875 0.0046875
0 0.46328125 0.375 0.0046875 0.009375
0 0.534375 0.375 0.0046875 0.009375
0 0.428125 0.375 0.009375 0.0140625
0 0.46796875 0.375 0.0046875 0.009375
0 0.28203125 0.375 0.009375 0.0140625
0 0.4375 0.37734375 0.0046875 0.0046875
0 0.44921875 0.37734375 0.0046875 0.009375
0 0.45625 0.37734375 0.0046875 0.0140625
0 0.4765625 0.37734375 0.0046875 0.009375
0 0.56015625 0.37734375 0.0046875 0.009375
0 0.4421875 0.37734375 0.0046875 0.009375
0 0.49296875 0.37734375 0.0046875 0.009375
0 0.41171875 0.37734375 0.0046875 0.009375
0 0.3984375 0.3796875 0.009375 0.0140625
0 0.52109375 0.3796875 0.0046875 0.009375
0 0.58359375 0.3796875 0.0046875 0.009375
0 0.32890625 0.3796875 0.009375 0.0140625
0 0.52578125 0.3796875 0.0046875 0.009375
0 0.59921875 0.3796875 0.009375 0.009375
0 0.62265625 0.3796875 0.009375 0.009375
0 0.48125 0.3796875 0.0046875 0.009375
0 0.6296875 0.3796875 0.0046875 0.009375
0 0.57890625 0.3796875 0.009375 0.009375
0 0.5484375 0.38203125 0.0046875 0.009375
0 0.46796875 0.38203125 0.0046875 0.009375
0 0.534375 0.38203125 0.0046875 0.009375
0 0.58828125 0.38203125 0.0046875 0.0046875
0 0.46953125 0.38203125 0.0046875 0.0046875
0 0.38203125 0.38203125 0.0046875 0.0046875
0 0.50234375 0.38203125 0.0046875 0.0140625
0 0.56953125 0.384375 0.0046875 0.009375
0 0.3171875 0.384375 0.0140625 0.0140625
0 0.48828125 0.384375 0.009375 0.0140625
0 0.5390625 0.384375 0.009375 0.009375
0 0.22421875 0.384375 0.0140625 0.0140625
0 0.37265625 0.384375 0.009375 0.0140625
0 0.65703125 0.384375 0.0046875 0.0046875
0 0.59296875 0.384375 0.0046875 0.009375
0 0.60625 0.384375 0.0046875 0.0046875
0 0.428125 0.384375 0.009375 0.0140625
0 0.51640625 0.38671875 0.009375 0.0140625
0 0.6484375 0.38671875 0.0046875 0.0046875
0 0.6109375 0.38671875 0.0046875 0.009375
0 0.4375 0.38671875 0.009375 0.0140625
0 0.45390625 0.38671875 0.009375 0.0140625
0 0.41640625 0.3890625 0.009375 0.01875
0 0.47421875 0.3890625 0.009375 0.0140625
0 0.61796875 0.3890625 0.009375 0.009375
0 0.6734375 0.39140625 0.009375 0.009375
0 0.35859375 0.39140625 0.0046875 0.009375
0 0.46328125 0.39140625 0.009375 0.0140625
0 0.7265625 0.39140625 0.009375 0.009375
0 0.76875 0.39140625 0.009375 0.0140625
0 0.6640625 0.39375 0.0046875 0.0046875
0 0.75234375 0.39375 0.009375 0.0140625
0 0.821875 0.39375 0.009375 0.0140625
0 0.55546875 0.39375 0.009375 0.0140625
0 0.48125 0.39609375 0.009375 0.01875
0 0.77109375 0.39609375 0.009375 0.009375
0 0.04140625 0.39609375 0.0140625 0.01875
0 0.6828125 0.39609375 0.009375 0.0140625
0 0.22421875 0.39609375 0.0140625 0.01875
0 0.6390625 0.39609375 0.009375 0.0140625
0 0.44453125 0.3984375 0.009375 0.01875
0 0.60625 0.3984375 0.0140625 0.0140625
0 0.59921875 0.3984375 0.009375 0.0140625
0 0.54375 0.40078125 0.0140625 0.01875
0 0.96796875 0.40078125 0.01875 0.01875
0 0.5765625 0.40078125 0.0140625 0.0140625
0 0.81015625 0.40078125 0.009375 0.01875
0 0.69453125 0.40078125 0.0140625 0.01875
0 0.95859375 0.40078125 0.0140625 0.0140625
0 0.8359375 0.40078125 0.009375 0.009375
0 0.8515625 0.403125 0.009375 0.009375
0 0.178125 0.403125 0.01875 0.0234375
0 0.71796875 0.403125 0.009375 0.0140625
0 0.71328125 0.403125 0.0140625 0.0140625
0 0.38671875 0.40546875 0.0234375 0.03671875
0 0.86328125 0.40546875 0.009375 0.0140625
0 0.884375 0.40546875 0.0140625 0.0140625
0 0.75 0.40546875 0.009375 0.0140625
0 0.65078125 0.40703125 0.0140625 0.0234375
0 0.25234375 0.40703125 0.01875 0.0234375
0 0.8984375 0.40703125 0.0140625 0.0140625
0 0.74296875 0.40703125 0.009375 0.0140625
0 0.02109375 0.40703125 0.03203125 0.04140625