0 0.26875 0.028125 0.05546875 0.05546875
0 0.08828125 0.028125 0.06015625 0.05546875
0 0.94453125 0.31015625 0.07890625 0.1296875
0 0.45859375 0.3171875 0.06953125 0.1203125
0 0.2640625 0.346875 0.07890625 0.096875
0 0.79140625 0.34921875 0.07890625 0.1203125
0 0.5234375 0.03671875 0.06015625 0.06953125
0 0.03046875 0.38203125 0.06015625 0.1484375
0 0.37734375 0.41875 0.06953125 0.10625
0 0.509375 0.45625 0.08359375 0.1015625
0 0.125 0.46328125 0.06953125 0.1015625
0 0.634375 0.4765625 0.07421875 0.1203125
0 0.20859375 0.53203125 0.08828125 0.115625
0 0.67109375 0.0578125 0.06953125 0.115625
0 0.46796875 0.5859375 0.08828125 0.125
0 0.04375 0.6015625 0.07890625 0.125
0 0.971875 0.63203125 0.05078125 0.1296875
0 0.653125 0.6484375 0.09296875 0.1296875
0 0.8265625 0.77578125 0.07421875 0.1296875
0 0.34921875 0.8078125 0.07890625 0.1203125
0 0.09296875 0.821875 0.08828125 0.115625
0 0.5671875 0.84921875 0.06015625 0.1203125
0 0.70859375 0.87734375 0.06484375 0.1296875
0 0.25 0.8984375 0.07890625 0.1296875
0 0.83828125 0.09453125 0.05078125 0.1015625
0 0.9765625 0.09921875 0.04140625 0.125
0 0.51171875 0.134375 0.06484375 0.096875
0 0.37734375 0.153125 0.06953125 0.10625
0 0.6109375 0.178125 0.06015625 0.10625
0 0.740625 0.1828125 0.06484375 0.1109375
0 0.8703125 0.18515625 0.07890625 0.1203125
0 0.04140625 0.20625 0.0828125 0.125
0 0.18046875 0.2109375 0.06953125 0.096875
0 0.9421875 0.0234375 0.04609375 0.04609375
0 0.759375 0.028125 0.05546875 0.05546875