0 0.696875 0.51640625 0.01875 0.05078125
0 0.4328125 0.51640625 0.01875 0.05078125
0 0.2359375 0.5234375 0.0234375 0.06953125
0 0.3890625 0.5234375 0.01875 0.05078125
0 0.7546875 0.528125 0.01875 0.05546875
0 0.134375 0.53203125 0.0140625 0.06953125
0 0.8609375 0.5390625 0.01875 0.05546875
0 0.15078125 0.54140625 0.0234375 0.07421875
0 0.28046875 0.55078125 0.01875 0.04609375
0 0.32421875 0.56015625 0.01875 0.06015625
0 0.115625 0.56484375 0.01875 0.07421875
0 0.25703125 0.57890625 0.01875 0.05078125
0 0.20625 0.57890625 0.0234375 0.06015625
0 0.35390625 0.5859375 0.0234375 0.06015625
0 0.60859375 0.59296875 0.01875 0.05078125
0 0.7984375 0.59453125 0.01875 0.04140625
0 0.0578125 0.596875 0.028125 0.07890625
0 0.7640625 0.596875 0.01875 0.06015625
0 0.2890625 0.60390625 0.0234375 0.06953125
0 0.09921875 0.60625 0.01875 0.05546875
0 0.72890625 0.6109375 0.01875 0.06484375
0 0.659375 0.6296875 0.01875 0.05546875
0 0.25 0.634375 0.0234375 0.06484375
0 0.696875 0.64140625 0.01875 0.05078125
0 0.41171875 0.64375 0.0234375 0.05546875
0 0.79609375 0.64375 0.01875 0.05546875
0 0.8265625 0.653125 0.01875 0.06015625
0 0.54609375 0.653125 0.01875 0.06015625
0 0.49296875 0.653125 0.01875 0.05546875
0 0.01171875 0.659375 0.0234375 0.06015625
0 0.64375 0.66640625 0.01875 0.05546875
0 0.590625 0.66875 0.0234375 0.06484375
0 0.875 0.68515625 0.0234375 0.06484375
0 0.27578125 0.69453125 0.0234375 0.06484375
0 0.3265625 0.69453125 0.0234375 0.06484375
0 0.74296875 0.696875 0.0234375 0.05546875
0 0.4609375 0.7015625 0.01875 0.05078125
0 0.215625 0.70625 0.0234375 0.07421875
0 0.3703125 0.71328125 0.01875 0.04609375
0 0.55078125 0.71953125 0.0140625 0.04140625
0 0.50234375 0.721875 0.01875 0.06015625
0 0.1296875 0.7359375 0.028125 0.08359375
0 0.38203125 0.759375 0.0234375 0.07890625
0 0.471875 0.759375 0.0234375 0.05078125
0 0.321875 0.7640625 0.0234375 0.06484375
0 0.61328125 0.77109375 0.01875 0.05546875
0 0.89140625 0.38671875 0.01875 0.04609375
0 0.79140625 0.39140625 0.009375 0.028125
0 0.68046875 0.39140625 0.01875 0.05546875
0 0.43046875 0.39140625 0.0140625 0.03203125
0 0.82421875 0.40546875 0.0140625 0.03671875
0 0.63671875 0.409375 0.0140625 0.0234375
0 0.31484375 0.409375 0.0140625 0.03671875
0 0.50703125 0.409375 0.01875 0.05546875
0 0.70390625 0.409375 0.0140625 0.0234375
0 0.409375 0.409375 0.009375 0.028125
0 0.73828125 0.41171875 0.0140625 0.03671875
0 0.5484375 0.41171875 0.0140625 0.04140625
0 0.2890625 0.41171875 0.009375 0.03203125
0 0.78203125 0.4140625 0.0140625 0.04609375
0 0.65546875 0.41640625 0.0140625 0.03203125
0 0.52109375 0.41640625 0.0140625 0.03671875
0 0.71953125 0.41875 0.009375 0.03671875
0 0.4515625 0.41875 0.0140625 0.0234375
0 0.4421875 0.42109375 0.0140625 0.03203125
0 0.7984375 0.42109375 0.0140625 0.03203125
0 0.5671875 0.42109375 0.01875 0.05546875
0 0.6109375 0.42109375 0.009375 0.03671875
0 0.2453125 0.4234375 0.0140625 0.04140625
0 0.64609375 0.4234375 0.009375 0.03671875
0 0.76875 0.4234375 0.0140625 0.03203125
0 0.35625 0.4234375 0.009375 0.03671875
0 0.38203125 0.4234375 0.0140625 0.0234375
0 0.6015625 0.42578125 0.009375 0.028125
0 0.840625 0.42578125 0.01875 0.05078125
0 0.54140625 0.428125 0.01875 0.06015625
0 0.9421875 0.428125 0.028125 0.06015625
0 0.48125 0.43046875 0.0140625 0.03203125
0 0.59296875 0.43046875 0.009375 0.04140625
0 0.884375 0.43046875 0.0140625 0.03671875
0 0.91171875 0.43046875 0.0140625 0.03671875
0 0.34296875 0.4328125 0.0140625 0.0234375
0 0.7453125 0.43515625 0.009375 0.03671875
0 0.625 0.43515625 0.0140625 0.04140625
0 0.4328125 0.43515625 0.0140625 0.028125
0 0.40078125 0.4375 0.0140625 0.028125
0 0.85390625 0.4375 0.0140625 0.05546875
0 0.31953125 0.43984375 0.01875 0.04609375
0 0.46796875 0.43984375 0.0140625 0.0234375
0 0.6640625 0.43984375 0.0140625 0.03671875
0 0.28671875 0.44453125 0.0140625 0.03671875
0 0.634375 0.44453125 0.0140625 0.04609375
0 0.26640625 0.44453125 0.01875 0.04609375
0 0.3703125 0.446875 0.0140625 0.0234375
0 0.5765625 0.446875 0.009375 0.03671875
0 0.72890625 0.446875 0.0140625 0.04609375
0 0.36328125 0.44921875 0.009375 0.028125
0 0.196875 0.44921875 0.009375 0.0234375
0 0.6921875 0.44921875 0.0140625 0.04609375
0 0.79375 0.44921875 0.01875 0.03671875
0 0.87265625 0.44921875 0.0140625 0.05078125
0 0.49296875 0.4515625 0.0140625 0.04140625
0 0.42109375 0.4515625 0.01875 0.04609375
0 0.20859375 0.45390625 0.0140625 0.05078125
0 0.70390625 0.45390625 0.0140625 0.04140625
0 0.22890625 0.45390625 0.01875 0.04140625
0 0.81015625 0.45390625 0.01875 0.06015625
0 0.759375 0.45390625 0.0140625 0.05078125
0 0.97890625 0.45390625 0.0234375 0.06015625
0 0.3890625 0.45859375 0.01875 0.04609375
0 0.25234375 0.45859375 0.0140625 0.028125
0 0.45625 0.45859375 0.0140625 0.04140625
0 0.115625 0.45859375 0.0234375 0.06015625
0 0.71796875 0.46328125 0.0140625 0.04140625
0 0.28046875 0.46328125 0.009375 0.03671875
0 0.89609375 0.465625 0.0140625 0.05546875
0 0.77578125 0.465625 0.0140625 0.05546875
0 0.48125 0.465625 0.009375 0.03671875
0 0.3515625 0.46796875 0.009375 0.04140625
0 0.52578125 0.46796875 0.01875 0.06015625
0 0.64375 0.46796875 0.01875 0.06015625
0 0.5046875 0.46953125 0.01875 0.05546875
0 0.60390625 0.471875 0.0140625 0.04609375
0 0.303125 0.47421875 0.01875 0.05546875
0 0.40703125 0.47421875 0.01875 0.04140625
0 0.43984375 0.47421875 0.0140625 0.04140625
0 0.6734375 0.4765625 0.0140625 0.06015625
0 0.88671875 0.4765625 0.0140625 0.03203125
0 0.16640625 0.4765625 0.01875 0.07890625
0 0.74296875 0.4765625 0.01875 0.05078125
0 0.37734375 0.47890625 0.01875 0.04140625
0 0.9140625 0.48359375 0.0234375 0.06484375
0 0.471875 0.48359375 0.01875 0.04609375
0 0.33828125 0.48359375 0.01875 0.05546875
0 0.5484375 0.48359375 0.01875 0.06484375
0 0.83828125 0.48359375 0.01875 0.05546875
0 0.56953125 0.4859375 0.0140625 0.05078125
0 0.95859375 0.4859375 0.01875 0.05546875
0 0.3609375 0.4859375 0.0140625 0.04609375
0 0.26875 0.48828125 0.01875 0.06015625
0 0.1484375 0.490625 0.01875 0.04609375
0 0.58828125 0.49296875 0.01875 0.05546875
0 0.79140625 0.49765625 0.01875 0.04609375
0 0.09453125 0.49765625 0.01875 0.06015625
0 0.48828125 0.5 0.01875 0.05078125
0 0.321875 0.5 0.0140625 0.04609375
0 0.05078125 0.5 0.0234375 0.06015625
0 0.215625 0.50234375 0.01875 0.06484375
0 0.1921875 0.50234375 0.0234375 0.06953125
0 0.28671875 0.5046875 0.0140625 0.06015625
0 0.2546875 0.5046875 0.01875 0.06015625
0 0.62734375 0.50703125 0.01875 0.05078125
0 0.659375 0.50703125 0.0234375 0.05078125
0 0.721875 0.50703125 0.01875 0.05546875
0 0.07421875 0.509375 0.028125 0.07421875
0 0.8796875 0.5140625 0.01875 0.04609375