0 0.034375 0.340625 0.03203125 0.05546875
0 0.2546875 0.36796875 0.0234375 0.04140625
0 0.3125 0.37734375 0.0140625 0.0234375
0 0.01875 0.38203125 0.03671875 0.06015625
0 0.2546875 0.38203125 0.0140625 0.028125
0 0.16875 0.3890625 0.028125 0.03671875
0 0.82421875 0.39140625 0.03203125 0.05546875
0 0.89375 0.39375 0.03203125 0.05078125
0 0.29140625 0.403125 0.03203125 0.05546875
0 0.96796875 0.40546875 0.0140625 0.0234375
0 0.93984375 0.409375 0.0140625 0.01875
0 0.1296875 0.41171875 0.01875 0.03671875
0 0.08828125 0.41171875 0.028125 0.04609375
0 0.67578125 0.41640625 0.028125 0.04140625
0 0.71796875 0.42109375 0.0234375 0.04140625
0 0.78203125 0.43515625 0.028125 0.05078125
0 0.9859375 0.45625 0.01875 0.06015625
0 0.3078125 0.46328125 0.06015625 0.06015625
0 0.053125 0.46953125 0.06484375 0.07890625
0 0.1484375 0.471875 0.05546875 0.04609375
0 0.85390625 0.47421875 0.04609375 0.07421875
0 0.8078125 0.4765625 0.04609375 0.05078125
0 0.6015625 0.48125 0.05078125 0.07421875
0 0.9328125 0.5 0.06015625 0.06953125
0 0.02109375 0.509375 0.04140625 0.10625
0 0.321875 0.509375 0.04140625 0.06484375
0 0.68984375 0.509375 0.04140625 0.06953125
0 0.7984375 0.5390625 0.05078125 0.07890625
0 0.58828125 0.54140625 0.06484375 0.07421875
0 0.2453125 0.5484375 0.05546875 0.08359375
0 0.14140625 0.55078125 0.06484375 0.10625
0 0.86328125 0.553125 0.06015625 0.09296875
0 0.72421875 0.571875 0.06484375 0.05078125
0 0.346875 0.58125 0.05078125 0.08828125
0 0.46328125 0.5859375 0.04140625 0.08359375
0 0.95390625 0.60859375 0.06484375 0.1109375
0 0.278125 0.61328125 0.06484375 0.07421875
0 0.64375 0.615625 0.06484375 0.115625
0 0.528125 0.63203125 0.06953125 0.1296875
0 0.7453125 0.678125 0.06484375 0.1203125
0 0.44921875 0.69921875 0.06484375 0.1203125
0 0.33359375 0.7015625 0.06484375 0.115625
0 0.21328125 0.71328125 0.06484375 0.1203125
0 0.846875 0.72890625 0.06015625 0.1203125
0 0.1203125 0.7359375 0.06484375 0.134375
0 0.74765625 0.9328125 0.06484375 0.1109375