0 0.62265625 0.35625 0.06015625 0.125
0 0.74296875 0.3609375 0.06484375 0.16171875
0 0.3265625 0.39609375 0.06484375 0.1484375
0 0.25234375 0.41640625 0.07421875 0.153125
0 0.49296875 0.43515625 0.07421875 0.16640625
0 0.6734375 0.465625 0.06484375 0.1296875
0 0.09921875 0.49296875 0.09296875 0.17578125
0 0.86328125 0.528125 0.07421875 0.17109375
0 0.40546875 0.54375 0.07421875 0.15703125
0 0.5765625 0.58828125 0.07421875 0.17578125
0 0.715625 0.615625 0.07890625 0.153125
0 0.2453125 0.62734375 0.09296875 0.17578125
0 0.6484375 0.69921875 0.07890625 0.17109375
0 0.4140625 0.07421875 0.06484375 0.1109375
0 0.2265625 0.07421875 0.06015625 0.09296875
0 0.509375 0.78046875 0.07421875 0.17578125
0 0.13203125 0.79140625 0.08359375 0.15703125
0 0.27578125 0.08125 0.05546875 0.10625
0 0.34453125 0.81015625 0.08828125 0.21328125
0 0.77109375 0.81015625 0.08359375 0.19921875
0 0.81015625 0.115625 0.06484375 0.10625
0 0.61328125 0.134375 0.06484375 0.115625
0 0.46796875 0.1390625 0.06484375 0.153125
0 0.71328125 0.14140625 0.06484375 0.14375
0 0.15703125 0.14609375 0.06484375 0.153125
0 0.31484375 0.17578125 0.06484375 0.1203125
0 0.5625 0.20625 0.06484375 0.134375
0 0.66640625 0.240625 0.06484375 0.134375
0 0.39375 0.26640625 0.06953125 0.15703125
0 0.8515625 0.27109375 0.05078125 0.125
0 0.18046875 0.278125 0.06953125 0.153125
0 0.79609375 0.29609375 0.06015625 0.1484375
0 0.52578125 0.3125 0.07421875 0.115625
0 0.909375 0.33125 0.08359375 0.14375