0 0.01640625 0.18984375 0.0234375 0.01875
0 0.0625 0.19453125 0.009375 0.0140625
0 0.053125 0.20390625 0.009375 0.0140625
0 0.03203125 0.20625 0.009375 0.0140625
0 0.009375 0.20859375 0.0140625 0.028125
0 0.14609375 0.20859375 0.0140625 0.01875
0 0.06484375 0.20859375 0.0140625 0.01875
0 0.10625 0.2109375 0.01875 0.01875
0 0.16640625 0.21328125 0.0140625 0.0140625
0 0.15078125 0.21953125 0.0140625 0.01875
0 0.06953125 0.21953125 0.009375 0.01875
0 0.125 0.221875 0.0140625 0.01875
0 0.0859375 0.22421875 0.009375 0.009375
0 0.02578125 0.22421875 0.0140625 0.01875
0 0.1640625 0.2265625 0.009375 0.0140625
0 0.18984375 0.22890625 0.01875 0.01875
0 0.10390625 0.23125 0.0140625 0.01875
0 0.009375 0.23125 0.009375 0.0140625
0 0.31484375 0.23125 0.01875 0.028125
0 0.034375 0.23359375 0.01875 0.01875
0 0.2359375 0.23828125 0.0140625 0.01875
0 0.10859375 0.240625 0.0140625 0.01875
0 0.02578125 0.24296875 0.0140625 0.01875
0 0.17578125 0.2453125 0.01875 0.0234375
0 0.2359375 0.25 0.01875 0.01875
0 0.21328125 0.25 0.0234375 0.028125
0 0.12734375 0.25234375 0.01875 0.0234375
0 0.09453125 0.2546875 0.009375 0.01875
0 0.1109375 0.25703125 0.01875 0.0234375
0 0.14609375 0.26171875 0.01875 0.0234375
0 0.86328125 0.2640625 0.028125 0.03203125
0 0.0234375 0.2640625 0.01875 0.01875
0 0.0625 0.2640625 0.0234375 0.0234375
0 0.16640625 0.26640625 0.0140625 0.0234375
0 0.134375 0.26640625 0.01875 0.0234375
0 0.1828125 0.26875 0.0140625 0.0234375
0 0.240625 0.26875 0.01875 0.028125
0 0.19921875 0.27109375 0.01875 0.0234375
0 0.04140625 0.27109375 0.01875 0.01875
0 0.3125 0.278125 0.028125 0.0234375
0 0.18984375 0.278125 0.0046875 0.0140625
0 0.3796875 0.28203125 0.0234375 0.03203125
0 0.02109375 0.28203125 0.0234375 0.028125
0 0.053125 0.284375 0.0234375 0.0234375
0 0.1203125 0.2890625 0.028125 0.03203125
0 0.259375 0.2890625 0.01875 0.028125
0 0.18515625 0.29609375 0.01875 0.03671875
0 0.03046875 0.2984375 0.01875 0.0234375
0 0.21796875 0.30078125 0.0234375 0.028125
0 0.23125 0.30546875 0.01875 0.028125
0 0.0140625 0.31484375 0.0140625 0.0234375
0 0.25703125 0.3171875 0.0234375 0.03671875
0 0.125 0.31953125 0.0234375 0.028125
0 0.29609375 0.32421875 0.028125 0.04609375
0 0.3265625 0.32421875 0.028125 0.04140625
0 0.0390625 0.3265625 0.01875 0.03203125
0 0.10625 0.33125 0.0234375 0.03671875
0 0.36328125 0.33359375 0.028125 0.04609375
0 0.86328125 0.34296875 0.028125 0.04609375
0 0.5 0.346875 0.028125 0.03671875
0 0.4421875 0.346875 0.028125 0.03203125
0 0.48359375 0.34921875 0.01875 0.03671875
0 0.1296875 0.3515625 0.0234375 0.03203125
0 0.40546875 0.35390625 0.028125 0.05078125
0 0.178125 0.35625 0.028125 0.04140625
0 0.215625 0.35625 0.028125 0.04140625
0 0.19453125 0.35859375 0.028125 0.04140625
0 0.715625 0.3609375 0.028125 0.04140625
0 0.31484375 0.36796875 0.03203125 0.04609375
0 0.8359375 0.37265625 0.03671875 0.04140625
0 0.4375 0.37265625 0.03203125 0.04140625
0 0.571875 0.37265625 0.01875 0.03671875
0 0.03203125 0.37265625 0.01875 0.028125
0 0.69453125 0.375 0.0234375 0.03203125
0 0.159375 0.375 0.03203125 0.04140625
0 0.28671875 0.37734375 0.028125 0.03671875
0 0.04609375 0.3796875 0.0140625 0.0234375
0 0.64375 0.3796875 0.028125 0.04609375
0 0.2734375 0.38671875 0.01875 0.04140625
0 0.43046875 0.403125 0.0234375 0.03203125
0 0.403125 0.41171875 0.0234375 0.04609375
0 0.2359375 0.41875 0.0140625 0.03203125
0 0.5046875 0.4234375 0.028125 0.04140625
0 0.25 0.4234375 0.028125 0.04609375
0 0.44921875 0.428125 0.03671875 0.05078125
0 0.53203125 0.428125 0.03203125 0.04609375
0 0.59921875 0.43046875 0.028125 0.04140625
0 0.31015625 0.4328125 0.03203125 0.04609375
0 0.08359375 0.43515625 0.03671875 0.04609375
0 0.01640625 0.43515625 0.03203125 0.06484375
0 0.56484375 0.446875 0.03203125 0.04609375
0 0.384375 0.46796875 0.04140625 0.06015625
0 0.7640625 0.4765625 0.04140625 0.04609375
0 0.75 0.4765625 0.028125 0.04140625
0 0.79375 0.48828125 0.04140625 0.05078125
0 0.60625 0.50703125 0.04140625 0.05078125
0 0.8796875 0.509375 0.03671875 0.06953125
0 0.5671875 0.51171875 0.04609375 0.07890625
0 0.90703125 0.5140625 0.04140625 0.06484375
0 0.81484375 0.528125 0.04140625 0.01875
0 0.73359375 0.53046875 0.04609375 0.06953125
0 0.696875 0.54609375 0.05078125 0.06484375
0 0.47890625 0.5484375 0.04609375 0.06484375
0 0.35859375 0.55546875 0.04140625 0.06015625
0 0.41640625 0.56484375 0.04140625 0.05546875
0 0.83359375 0.56953125 0.06015625 0.07421875
0 0.6390625 0.571875 0.04140625 0.06484375
0 0.1734375 0.615625 0.04609375 0.06484375
0 0.40078125 0.6296875 0.04609375 0.06015625
0 0.53046875 0.63203125 0.04140625 0.06953125
0 0.0390625 0.63203125 0.04609375 0.06484375
0 0.284375 0.64140625 0.04609375 0.06015625
0 0.09453125 0.65546875 0.04140625 0.06015625
0 0.73828125 0.66171875 0.05078125 0.07421875
0 0.4421875 0.7015625 0.04140625 0.06484375
0 0.02109375 0.81953125 0.04140625 0.09296875