0 0.56015625 0.08125 0.06484375 0.08828125
0 0.32421875 0.12265625 0.08359375 0.115625
0 0.596875 0.14140625 0.06015625 0.10625
0 0.16875 0.14140625 0.07890625 0.1015625
0 0.4328125 0.14375 0.05078125 0.08359375
0 0.49765625 0.1484375 0.06484375 0.08359375
0 0.70390625 0.15546875 0.06484375 0.115625
0 0.7734375 0.196875 0.06953125 0.1296875
0 0.63203125 0.2265625 0.06953125 0.115625
0 0.23125 0.25 0.07890625 0.09296875
0 0.409375 0.25234375 0.06953125 0.125
0 0.07890625 0.2734375 0.09296875 0.14375
0 0.5390625 0.28203125 0.06953125 0.115625
0 0.71953125 0.29375 0.07890625 0.1390625
0 0.85859375 0.30078125 0.06484375 0.1296875
0 0.34296875 0.3515625 0.08828125 0.115625
0 0.2453125 0.3984375 0.07890625 0.1203125
0 0.58359375 0.51875 0.096875 0.16640625
0 0.490625 0.6109375 0.06953125 0.1109375