0 0.74765625 0.09921875 0.0234375 0.0140625
0 0.70859375 0.09921875 0.03203125 0.01875
0 0.384375 0.10625 0.028125 0.01875
0 0.93046875 0.10625 0.01875 0.0140625
0 0.29140625 0.10625 0.028125 0.0234375
0 0.64609375 0.10625 0.03671875 0.0234375
0 0.82421875 0.10625 0.03671875 0.01875
0 0.34921875 0.10859375 0.028125 0.01875
0 0.54609375 0.10859375 0.0234375 0.0140625
0 0.4140625 0.1109375 0.03203125 0.0234375
0 0.07890625 0.1109375 0.03671875 0.028125
0 0.446875 0.1109375 0.0234375 0.0140625
0 0.571875 0.1109375 0.028125 0.0140625
0 0.73125 0.1109375 0.028125 0.0140625
0 0.7640625 0.1109375 0.03671875 0.0234375
0 0.47421875 0.1109375 0.028125 0.01875
0 0.2359375 0.1109375 0.03203125 0.0234375
0 0.5 0.11328125 0.028125 0.0140625
0 0.2109375 0.115625 0.03203125 0.0234375
0 0.375 0.11796875 0.03671875 0.0234375
0 0.8359375 0.11796875 0.03203125 0.01875
0 0.97421875 0.11796875 0.01875 0.0140625
0 0.528125 0.11796875 0.0234375 0.0140625
0 0.67578125 0.1203125 0.03671875 0.01875
0 0.9234375 0.12265625 0.03203125 0.0140625
0 0.01640625 0.125 0.03203125 0.01875
0 0.0625 0.125 0.03203125 0.01875
0 0.33828125 0.12734375 0.03203125 0.0234375
0 0.98125 0.12734375 0.03203125 0.01875
0 0.82890625 0.13671875 0.04140625 0.01875
0 0.965625 0.13671875 0.03203125 0.01875
0 0.22421875 0.13671875 0.04140625 0.03203125
0 0.90078125 0.1390625 0.04140625 0.0234375
0 0.04140625 0.14375 0.04609375 0.028125
0 0.48359375 0.14375 0.04140625 0.0234375
0 0.43515625 0.14375 0.03203125 0.01875
0 0.58828125 0.14609375 0.04140625 0.028125
0 0.7015625 0.14609375 0.05078125 0.028125
0 0.28046875 0.15078125 0.03671875 0.01875
0 0.65546875 0.15546875 0.04140625 0.01875
0 0.7359375 0.17578125 0.05078125 0.03203125
0 0.65703125 0.178125 0.05546875 0.03203125
0 0.865625 0.18046875 0.04140625 0.028125
0 0.28671875 0.1828125 0.06015625 0.04140625
0 0.56484375 0.1875 0.06015625 0.03671875
0 0.928125 0.19921875 0.04609375 0.03203125
0 0.02578125 0.2015625 0.05078125 0.05078125
0 0.77109375 0.20390625 0.06484375 0.04140625
0 0.08359375 0.20390625 0.06953125 0.04140625
0 0.45859375 0.21328125 0.06953125 0.04609375
0 0.23359375 0.21796875 0.05546875 0.04140625
0 0.14375 0.21796875 0.04609375 0.03671875
0 0.4234375 0.22421875 0.05546875 0.04140625
0 0.88671875 0.22421875 0.06015625 0.04140625
0 0.70859375 0.2265625 0.06484375 0.04609375
0 0.971875 0.23125 0.05546875 0.03671875
0 0.178125 0.23125 0.06953125 0.05078125
0 0.375 0.2453125 0.05546875 0.03203125
0 0.9421875 0.2453125 0.03671875 0.03203125
0 0.65078125 0.25234375 0.05078125 0.03671875
0 0.3984375 0.28203125 0.07421875 0.04609375
0 0.27109375 0.28671875 0.07890625 0.04609375
0 0.5 0.30546875 0.08828125 0.06015625
0 0.18046875 0.3359375 0.096875 0.06015625
0 0.6015625 0.34921875 0.09296875 0.06015625
0 0.9234375 0.365625 0.1109375 0.06953125
0 0.78671875 0.375 0.115625 0.06484375