0 0.715625 0.6390625 0.01875 0.01875
0 0.27109375 0.64609375 0.0140625 0.01875
0 0.53671875 0.64609375 0.01875 0.028125
0 0.6390625 0.64609375 0.01875 0.0234375
0 0.2265625 0.64609375 0.0140625 0.01875
0 0.45625 0.64609375 0.0140625 0.01875
0 0.46953125 0.64609375 0.0140625 0.0234375
0 0.553125 0.64609375 0.0140625 0.028125
0 0.7265625 0.6484375 0.0140625 0.0140625
0 0.29375 0.65078125 0.0234375 0.028125
0 0.4421875 0.653125 0.0140625 0.01875
0 0.240625 0.65546875 0.01875 0.028125
0 0.3078125 0.65546875 0.01875 0.028125
0 0.21796875 0.65703125 0.01875 0.01875
0 0.7359375 0.659375 0.009375 0.0140625
0 0.43046875 0.66171875 0.0140625 0.01875
0 0.5234375 0.66171875 0.01875 0.028125
0 0.71953125 0.6640625 0.0140625 0.01875
0 0.25703125 0.6640625 0.009375 0.0234375
0 0.48828125 0.6640625 0.0140625 0.01875
0 0.26875 0.6640625 0.0046875 0.0140625
0 0.47890625 0.66640625 0.009375 0.0140625
0 0.19921875 0.66640625 0.0140625 0.01875
0 0.2453125 0.66640625 0.009375 0.01875
0 0.403125 0.66640625 0.0234375 0.028125
0 0.58359375 0.66640625 0.0140625 0.01875
0 0.64140625 0.66875 0.0140625 0.0234375
0 0.284375 0.66875 0.01875 0.028125
0 0.33359375 0.67109375 0.01875 0.01875
0 0.50234375 0.6734375 0.0140625 0.01875
0 0.6828125 0.67578125 0.0140625 0.0234375
0 0.6734375 0.678125 0.009375 0.028125
0 0.375 0.678125 0.0140625 0.0234375
0 0.60625 0.678125 0.0234375 0.028125
0 0.2359375 0.68046875 0.0140625 0.028125
0 0.66875 0.6828125 0.009375 0.0234375
0 0.57890625 0.6828125 0.01875 0.028125
0 0.659375 0.6828125 0.0140625 0.0234375
0 0.20625 0.68515625 0.01875 0.03203125
0 0.696875 0.68984375 0.0140625 0.028125
0 0.01171875 0.69453125 0.0234375 0.03671875
0 0.2734375 0.69453125 0.01875 0.0234375
0 0.68515625 0.69921875 0.0140625 0.0234375
0 0.465625 0.70859375 0.01875 0.028125
0 0.75 0.7109375 0.01875 0.028125
0 0.64140625 0.7109375 0.01875 0.028125
0 0.3609375 0.71328125 0.01875 0.028125
0 0.678125 0.715625 0.01875 0.0234375
0 0.70390625 0.715625 0.01875 0.028125
0 0.6203125 0.71953125 0.01875 0.028125
0 0.26640625 0.721875 0.0234375 0.028125
0 0.39140625 0.72421875 0.0234375 0.028125
0 0.321875 0.7265625 0.01875 0.028125
0 0.76875 0.72890625 0.01875 0.028125
0 0.875 0.73125 0.01875 0.03671875
0 0.98125 0.73125 0.0234375 0.04140625
0 0.0765625 0.73359375 0.0234375 0.03203125
0 0.28046875 0.7359375 0.01875 0.03203125
0 0.8984375 0.73828125 0.0234375 0.03203125
0 0.95625 0.73828125 0.0234375 0.03203125
0 0.528125 0.740625 0.01875 0.028125
0 0.33125 0.740625 0.01875 0.028125
0 0.93515625 0.740625 0.01875 0.028125
0 0.8265625 0.74296875 0.01875 0.0234375
0 0.59296875 0.74296875 0.01875 0.0234375
0 0.91640625 0.74296875 0.01875 0.0234375
0 0.15078125 0.7453125 0.028125 0.03203125
0 0.4953125 0.75 0.0234375 0.03203125
0 0.85625 0.7546875 0.0234375 0.03671875
0 0.29140625 0.75703125 0.01875 0.028125
0 0.64375 0.7640625 0.01875 0.028125
0 0.18515625 0.76640625 0.01875 0.03203125
0 0.12734375 0.76875 0.0234375 0.03203125
0 0.19921875 0.76875 0.0234375 0.03671875
0 0.69921875 0.77109375 0.01875 0.0234375
0 0.05546875 0.77109375 0.0234375 0.03671875
0 0.240625 0.77578125 0.01875 0.028125
0 0.34296875 0.78203125 0.0234375 0.03203125
0 0.39609375 0.7890625 0.01875 0.0234375
0 0.29375 0.7890625 0.0234375 0.028125
0 0.26875 0.79375 0.0140625 0.01875
0 0.134375 0.7984375 0.01875 0.03203125
0 0.51640625 0.7984375 0.0140625 0.01875
0 0.178125 0.7984375 0.01875 0.0234375
0 0.48359375 0.80546875 0.0234375 0.03203125
0 0.69921875 0.80546875 0.01875 0.03203125
0 0.32421875 0.80546875 0.01875 0.03203125
0 0.2359375 0.8078125 0.0234375 0.03671875
0 0.39140625 0.8078125 0.01875 0.028125
0 0.4328125 0.8125 0.01875 0.028125
0 0.46953125 0.8125 0.01875 0.03203125
0 0.80546875 0.8171875 0.0234375 0.03671875
0 0.5140625 0.82421875 0.028125 0.03671875
0 0.87734375 0.82421875 0.01875 0.03203125
0 0.58359375 0.82421875 0.01875 0.03203125
0 0.70625 0.8265625 0.01875 0.03203125
0 0.909375 0.8265625 0.0234375 0.03203125
0 0.615625 0.82890625 0.0234375 0.03671875
0 0.27109375 0.83125 0.01875 0.03671875
0 0.73828125 0.83359375 0.0234375 0.03671875
0 0.22421875 0.84453125 0.01875 0.028125
0 0.09453125 0.84453125 0.0234375 0.03671875
0 0.88671875 0.846875 0.01875 0.03671875
0 0.6640625 0.846875 0.01875 0.028125
0 0.303125 0.8515625 0.01875 0.028125
0 0.8171875 0.85390625 0.0234375 0.03203125
0 0.5484375 0.85390625 0.01875 0.03671875
0 0.59453125 0.8609375 0.0234375 0.03671875
0 0.3515625 0.8609375 0.0234375 0.028125
0 0.8609375 0.875 0.028125 0.05078125
0 0.5390625 0.8984375 0.01875 0.03203125
0 0.1734375 0.92109375 0.1109375 0.1484375
0 0.028125 0.94453125 0.01875 0.0234375
0 0.09453125 0.94921875 0.028125 0.04609375
0 0.01171875 0.94921875 0.0234375 0.05546875
0 0.08125 0.96328125 0.03203125 0.04609375
0 0.02578125 0.971875 0.03203125 0.03671875