0 0.48125 0.13203125 0.03671875 0.06484375
0 0.18515625 0.14609375 0.08828125 0.115625
0 0.86796875 0.215625 0.08828125 0.1296875
0 0.31953125 0.23125 0.06953125 0.1203125
0 0.71796875 0.25234375 0.08359375 0.153125
0 0.1484375 0.25703125 0.06953125 0.1015625
0 0.64140625 0.03046875 0.06015625 0.06015625
0 0.9765625 0.30078125 0.03671875 0.15703125
0 0.93046875 0.30546875 0.08359375 0.14375
0 0.5390625 0.33125 0.07421875 0.1296875
0 0.46328125 0.3359375 0.08359375 0.18046875
0 0.0859375 0.34296875 0.07421875 0.10625
0 0.30546875 0.41875 0.08359375 0.125
0 0.175 0.04375 0.05 0.0875
0 0.07421875 0.4765625 0.07421875 0.1484375
0 0.1875 0.49765625 0.115625 0.21328125
0 0.35390625 0.05078125 0.05078125 0.1015625
0 0.55078125 0.5140625 0.096875 0.153125
0 0.05078125 0.05546875 0.07421875 0.1109375
0 0.740625 0.55078125 0.10625 0.16640625
0 0.84921875 0.06015625 0.07890625 0.1203125
0 0.4609375 0.64609375 0.08828125 0.16640625
0 0.9421875 0.07890625 0.08359375 0.1484375
0 0.43515625 0.08359375 0.07421875 0.1109375
0 0.284375 0.10859375 0.07421875 0.125