0 0.41171875 0.10625 0.07421875 0.1296875
0 0.59453125 0.11796875 0.08359375 0.1203125
0 0.6734375 0.1203125 0.01875 0.0234375
0 0.7015625 0.1390625 0.0234375 0.0234375
0 0.27578125 0.1390625 0.04140625 0.05078125
0 0.74296875 0.14140625 0.01875 0.0140625
0 0.534375 0.14609375 0.05078125 0.08359375
0 0.73125 0.15078125 0.01875 0.028125
0 0.971875 0.15546875 0.03671875 0.06484375
0 0.99296875 0.15546875 0.0046875 0.07890625
0 0.65546875 0.15703125 0.04609375 0.06953125
0 0.471875 0.16171875 0.06015625 0.1109375
0 0.79609375 0.1734375 0.05546875 0.07890625
0 0.6921875 0.1828125 0.03671875 0.05546875
0 0.73125 0.1828125 0.028125 0.028125
0 0.89375 0.2015625 0.125 0.19921875
0 0.10390625 0.20390625 0.1484375 0.2359375
0 0.3703125 0.215625 0.08828125 0.1390625
0 0.2984375 0.25703125 0.096875 0.18046875
0 0.6828125 0.284375 0.08828125 0.125
0 0.48359375 0.35625 0.08359375 0.16171875
0 0.490625 0.096875 0.03671875 0.05078125