0 0.0046875 0.26875 0.009375 0.0140625
0 0.01171875 0.27109375 0.0140625 0.0140625
0 0.01875 0.2890625 0.009375 0.0140625
0 0.05078125 0.29375 0.01875 0.0234375
0 0.0859375 0.30546875 0.0140625 0.0234375
0 0.04140625 0.30546875 0.01875 0.0234375
0 0.00703125 0.30546875 0.0140625 0.0234375
0 0.134375 0.31015625 0.0140625 0.0234375
0 0.115625 0.31953125 0.01875 0.0234375
0 0.0765625 0.321875 0.009375 0.01875
0 0.096875 0.321875 0.0140625 0.01875
0 0.23125 0.321875 0.01875 0.0234375
0 0.04375 0.32421875 0.0140625 0.0140625
0 0.375 0.32890625 0.03203125 0.05078125
0 0.0046875 0.32890625 0.009375 0.0234375
0 0.16640625 0.33125 0.0234375 0.028125
0 0.20625 0.3359375 0.01875 0.03203125
0 0.06484375 0.3359375 0.0140625 0.0234375
0 0.25703125 0.340625 0.0234375 0.03203125
0 0.096875 0.34453125 0.01875 0.0140625
0 0.4328125 0.346875 0.0234375 0.04140625
0 0.39140625 0.346875 0.01875 0.03203125
0 0.48828125 0.3515625 0.028125 0.0234375
0 0.22890625 0.35390625 0.01875 0.03671875
0 0.09921875 0.35390625 0.028125 0.01875
0 0.02578125 0.35625 0.03203125 0.05078125
0 0.12734375 0.35859375 0.0234375 0.03671875
0 0.14609375 0.35859375 0.028125 0.04140625
0 0.2734375 0.35859375 0.01875 0.0234375
0 0.0046875 0.35859375 0.009375 0.0234375
0 0.90546875 0.365625 0.01875 0.0234375
0 0.5390625 0.365625 0.028125 0.04140625
0 0.24765625 0.36796875 0.0140625 0.0234375
0 0.8796875 0.3703125 0.01875 0.0234375
0 0.2890625 0.3703125 0.028125 0.04140625
0 0.1640625 0.37265625 0.01875 0.0234375
0 0.23125 0.37265625 0.01875 0.028125
0 0.571875 0.37734375 0.03671875 0.04140625
0 0.48359375 0.3796875 0.0234375 0.028125
0 0.0625 0.3796875 0.03671875 0.04140625
0 0.1875 0.3890625 0.0234375 0.04140625
0 0.528125 0.39140625 0.01875 0.01875
0 0.09921875 0.39375 0.04140625 0.06484375
0 0.44453125 0.3984375 0.028125 0.05078125
0 0.3984375 0.403125 0.028125 0.04140625
0 0.884375 0.403125 0.01875 0.03203125
0 0.30078125 0.40546875 0.0234375 0.03671875
0 0.5 0.40546875 0.0234375 0.04609375
0 0.25 0.40546875 0.028125 0.03671875
0 0.34453125 0.40703125 0.03203125 0.04140625
0 0.47421875 0.409375 0.028125 0.04140625
0 0.6921875 0.409375 0.028125 0.0234375
0 0.9140625 0.41171875 0.028125 0.03671875
0 0.65078125 0.4140625 0.04140625 0.06484375
0 0.571875 0.42578125 0.03203125 0.05546875
0 0.60390625 0.42578125 0.03203125 0.04140625
0 0.96953125 0.428125 0.01875 0.0234375
0 0.72421875 0.428125 0.01875 0.03671875
0 0.534375 0.43515625 0.03203125 0.05546875
0 0.80546875 0.4375 0.03671875 0.05546875
0 0.48125 0.446875 0.028125 0.03671875
0 0.846875 0.44921875 0.04140625 0.06015625
0 0.2734375 0.4515625 0.03671875 0.05546875
0 0.696875 0.4515625 0.028125 0.04609375
0 0.73125 0.4515625 0.028125 0.05078125
0 0.678125 0.46796875 0.03671875 0.03203125
0 0.34921875 0.46953125 0.05078125 0.06953125
0 0.759375 0.471875 0.04140625 0.06015625
0 0.96796875 0.47421875 0.03203125 0.03671875
0 0.43046875 0.47421875 0.04609375 0.06484375
0 0.58359375 0.490625 0.05546875 0.07890625
0 0.50703125 0.5 0.05546875 0.06953125
0 0.67578125 0.52109375 0.05078125 0.06953125
0 0.90546875 0.52109375 0.03671875 0.04609375
0 0.86328125 0.54375 0.06953125 0.06015625
0 0.40078125 0.55078125 0.06015625 0.06484375
0 0.8609375 0.58828125 0.05546875 0.08359375
0 0.0390625 0.74765625 0.05546875 0.07890625
0 0.77578125 0.80546875 0.05078125 0.096875
0 0.4609375 0.875 0.1015625 0.07421875