0 0.89140625 0.45390625 0.009375 0.01875
0 0.51640625 0.46796875 0.01875 0.03203125
0 0.21953125 0.46953125 0.0046875 0.0140625
0 0.09921875 0.471875 0.01875 0.028125
0 0.01171875 0.471875 0.009375 0.0140625
0 0.12734375 0.471875 0.009375 0.0234375
0 0.13671875 0.471875 0.0046875 0.0140625
0 0.84453125 0.47421875 0.009375 0.009375
0 0.1203125 0.47421875 0.009375 0.028125
0 0.44921875 0.47421875 0.009375 0.0140625
0 0.6921875 0.47421875 0.0234375 0.03671875
0 0.43984375 0.47421875 0.009375 0.0140625
0 0.284375 0.47421875 0.009375 0.01875
0 0.49765625 0.47421875 0.009375 0.0140625
0 0.3265625 0.47421875 0.009375 0.0140625
0 0.22890625 0.4765625 0.0046875 0.009375
0 0.346875 0.4765625 0.0140625 0.0234375
0 0.00703125 0.4765625 0.0046875 0.0140625
0 0.07890625 0.4765625 0.009375 0.009375
0 0.2359375 0.4765625 0.0046875 0.009375
0 0.303125 0.4765625 0.009375 0.009375
0 0.0484375 0.4765625 0.0140625 0.0234375
0 0.78671875 0.4765625 0.009375 0.009375
0 0.55546875 0.4765625 0.009375 0.0140625
0 0.1390625 0.4765625 0.0046875 0.009375
0 0.034375 0.4765625 0.009375 0.0140625
0 0.85390625 0.4765625 0.0046875 0.009375
0 0.153125 0.4765625 0.0046875 0.0140625
0 0.3359375 0.4765625 0.0046875 0.0140625
0 0.16875 0.47890625 0.009375 0.0234375
0 0.40546875 0.47890625 0.009375 0.01875
0 0.159375 0.47890625 0.0046875 0.0140625
0 0.25703125 0.47890625 0.009375 0.0140625
0 0.40078125 0.47890625 0.0046875 0.009375
0 0.4328125 0.47890625 0.009375 0.0140625
0 0.87265625 0.48125 0.009375 0.0140625
0 0.028125 0.48125 0.009375 0.0140625
0 0.48125 0.48125 0.0046875 0.0140625
0 0.5765625 0.48125 0.009375 0.009375
0 0.071875 0.48125 0.009375 0.01875
0 0.2453125 0.48125 0.009375 0.01875
0 0.27109375 0.48125 0.009375 0.01875
0 0.1109375 0.48125 0.009375 0.0140625
0 0.37265625 0.48125 0.009375 0.0140625
0 0.00234375 0.48125 0.0046875 0.0234375
0 0.84296875 0.48125 0.009375 0.009375
0 0.0578125 0.48125 0.009375 0.01875
0 0.29375 0.48359375 0.009375 0.0140625
0 0.340625 0.48359375 0.0046875 0.009375
0 0.3515625 0.48359375 0.009375 0.0140625
0 0.4140625 0.48359375 0.0046875 0.009375
0 0.85859375 0.48359375 0.009375 0.009375
0 0.1734375 0.48359375 0.0046875 0.009375
0 0.590625 0.48359375 0.0140625 0.0140625
0 0.6109375 0.48359375 0.009375 0.0140625
0 0.39609375 0.48359375 0.009375 0.0140625
0 0.79140625 0.48359375 0.009375 0.009375
0 0.02109375 0.48359375 0.009375 0.0140625
0 0.38671875 0.48359375 0.009375 0.0140625
0 0.59921875 0.4859375 0.009375 0.009375
0 0.41875 0.4859375 0.009375 0.01875
0 0.6640625 0.4859375 0.009375 0.009375
0 0.8171875 0.4859375 0.009375 0.0140625
0 0.14609375 0.4859375 0.009375 0.01875
0 0.428125 0.4859375 0.009375 0.01875
0 0.803125 0.4859375 0.009375 0.0140625
0 0.28046875 0.4859375 0.0140625 0.0234375
0 0.6390625 0.4859375 0.009375 0.0140625
0 0.303125 0.4859375 0.009375 0.0140625
0 0.77109375 0.4859375 0.0140625 0.0140625
0 0.4609375 0.4859375 0.009375 0.01875
0 0.46953125 0.48828125 0.009375 0.01875
0 0.509375 0.48828125 0.0046875 0.0140625
0 0.8515625 0.48828125 0.009375 0.0140625
0 0.7546875 0.48828125 0.0046875 0.0140625
0 0.08125 0.48828125 0.009375 0.01875
0 0.31484375 0.48828125 0.0140625 0.01875
0 0.178125 0.48828125 0.009375 0.01875
0 0.19921875 0.490625 0.009375 0.009375
0 0.89375 0.490625 0.0140625 0.0234375
0 0.7640625 0.490625 0.009375 0.0140625
0 0.92578125 0.490625 0.0140625 0.0234375
0 0.971875 0.490625 0.009375 0.0140625
0 0.54140625 0.490625 0.0046875 0.0140625
0 0.57421875 0.490625 0.0046875 0.0046875
0 0.23359375 0.490625 0.0140625 0.0140625
0 0.98359375 0.49296875 0.009375 0.0140625
0 0.3265625 0.49296875 0.0140625 0.01875
0 0.03671875 0.49296875 0.0140625 0.0140625
0 0.740625 0.4953125 0.009375 0.0140625
0 0.44921875 0.4953125 0.009375 0.01875
0 0.67109375 0.49765625 0.0140625 0.0140625
0 0.4953125 0.49765625 0.0046875 0.009375
0 0.3984375 0.49765625 0.0046875 0.0046875
0 0.56484375 0.5 0.0046875 0.009375
0 0.48828125 0.5 0.009375 0.009375
0 0.0765625 0.5 0.0140625 0.0140625
0 0.18515625 0.5 0.009375 0.009375
0 0.3171875 0.5 0.009375 0.0140625
0 0.678125 0.5 0.009375 0.0140625
0 0.2015625 0.5 0.0046875 0.009375
0 0.2109375 0.50234375 0.009375 0.0140625
0 0.73828125 0.50234375 0.0046875 0.0046875
0 0.659375 0.50234375 0.009375 0.0140625
0 0.39140625 0.50234375 0.009375 0.009375
0 0.40703125 0.50234375 0.009375 0.009375
0 0.365625 0.50234375 0.009375 0.0140625
0 0.259375 0.50234375 0.0046875 0.0140625
0 0.9515625 0.50234375 0.009375 0.0140625
0 0.54375 0.50234375 0.009375 0.0140625
0 0.48125 0.5046875 0.0046875 0.0046875
0 0.9765625 0.5046875 0.009375 0.009375
0 0.55078125 0.5046875 0.009375 0.0140625
0 0.375 0.5046875 0.009375 0.009375
0 0.45625 0.5046875 0.0046875 0.0140625
0 0.33359375 0.5046875 0.0046875 0.009375
0 0.5671875 0.5046875 0.009375 0.0140625
0 0.471875 0.5046875 0.009375 0.009375
0 0.840625 0.5046875 0.009375 0.0140625
0 0.57421875 0.5046875 0.009375 0.009375
0 0.40078125 0.5046875 0.009375 0.0140625
0 0.846875 0.5046875 0.0140625 0.01875
0 0.24765625 0.50703125 0.0140625 0.0140625
0 0.6484375 0.50703125 0.0140625 0.0140625
0 0.81484375 0.50703125 0.0140625 0.0140625
0 0.821875 0.50703125 0.009375 0.009375
0 0.56015625 0.50703125 0.0046875 0.0140625
0 0.75703125 0.50703125 0.0140625 0.0140625
0 0.79609375 0.50703125 0.009375 0.0140625
0 0.16875 0.50703125 0.009375 0.009375
0 0.42578125 0.50703125 0.009375 0.009375
0 0.8078125 0.50703125 0.009375 0.0140625
0 0.196875 0.50703125 0.009375 0.0140625
0 0.740625 0.509375 0.009375 0.0140625
0 0.93984375 0.509375 0.009375 0.01875
0 0.79140625 0.509375 0.009375 0.0140625
0 0.82890625 0.509375 0.009375 0.0140625
0 0.3609375 0.509375 0.0140625 0.0140625
0 0.31484375 0.509375 0.0140625 0.0140625
0 0.7453125 0.509375 0.009375 0.0140625
0 0.1640625 0.509375 0.009375 0.009375
0 0.03203125 0.509375 0.009375 0.009375
0 0.38671875 0.509375 0.009375 0.0140625
0 0.5 0.509375 0.009375 0.0140625
0 0.2109375 0.51171875 0.0046875 0.009375
0 0.125 0.51171875 0.0140625 0.0140625
0 0.23125 0.51171875 0.0140625 0.009375
0 0.28671875 0.51171875 0.009375 0.009375
0 0.39140625 0.51171875 0.0046875 0.009375
0 0.98828125 0.51171875 0.0140625 0.01875
0 0.21796875 0.51171875 0.009375 0.0140625
0 0.33828125 0.51171875 0.009375 0.009375
0 0.01171875 0.51171875 0.0140625 0.009375
0 0.49296875 0.51171875 0.0046875 0.0140625
0 0.60390625 0.51171875 0.0140625 0.0140625
0 0.3796875 0.51171875 0.009375 0.009375
0 0.4859375 0.51171875 0.009375 0.01875
0 0.35390625 0.5140625 0.0140625 0.0140625
0 0.14609375 0.5140625 0.0140625 0.01875
0 0.47421875 0.5140625 0.009375 0.01875
0 0.1875 0.51640625 0.009375 0.0140625
0 0.04140625 0.51640625 0.009375 0.009375
0 0.0046875 0.51640625 0.009375 0.0140625
0 0.6390625 0.51640625 0.009375 0.0140625
0 0.346875 0.51640625 0.009375 0.0140625
0 0.24296875 0.51640625 0.0140625 0.009375
0 0.67109375 0.51640625 0.0140625 0.0140625
0 0.43515625 0.51640625 0.009375 0.01875
0 0.18046875 0.51875 0.009375 0.01875
0 0.48125 0.51875 0.0046875 0.0140625
0 0.46328125 0.51875 0.0140625 0.01875
0 0.29609375 0.51875 0.01875 0.0140625
0 0.17109375 0.51875 0.0140625 0.0140625
0 0.06953125 0.51875 0.01875 0.028125
0 0.153125 0.52109375 0.01875 0.0140625
0 0.44921875 0.52109375 0.0140625 0.01875
0 0.76875 0.52109375 0.009375 0.0140625
0 0.78203125 0.52109375 0.009375 0.0140625
0 0.2109375 0.52109375 0.0140625 0.0140625
0 0.31953125 0.52109375 0.009375 0.0140625
0 0.39609375 0.52109375 0.009375 0.01875
0 0.28046875 0.5234375 0.01875 0.01875
0 0.4234375 0.5234375 0.0140625 0.01875
0 0.01875 0.5234375 0.0140625 0.0140625
0 0.22890625 0.5234375 0.0140625 0.009375
0 0.75 0.5234375 0.009375 0.0140625
0 0.05546875 0.5234375 0.0234375 0.028125
0 0.36796875 0.5234375 0.0046875 0.0140625
0 0.1921875 0.5234375 0.01875 0.01875
0 0.81953125 0.5234375 0.0046875 0.0140625
0 0.1015625 0.5234375 0.01875 0.03203125
0 0.028125 0.52578125 0.009375 0.01875
0 0.2640625 0.52578125 0.0140625 0.0234375
0 0.384375 0.52578125 0.0140625 0.0140625
0 0.034375 0.52578125 0.009375 0.0140625
0 0.596875 0.52578125 0.009375 0.009375
0 0.76171875 0.52578125 0.009375 0.01875
0 0.87265625 0.528125 0.01875 0.028125
0 0.409375 0.528125 0.01875 0.03203125
0 0.08359375 0.528125 0.028125 0.03203125
0 0.7984375 0.528125 0.0140625 0.0234375
0 0.24765625 0.528125 0.0140625 0.01875
0 0.3171875 0.528125 0.009375 0.009375
0 0.21953125 0.528125 0.0046875 0.01875
0 0.75703125 0.53046875 0.0140625 0.01875
0 0.90703125 0.53046875 0.0140625 0.028125
0 0.35390625 0.53046875 0.0140625 0.0140625
0 0.13203125 0.53046875 0.01875 0.028125
0 0.9609375 0.53046875 0.0140625 0.0234375
0 0.66875 0.53046875 0.0140625 0.01875
0 0.91875 0.53203125 0.01875 0.028125
0 0.10859375 0.53203125 0.0234375 0.03203125
0 0.8609375 0.53203125 0.0140625 0.028125
0 0.89609375 0.53203125 0.0140625 0.028125
0 0.30078125 0.534375 0.009375 0.01875
0 0.83828125 0.534375 0.01875 0.03203125
0 0.64375 0.534375 0.009375 0.0234375
0 0.3359375 0.5390625 0.0234375 0.04140625
0 0.9953125 0.5390625 0.009375 0.03203125
0 0.78046875 0.5390625 0.01875 0.03203125
0 0.803125 0.54140625 0.0140625 0.01875
0 0.60859375 0.54140625 0.01875 0.028125
0 0.37734375 0.54140625 0.01875 0.028125
0 0.15078125 0.54140625 0.01875 0.028125
0 0.19921875 0.54140625 0.028125 0.03671875
0 0.62734375 0.54140625 0.01875 0.028125
0 0.659375 0.54140625 0.01875 0.028125
0 0.42578125 0.54375 0.0140625 0.01875
0 0.76875 0.54375 0.009375 0.01875
0 0.11796875 0.54375 0.028125 0.028125
0 0.39375 0.54375 0.01875 0.028125
0 0.57890625 0.54375 0.01875 0.03671875
0 0.23125 0.54609375 0.0140625 0.03671875
0 0.29375 0.54609375 0.0140625 0.03671875
0 0.8125 0.54609375 0.0140625 0.0234375
0 0.65078125 0.54609375 0.0140625 0.01875
0 0.3609375 0.54609375 0.01875 0.028125
0 0.93984375 0.54609375 0.0140625 0.0234375
0 0.5484375 0.5484375 0.01875 0.03203125
0 0.3125 0.5484375 0.0140625 0.028125
0 0.1828125 0.5484375 0.01875 0.03671875
0 0.27578125 0.5484375 0.0234375 0.04140625
0 0.72890625 0.55078125 0.01875 0.03203125
0 0.1640625 0.553125 0.028125 0.04140625
0 0.82421875 0.553125 0.01875 0.028125
0 0.6828125 0.5578125 0.01875 0.028125
0 0.88671875 0.5625 0.0234375 0.03203125
0 0.9234375 0.5625 0.01875 0.03203125
0 0.96953125 0.5625 0.0234375 0.03203125
0 0.0625 0.56484375 0.028125 0.04140625
0 0.2453125 0.5671875 0.028125 0.05078125
0 0.1015625 0.57421875 0.028125 0.03671875
0 0.2109375 0.59453125 0.03203125 0.06015625
0 0.1296875 0.6015625 0.03203125 0.06015625
0 0.46796875 0.60390625 0.04140625 0.06484375
0 0.2640625 0.6296875 0.04140625 0.05078125
0 0.58125 0.63671875 0.03671875 0.06015625
0 0.365625 0.64140625 0.03671875 0.07421875
0 0.10390625 0.65078125 0.04609375 0.06015625
0 0.63671875 0.6640625 0.06015625 0.06484375
0 0.8265625 0.66640625 0.04140625 0.06484375
0 0.471875 0.68046875 0.04140625 0.07890625
0 0.240625 0.7015625 0.04140625 0.10625
0 0.5140625 0.70859375 0.05078125 0.08828125
0 0.59453125 0.71953125 0.03671875 0.08359375
0 0.98828125 0.721875 0.0140625 0.07421875
0 0.840625 0.7359375 0.07421875 0.06015625
0 0.1203125 0.76875 0.06015625 0.1109375
0 0.875 0.7734375 0.07890625 0.05078125
0 0.625 0.778125 0.06484375 0.10625
0 0.98828125 0.81015625 0.0140625 0.1015625
0 0.29140625 0.84453125 0.08828125 0.14375
0 0.5140625 0.90546875 0.14375 0.17578125
0 0.909375 0.91875 0.17109375 0.153125
0 0.0765625 0.9609375 0.14375 0.06953125