0 0.82421875 0.4234375 0.04140625 0.07421875
0 0.15546875 0.4328125 0.01875 0.03671875
0 0.8703125 0.446875 0.0046875 0.0046875
0 0.1921875 0.446875 0.0046875 0.009375
0 0.0046875 0.446875 0.009375 0.0234375
0 0.95625 0.44921875 0.009375 0.009375
0 0.89375 0.4515625 0.009375 0.009375
0 0.303125 0.4515625 0.01875 0.028125
0 0.54140625 0.4515625 0.03203125 0.05546875
0 0.93984375 0.4515625 0.009375 0.009375
0 0.7109375 0.4515625 0.009375 0.0140625
0 0.88203125 0.45390625 0.0046875 0.009375
0 0.625 0.45390625 0.0046875 0.009375
0 0.91640625 0.45390625 0.009375 0.009375
0 0.0578125 0.45390625 0.03203125 0.04609375
0 0.08125 0.45859375 0.0140625 0.0234375
0 0.89140625 0.45859375 0.009375 0.0140625
0 0.12734375 0.45859375 0.0140625 0.0234375
0 0.9234375 0.45859375 0.009375 0.0140625
0 0.4234375 0.4609375 0.0046875 0.009375
0 0.034375 0.4609375 0.01875 0.028125
0 0.68984375 0.4609375 0.009375 0.0140625
0 0.66875 0.4609375 0.009375 0.0140625
0 0.7734375 0.4609375 0.08828125 0.1390625
0 0.47421875 0.4609375 0.0046875 0.009375
0 0.696875 0.4609375 0.0046875 0.009375
0 0.4859375 0.46328125 0.0046875 0.009375
0 0.625 0.46328125 0.009375 0.009375
0 0.009375 0.465625 0.01875 0.03203125
0 0.3703125 0.46328125 0.028125 0.03671875
0 0.45625 0.465625 0.0046875 0.009375
0 0.65078125 0.465625 0.028125 0.06015625
0 0.10390625 0.465625 0.0234375 0.03671875
0 0.26171875 0.465625 0.0234375 0.0234375
0 0.571875 0.465625 0.06484375 0.096875
0 0.0234375 0.465625 0.01875 0.0234375
0 0.8515625 0.46796875 0.009375 0.009375
0 0.41171875 0.46796875 0.01875 0.0234375
0 0.509375 0.46796875 0.04609375 0.07421875
0 0.8609375 0.46953125 0.009375 0.009375
0 0.20625 0.46953125 0.01875 0.028125
0 0.25 0.471875 0.0140625 0.0234375
0 0.2890625 0.4765625 0.01875 0.03203125
0 0.221875 0.48125 0.01875 0.03203125
0 0.340625 0.4859375 0.05078125 0.08359375
0 0.43046875 0.4859375 0.0234375 0.04140625
0 0.23828125 0.48828125 0.0234375 0.03671875
0 0.37734375 0.48828125 0.0234375 0.04609375
0 0.26640625 0.49296875 0.0234375 0.03671875
0 0.125 0.49296875 0.03203125 0.03671875
0 0.72421875 0.5 0.03671875 0.06484375
0 0.94921875 0.509375 0.04609375 0.06484375
0 0.196875 0.509375 0.05078125 0.07421875
0 0.65078125 0.53671875 0.04140625 0.05546875