0 0.15546875 0.10390625 0.04140625 0.05546875
0 0.76875 0.1203125 0.03671875 0.05546875
0 0.51640625 0.12265625 0.03671875 0.06015625
0 0.72421875 0.12265625 0.03671875 0.05078125
0 0.48359375 0.1390625 0.0234375 0.03203125
0 0.63671875 0.1390625 0.03203125 0.06015625
0 0.321875 0.14609375 0.04140625 0.05078125
0 0.46328125 0.1484375 0.03671875 0.05546875
0 0.37734375 0.01640625 0.03671875 0.03203125
0 0.85390625 0.17109375 0.03671875 0.05078125
0 0.821875 0.1734375 0.028125 0.04609375
0 0.10625 0.1734375 0.03671875 0.06015625
0 0.23125 0.1921875 0.04140625 0.06015625
0 0.78203125 0.196875 0.03203125 0.05546875
0 0.99296875 0.02109375 0.0140625 0.04140625
0 0.5046875 0.20390625 0.03203125 0.06484375
0 0.903125 0.20859375 0.03671875 0.05078125
0 0.43046875 0.21328125 0.04140625 0.06015625
0 0.67578125 0.21953125 0.03671875 0.06015625
0 0.58125 0.221875 0.04609375 0.06484375
0 0.74296875 0.22890625 0.03203125 0.05078125
0 0.3359375 0.23125 0.04140625 0.05546875
0 0.778125 0.2546875 0.03671875 0.04140625
0 0.865625 0.2734375 0.03203125 0.06015625
0 0.93046875 0.29609375 0.03671875 0.05546875
0 0.35859375 0.2984375 0.04609375 0.06484375
0 0.20859375 0.2984375 0.05546875 0.06953125
0 0.740625 0.3078125 0.04140625 0.06953125
0 0.7734375 0.3265625 0.04609375 0.06484375
0 0.29609375 0.034375 0.03203125 0.05546875
0 0.803125 0.33359375 0.028125 0.05078125
0 0.96953125 0.3359375 0.03671875 0.05546875
0 0.596875 0.34453125 0.04609375 0.05546875
0 0.69453125 0.34921875 0.05078125 0.06484375
0 0.91171875 0.35859375 0.03203125 0.06484375
0 0.9375 0.36796875 0.028125 0.03203125
0 0.625 0.39140625 0.05078125 0.08359375
0 0.0859375 0.04140625 0.03671875 0.05546875
0 0.7359375 0.41875 0.05078125 0.07890625
0 0.884375 0.43046875 0.05546875 0.07421875
0 0.2109375 0.45390625 0.05546875 0.08359375
0 0.32890625 0.53671875 0.06015625 0.08359375
0 0.50703125 0.54140625 0.05078125 0.07890625
0 0.428125 0.053125 0.028125 0.05078125
0 0.83828125 0.54140625 0.05078125 0.08359375
0 0.03046875 0.54375 0.05546875 0.07890625
0 0.65546875 0.05546875 0.03671875 0.05078125
0 0.90078125 0.596875 0.06015625 0.08828125
0 0.78046875 0.65546875 0.06015625 0.09296875
0 0.45390625 0.06484375 0.03203125 0.04140625
0 0.98359375 0.68515625 0.03203125 0.1109375
0 0.5765625 0.06953125 0.03203125 0.05546875
0 0.51875 0.6921875 0.06015625 0.08359375
0 0.34453125 0.696875 0.06484375 0.08359375
0 0.74765625 0.08125 0.03671875 0.05546875
0 0.36796875 0.090625 0.028125 0.05078125
0 0.2109375 0.09453125 0.03671875 0.06015625
0 0.02109375 0.09453125 0.03671875 0.07421875
0 0.303125 0.09453125 0.03203125 0.05078125
0 0.403125 0.09921875 0.028125 0.05078125