0 0.46796875 0.259375 0.01875 0.009375
0 0.49765625 0.26171875 0.01875 0.0140625
0 0.54375 0.26171875 0.009375 0.009375
0 0.57421875 0.27109375 0.01875 0.009375
0 0.48125 0.2734375 0.0234375 0.0140625
0 0.60859375 0.2734375 0.01875 0.0140625
0 0.53671875 0.2734375 0.01875 0.0140625
0 0.5484375 0.2734375 0.01875 0.0140625
0 0.428125 0.278125 0.01875 0.009375
0 0.57890625 0.28203125 0.0140625 0.009375
0 0.53046875 0.284375 0.0140625 0.0046875
0 0.5140625 0.284375 0.01875 0.009375
0 0.48828125 0.284375 0.01875 0.0140625
0 0.653125 0.28671875 0.01875 0.0140625
0 0.45625 0.2890625 0.01875 0.0140625
0 0.62734375 0.29140625 0.028125 0.01875
0 0.41640625 0.29140625 0.0234375 0.009375
0 0.54140625 0.29140625 0.01875 0.0140625
0 0.678125 0.30078125 0.01875 0.01875
0 0.5859375 0.30078125 0.01875 0.0140625
0 0.7546875 0.303125 0.028125 0.0140625
0 0.52109375 0.303125 0.0234375 0.01875
0 0.40078125 0.3078125 0.01875 0.0140625
0 0.5578125 0.3125 0.01875 0.0140625
0 0.65703125 0.3171875 0.01875 0.01875
0 0.803125 0.321875 0.028125 0.01875
0 0.84921875 0.32421875 0.028125 0.01875
0 0.60390625 0.32890625 0.028125 0.01875
0 0.74765625 0.32890625 0.03671875 0.0234375
0 0.784375 0.33125 0.028125 0.01875
0 0.41171875 0.33125 0.028125 0.01875
0 0.5765625 0.33359375 0.01875 0.0140625
0 0.28671875 0.3359375 0.03203125 0.01875
0 0.840625 0.340625 0.03671875 0.0234375
0 0.6828125 0.340625 0.03203125 0.0234375
0 0.6484375 0.34296875 0.03203125 0.01875
0 0.23359375 0.34453125 0.04140625 0.0234375
0 0.5 0.3515625 0.04140625 0.0234375
0 0.36796875 0.35390625 0.028125 0.01875
0 0.2734375 0.35390625 0.03203125 0.0234375
0 0.6875 0.35859375 0.03203125 0.01875
0 0.29375 0.36796875 0.03671875 0.01875
0 0.88671875 0.3703125 0.04140625 0.028125
0 0.35390625 0.37734375 0.04140625 0.03203125
0 0.95859375 0.37734375 0.05546875 0.03671875
0 0.17109375 0.3796875 0.03203125 0.0234375
0 0.66875 0.38203125 0.04140625 0.028125
0 0.5859375 0.384375 0.04140625 0.0234375
0 0.50234375 0.38671875 0.05078125 0.03203125
0 0.7265625 0.39140625 0.05078125 0.0234375
0 0.29375 0.3984375 0.04609375 0.03203125
0 0.803125 0.43046875 0.05078125 0.03203125
0 0.8515625 0.4515625 0.07890625 0.05078125
0 0.59296875 0.45390625 0.07890625 0.04609375
0 0.34296875 0.4609375 0.06015625 0.05078125
0 0.40546875 0.53203125 0.1015625 0.07421875
0 0.0484375 0.5625 0.07890625 0.05546875
0 0.6015625 0.56484375 0.1015625 0.08359375