0 0.44921875 0.10859375 0.0234375 0.03203125
0 0.43046875 0.10859375 0.0234375 0.0234375
0 0.61796875 0.1109375 0.01875 0.03203125
0 0.36328125 0.11328125 0.028125 0.04140625
0 0.5 0.11328125 0.01875 0.03203125
0 0.54609375 0.11328125 0.01875 0.03203125
0 0.596875 0.115625 0.028125 0.04609375
0 0.1203125 0.115625 0.0234375 0.04609375
0 0.20390625 0.11796875 0.01875 0.01875
0 0.2265625 0.11796875 0.0234375 0.04140625
0 0.0859375 0.1203125 0.0234375 0.03203125
0 0.48359375 0.1203125 0.0234375 0.03203125
0 0.68984375 0.125 0.01875 0.03671875
0 0.04140625 0.125 0.01875 0.028125
0 0.653125 0.125 0.01875 0.0234375
0 0.78046875 0.125 0.01875 0.028125
0 0.38203125 0.12734375 0.01875 0.0234375
0 0.053125 0.12734375 0.01875 0.04140625
0 0.321875 0.1296875 0.03203125 0.03671875
0 0.52578125 0.13203125 0.01875 0.028125
0 0.42109375 0.134375 0.01875 0.028125
0 0.215625 0.13671875 0.01875 0.03671875
0 0.25703125 0.13671875 0.0234375 0.04140625
0 0.35625 0.13671875 0.0234375 0.03203125
0 0.90078125 0.13671875 0.0234375 0.028125
0 0.64140625 0.1390625 0.0234375 0.03203125
0 0.34296875 0.1390625 0.0234375 0.028125
0 0.71953125 0.1390625 0.01875 0.028125
0 0.39609375 0.1390625 0.0140625 0.0234375
0 0.73828125 0.14375 0.01875 0.03203125
0 0.68046875 0.14375 0.0234375 0.03671875
0 0.81953125 0.14375 0.0140625 0.0234375
0 0.87265625 0.14375 0.01875 0.028125
0 0.83359375 0.14609375 0.01875 0.028125
0 0.79375 0.14609375 0.028125 0.028125
0 0.85390625 0.14609375 0.01875 0.028125
0 0.75 0.14609375 0.01875 0.01875
0 0.2734375 0.1484375 0.0234375 0.028125
0 0.034375 0.15078125 0.028125 0.03203125
0 0.5625 0.15078125 0.0234375 0.03671875
0 0.50703125 0.153125 0.01875 0.028125
0 0.98828125 0.153125 0.0140625 0.028125
0 0.54375 0.153125 0.0234375 0.03203125
0 0.615625 0.15546875 0.01875 0.028125
0 0.465625 0.15546875 0.028125 0.03203125
0 0.8796875 0.15546875 0.0140625 0.028125
0 0.946875 0.15546875 0.0234375 0.028125
0 0.57890625 0.15703125 0.0234375 0.03203125
0 0.13671875 0.15703125 0.028125 0.03203125
0 0.659375 0.15703125 0.0234375 0.03671875
0 0.52109375 0.159375 0.01875 0.028125
0 0.0859375 0.159375 0.028125 0.04140625
0 0.6921875 0.16171875 0.0234375 0.03203125
0 0.75 0.16171875 0.0140625 0.028125
0 0.90546875 0.16640625 0.01875 0.03203125
0 0.92578125 0.16875 0.0140625 0.0234375
0 0.79375 0.17109375 0.0140625 0.01875
0 0.875 0.17109375 0.0234375 0.028125
0 0.778125 0.1734375 0.028125 0.04140625
0 0.9421875 0.1734375 0.01875 0.028125
0 0.62734375 0.17578125 0.01875 0.03671875
0 0.803125 0.17578125 0.01875 0.03203125
0 0.6390625 0.178125 0.028125 0.04140625
0 0.9765625 0.178125 0.01875 0.03203125
0 0.84453125 0.18046875 0.01875 0.03203125
0 0.99296875 0.1828125 0.0140625 0.028125
0 0.9859375 0.18515625 0.01875 0.028125
0 0.82421875 0.18515625 0.0234375 0.028125
0 0.028125 0.18984375 0.0234375 0.03203125
0 0.73125 0.18984375 0.0234375 0.03671875
0 0.92109375 0.1921875 0.01875 0.028125
0 0.875 0.19453125 0.028125 0.028125
0 0.553125 0.196875 0.028125 0.03203125
0 0.20625 0.21796875 0.0234375 0.028125
0 0.678125 0.21796875 0.01875 0.028125
0 0.25703125 0.221875 0.0234375 0.04140625
0 0.19453125 0.221875 0.0140625 0.03203125
0 0.18046875 0.221875 0.028125 0.04609375
0 0.034375 0.22421875 0.028125 0.04140625
0 0.3125 0.2265625 0.03203125 0.04140625
0 0.10390625 0.23359375 0.028125 0.04140625
0 0.721875 0.240625 0.0234375 0.028125
0 0.3515625 0.24296875 0.028125 0.03671875
0 0.221875 0.2453125 0.028125 0.03671875
0 0.39375 0.24765625 0.0234375 0.03671875
0 0.2015625 0.24765625 0.0234375 0.03203125
0 0.43515625 0.25 0.0234375 0.04140625
0 0.50703125 0.25234375 0.028125 0.04609375
0 0.55546875 0.259375 0.028125 0.03671875
0 0.45390625 0.26171875 0.028125 0.03671875
0 0.26171875 0.26640625 0.0234375 0.04140625
0 0.615625 0.27578125 0.01875 0.0234375
0 0.89375 0.278125 0.028125 0.04140625
0 0.58828125 0.278125 0.0234375 0.028125
0 0.8171875 0.28046875 0.0234375 0.04140625
0 0.846875 0.28046875 0.028125 0.03203125
0 0.31484375 0.28203125 0.0234375 0.04140625
0 0.99296875 0.28671875 0.0140625 0.01875
0 0.75234375 0.28671875 0.01875 0.0234375
0 0.64140625 0.2890625 0.01875 0.0234375
0 0.93515625 0.2890625 0.028125 0.03671875
0 0.14609375 0.03046875 0.028125 0.03671875
0 0.54140625 0.29375 0.028125 0.03671875
0 0.6921875 0.29375 0.01875 0.03671875
0 0.7734375 0.29609375 0.01875 0.04140625
0 0.70625 0.29609375 0.028125 0.03203125
0 0.6109375 0.2984375 0.01875 0.0234375
0 0.7359375 0.303125 0.01875 0.03203125
0 0.990625 0.31015625 0.01875 0.03203125
0 0.8078125 0.31015625 0.028125 0.03203125
0 0.25234375 0.31015625 0.028125 0.03671875
0 0.17109375 0.3125 0.03203125 0.05546875
0 0.74765625 0.3125 0.01875 0.03203125
0 0.84296875 0.3171875 0.01875 0.03203125
0 0.9140625 0.31953125 0.0234375 0.028125
0 0.58828125 0.321875 0.01875 0.04609375
0 0.33828125 0.32421875 0.03203125 0.03671875
0 0.9515625 0.3265625 0.03203125 0.04609375
0 0.65078125 0.3265625 0.01875 0.03671875
0 0.715625 0.33359375 0.0234375 0.04140625
0 0.403125 0.34453125 0.03203125 0.04609375
0 0.79609375 0.35390625 0.028125 0.04140625
0 0.846875 0.35390625 0.0234375 0.03671875
0 0.98359375 0.35625 0.028125 0.03203125
0 0.8984375 0.36796875 0.0234375 0.03671875
0 0.85390625 0.38203125 0.0234375 0.028125
0 0.3078125 0.3890625 0.028125 0.04609375
0 0.3609375 0.39140625 0.028125 0.04140625
0 0.14140625 0.39140625 0.028125 0.04140625
0 0.6296875 0.403125 0.03203125 0.04140625
0 0.178125 0.40703125 0.03203125 0.03671875
0 0.803125 0.41171875 0.028125 0.04609375
0 0.54609375 0.41171875 0.03203125 0.04140625
0 0.05546875 0.4140625 0.028125 0.05078125
0 0.5234375 0.41875 0.01875 0.03203125
0 0.92578125 0.4234375 0.028125 0.04140625
0 0.9859375 0.4328125 0.028125 0.05078125
0 0.875 0.43515625 0.03203125 0.04140625
0 0.68046875 0.4421875 0.028125 0.04609375
0 0.55078125 0.471875 0.03671875 0.04140625
0 0.48828125 0.4765625 0.028125 0.05078125
0 0.0484375 0.0484375 0.0234375 0.03671875
0 0.73125 0.5 0.028125 0.04140625
0 0.00703125 0.05078125 0.0140625 0.03671875
0 0.66171875 0.50234375 0.028125 0.03671875
0 0.77109375 0.5046875 0.03203125 0.04140625
0 0.1109375 0.05078125 0.0140625 0.01875
0 0.1734375 0.51171875 0.03203125 0.04140625
0 0.90546875 0.52109375 0.028125 0.04609375
0 0.98125 0.52578125 0.03203125 0.04609375
0 0.259375 0.5390625 0.028125 0.04609375
0 0.0859375 0.54375 0.03203125 0.05078125
0 0.36796875 0.553125 0.028125 0.05546875
0 0.79609375 0.571875 0.03203125 0.05078125
0 0.64609375 0.57421875 0.03671875 0.04140625
0 0.8609375 0.5765625 0.028125 0.04140625
0 0.71953125 0.58125 0.03671875 0.05546875
0 0.03046875 0.06015625 0.01875 0.03203125
0 0.8984375 0.6015625 0.03203125 0.04140625
0 0.4609375 0.6203125 0.03671875 0.05078125
0 0.3265625 0.6296875 0.03203125 0.05546875
0 0.54140625 0.634375 0.03203125 0.05546875
0 0.04375 0.653125 0.03671875 0.05546875
0 0.40703125 0.65546875 0.0234375 0.05078125
0 0.09453125 0.06484375 0.028125 0.03203125
0 0.64375 0.66171875 0.03671875 0.06484375
0 0.2015625 0.0671875 0.0234375 0.03671875
0 0.715625 0.68984375 0.04140625 0.05078125
0 0.95625 0.68984375 0.028125 0.05078125
0 0.903125 0.69453125 0.028125 0.04609375
0 0.81015625 0.69453125 0.03671875 0.04609375
0 0.15546875 0.071875 0.0234375 0.0234375
0 0.20625 0.70625 0.03203125 0.05078125
0 0.45625 0.71328125 0.03671875 0.05078125
0 0.375 0.71796875 0.03203125 0.04140625
0 0.14140625 0.72421875 0.028125 0.04609375
0 0.27578125 0.7265625 0.03671875 0.04609375
0 0.1109375 0.07421875 0.01875 0.03203125
0 0.02109375 0.740625 0.03203125 0.05078125
0 0.37734375 0.75703125 0.03671875 0.06015625
0 0.35625 0.0765625 0.0234375 0.0234375
0 0.125 0.78203125 0.0234375 0.04140625
0 0.05546875 0.07890625 0.0234375 0.028125
0 0.14140625 0.08125 0.01875 0.028125
0 0.27109375 0.81015625 0.028125 0.04609375
0 0.25703125 0.08125 0.0140625 0.0234375
0 0.07421875 0.08125 0.0234375 0.03203125
0 0.79375 0.821875 0.04140625 0.05546875
0 0.946875 0.83359375 0.03671875 0.05546875
0 0.29140625 0.08359375 0.0140625 0.03203125
0 0.875 0.83828125 0.03671875 0.05546875
0 0.01875 0.0859375 0.028125 0.03671875
0 0.22890625 0.0859375 0.01875 0.03671875
0 0.98828125 0.85390625 0.009375 0.01875
0 0.571875 0.86796875 0.04140625 0.06015625
0 0.31953125 0.08828125 0.01875 0.028125
0 0.50234375 0.87734375 0.04140625 0.05546875
0 0.24296875 0.08828125 0.0140625 0.03203125
0 0.278125 0.08828125 0.0140625 0.028125
0 0.2640625 0.88203125 0.03203125 0.04140625
0 0.7984375 0.88203125 0.03671875 0.04609375
0 0.69453125 0.88203125 0.03671875 0.04609375
0 0.4375 0.884375 0.04609375 0.04140625
0 0.21328125 0.89375 0.03671875 0.0234375
0 0.24765625 0.8984375 0.0234375 0.01875
0 0.409375 0.09296875 0.0234375 0.028125
0 0.3359375 0.09453125 0.0140625 0.0140625
0 0.375 0.096875 0.028125 0.0234375
0 0.27109375 0.096875 0.009375 0.028125
0 0.4859375 0.096875 0.0140625 0.01875
0 0.17578125 0.1015625 0.0234375 0.03203125
0 0.15546875 0.1015625 0.0234375 0.028125
0 0.39609375 0.1015625 0.01875 0.03203125