0 0.2359375 0.49296875 0.0234375 0.028125
0 0.93515625 0.50703125 0.0234375 0.03671875
0 0.009375 0.51171875 0.01875 0.04140625
0 0.0671875 0.51875 0.0234375 0.04609375
0 0.125 0.5234375 0.0234375 0.04140625
0 0.17109375 0.52578125 0.01875 0.03203125
0 0.428125 0.534375 0.009375 0.0140625
0 0.41171875 0.53671875 0.0140625 0.01875
0 0.44921875 0.5390625 0.0140625 0.01875
0 0.43515625 0.54140625 0.009375 0.01875
0 0.5 0.54375 0.0140625 0.01875
0 0.2546875 0.54609375 0.01875 0.0234375
0 0.08828125 0.5484375 0.01875 0.03203125
0 0.1828125 0.5484375 0.0046875 0.0140625
0 0.29375 0.55078125 0.009375 0.0140625
0 0.4234375 0.553125 0.0234375 0.028125
0 0.3890625 0.553125 0.009375 0.0140625
0 0.02109375 0.553125 0.0140625 0.01875
0 0.35859375 0.553125 0.0140625 0.01875
0 0.1921875 0.55546875 0.0046875 0.01875
0 0.303125 0.5578125 0.0046875 0.0140625
0 0.33359375 0.5578125 0.009375 0.0140625
0 0.31953125 0.5578125 0.0046875 0.009375
0 0.3703125 0.5578125 0.009375 0.0140625
0 0.375 0.5578125 0.009375 0.009375
0 0.58125 0.56015625 0.0046875 0.0140625
0 0.028125 0.56015625 0.009375 0.028125
0 0.34921875 0.56015625 0.009375 0.0140625
0 0.20625 0.56015625 0.009375 0.01875
0 0.53203125 0.56015625 0.0046875 0.0046875
0 0.59453125 0.56015625 0.0046875 0.0046875
0 0.6828125 0.56015625 0.0046875 0.0046875
0 0.67109375 0.56015625 0.0046875 0.009375
0 0.51875 0.56015625 0.0046875 0.0046875
0 0.3609375 0.5625 0.0046875 0.009375
0 0.46953125 0.5625 0.0046875 0.009375
0 0.57421875 0.5625 0.0046875 0.009375
0 0.61328125 0.5625 0.009375 0.009375
0 0.625 0.5625 0.0046875 0.009375
0 0.6109375 0.5625 0.0046875 0.009375
0 0.48125 0.5625 0.0046875 0.0046875
0 0.653125 0.5625 0.0046875 0.0140625
0 0.65703125 0.5625 0.0046875 0.0046875
0 0.7453125 0.5625 0.009375 0.01875
0 0.903125 0.5625 0.0046875 0.009375
0 0.66640625 0.5625 0.0046875 0.009375
0 0.5234375 0.56484375 0.0046875 0.009375
0 0.48359375 0.56484375 0.0046875 0.0046875
0 0.65078125 0.56484375 0.0046875 0.009375
0 0.64140625 0.56484375 0.009375 0.009375
0 0.634375 0.56484375 0.0046875 0.009375
0 0.78671875 0.5671875 0.0046875 0.009375
0 0.571875 0.5671875 0.0046875 0.0140625
0 0.51171875 0.5671875 0.0046875 0.009375
0 0.4765625 0.5671875 0.009375 0.009375
0 0.6015625 0.5671875 0.009375 0.0140625
0 0.5671875 0.5671875 0.0046875 0.009375
0 0.39609375 0.5671875 0.009375 0.0140625
0 0.6734375 0.5671875 0.0046875 0.0046875
0 0.60625 0.5671875 0.009375 0.009375
0 0.553125 0.56953125 0.0046875 0.009375
0 0.62734375 0.56953125 0.0046875 0.009375
0 0.70859375 0.56953125 0.0046875 0.0046875
0 0.59453125 0.56953125 0.0046875 0.0140625
0 0.69921875 0.56953125 0.0046875 0.0046875
0 0.5625 0.56953125 0.009375 0.0140625
0 0.740625 0.56953125 0.0046875 0.0046875
0 0.68984375 0.56953125 0.0046875 0.0046875
0 0.678125 0.56953125 0.0046875 0.0046875
0 0.88671875 0.56953125 0.0046875 0.0046875
0 0.321875 0.571875 0.009375 0.009375
0 0.7734375 0.571875 0.0046875 0.0046875
0 0.625 0.571875 0.0046875 0.009375
0 0.73125 0.571875 0.0046875 0.0046875
0 0.8171875 0.571875 0.0046875 0.0046875
0 0.76640625 0.571875 0.009375 0.009375
0 0.84921875 0.571875 0.0046875 0.0046875
0 0.86328125 0.571875 0.0046875 0.0046875
0 0.884375 0.571875 0.0046875 0.0046875
0 0.80546875 0.571875 0.009375 0.01875
0 0.70390625 0.571875 0.0046875 0.0046875
0 0.86796875 0.571875 0.0046875 0.0046875
0 0.7359375 0.57421875 0.0046875 0.0046875
0 0.8890625 0.57421875 0.0046875 0.009375
0 0.84296875 0.57421875 0.0046875 0.0046875
0 0.70625 0.57421875 0.0046875 0.009375
0 0.7109375 0.57421875 0.0046875 0.0046875
0 0.79375 0.57421875 0.0046875 0.009375
0 0.8125 0.57421875 0.0046875 0.009375
0 0.51640625 0.57421875 0.0046875 0.009375
0 0.8359375 0.57421875 0.0046875 0.0046875
0 0.77578125 0.57421875 0.0046875 0.009375
0 0.8265625 0.57421875 0.0046875 0.0046875
0 0.87734375 0.57421875 0.0046875 0.009375
0 0.85625 0.57421875 0.0046875 0.009375
0 0.87265625 0.5765625 0.0046875 0.009375
0 0.83359375 0.5765625 0.0046875 0.009375
0 0.29609375 0.57890625 0.028125 0.04140625
0 0.740625 0.58125 0.009375 0.0140625
0 0.19921875 0.58125 0.009375 0.0140625
0 0.46328125 0.58125 0.009375 0.0140625
0 0.69921875 0.58125 0.0046875 0.0046875
0 0.721875 0.58125 0.01875 0.028125
0 0.75703125 0.58359375 0.009375 0.009375
0 0.8609375 0.58359375 0.0046875 0.0046875
0 0.85390625 0.5859375 0.0046875 0.009375
0 0.875 0.5859375 0.0046875 0.009375
0 0.81484375 0.5859375 0.009375 0.009375
0 0.8359375 0.5859375 0.0046875 0.0046875
0 0.6921875 0.5859375 0.0046875 0.009375
0 0.64140625 0.58828125 0.0046875 0.009375
0 0.659375 0.58828125 0.0046875 0.0046875
0 0.74765625 0.58828125 0.009375 0.0046875
0 0.69453125 0.58828125 0.0046875 0.0046875
0 0.60625 0.590625 0.009375 0.009375
0 0.31953125 0.590625 0.0140625 0.01875
0 0.66875 0.590625 0.0046875 0.0046875
0 0.68046875 0.590625 0.0046875 0.009375
0 0.66640625 0.590625 0.0046875 0.009375
0 0.61328125 0.590625 0.0046875 0.009375
0 0.76640625 0.590625 0.009375 0.009375
0 0.84296875 0.590625 0.0046875 0.009375
0 0.74296875 0.590625 0.009375 0.009375
0 0.7015625 0.590625 0.0046875 0.009375
0 0.83359375 0.590625 0.009375 0.009375
0 0.6296875 0.590625 0.0046875 0.009375
0 0.81953125 0.59296875 0.0140625 0.0140625
0 0.46796875 0.59296875 0.009375 0.0140625
0 0.59921875 0.59296875 0.0046875 0.0046875
0 0.7109375 0.59296875 0.0140625 0.0140625
0 0.846875 0.59296875 0.009375 0.009375
0 0.8609375 0.59296875 0.009375 0.009375
0 0.7359375 0.59296875 0.0140625 0.0140625
0 0.4765625 0.59453125 0.009375 0.01875
0 0.58125 0.59453125 0.009375 0.009375
0 0.69453125 0.59453125 0.0046875 0.0046875
0 0.80546875 0.59453125 0.009375 0.009375
0 0.778125 0.59453125 0.009375 0.0140625
0 0.63671875 0.59453125 0.009375 0.0046875
0 0.625 0.59453125 0.0046875 0.009375
0 0.74765625 0.59453125 0.009375 0.009375
0 0.83828125 0.59453125 0.0046875 0.0046875
0 0.88203125 0.59453125 0.009375 0.0046875
0 0.7890625 0.59453125 0.009375 0.0140625
0 0.590625 0.596875 0.009375 0.009375
0 0.60390625 0.596875 0.0046875 0.009375
0 0.5625 0.596875 0.009375 0.0140625
0 0.7984375 0.596875 0.009375 0.0140625
0 0.52578125 0.596875 0.01875 0.0234375
0 0.34453125 0.596875 0.0046875 0.009375
0 0.76171875 0.596875 0.009375 0.009375
0 0.8984375 0.596875 0.009375 0.0140625
0 0.6109375 0.596875 0.009375 0.009375
0 0.46953125 0.59921875 0.009375 0.0140625
0 0.83125 0.59921875 0.009375 0.0140625
0 0.509375 0.59921875 0.0140625 0.0140625
0 0.64609375 0.6015625 0.009375 0.01875
0 0.89140625 0.6015625 0.009375 0.0140625
0 0.65078125 0.6015625 0.009375 0.01875
0 0.85625 0.6015625 0.009375 0.0140625
0 0.58359375 0.6015625 0.0046875 0.009375
0 0.01640625 0.6015625 0.0140625 0.028125
0 0.7015625 0.60390625 0.009375 0.0140625
0 0.81953125 0.60390625 0.009375 0.0140625
0 0.5484375 0.60390625 0.009375 0.0140625
0 0.5390625 0.60390625 0.0140625 0.01875
0 0.365625 0.60390625 0.0234375 0.028125
0 0.49296875 0.60390625 0.01875 0.028125
0 0.59921875 0.60390625 0.009375 0.0140625
0 0.57421875 0.60625 0.009375 0.01875
0 0.63671875 0.60625 0.009375 0.01875
0 0.346875 0.60625 0.009375 0.01875
0 0.875 0.60625 0.0140625 0.01875
0 0.3359375 0.60625 0.009375 0.009375
0 0.615625 0.60625 0.009375 0.01875
0 0.65546875 0.60625 0.009375 0.028125
0 0.865625 0.60859375 0.009375 0.0234375
0 0.08828125 0.615625 0.0234375 0.0234375
0 0.56484375 0.615625 0.0140625 0.01875
0 0.03671875 0.61796875 0.01875 0.0234375
0 0.5859375 0.61796875 0.01875 0.01875
0 0.7453125 0.61796875 0.01875 0.028125
0 0.67109375 0.61796875 0.0234375 0.03671875
0 0.47890625 0.61796875 0.0234375 0.03203125
0 0.84921875 0.62265625 0.03203125 0.04609375
0 0.20625 0.62265625 0.04140625 0.04609375
0 0.5234375 0.62265625 0.0234375 0.03203125
0 0.76640625 0.625 0.028125 0.03671875
0 0.90546875 0.625 0.028125 0.05078125
0 0.509375 0.625 0.0140625 0.028125
0 0.071875 0.62734375 0.01875 0.03203125
0 0.57890625 0.6296875 0.009375 0.03671875
0 0.7984375 0.6296875 0.03671875 0.04609375
0 0.946875 0.63203125 0.03203125 0.04140625
0 0.4515625 0.63203125 0.0234375 0.03671875
0 0.96328125 0.63671875 0.028125 0.05078125
0 0.98359375 0.63671875 0.0234375 0.05078125
0 0.115625 0.64375 0.03671875 0.04140625
0 0.6015625 0.64375 0.03203125 0.05546875
0 0.428125 0.64609375 0.03671875 0.05078125
0 0.69453125 0.6484375 0.0234375 0.06015625
0 0.36328125 0.65078125 0.03671875 0.05078125
0 0.759375 0.653125 0.04140625 0.03671875
0 0.92109375 0.65546875 0.03203125 0.03671875
0 0.196875 0.6640625 0.04140625 0.06953125
0 0.66171875 0.6734375 0.04609375 0.07421875
0 0.04375 0.67578125 0.06015625 0.07421875
0 0.9515625 0.68984375 0.03671875 0.06953125
0 0.91875 0.6921875 0.03671875 0.06015625
0 0.46953125 0.69921875 0.03671875 0.08359375
0 0.73359375 0.70859375 0.05078125 0.08828125
0 0.278125 0.721875 0.03671875 0.06484375
0 0.52578125 0.721875 0.05078125 0.1015625
0 0.909375 0.73125 0.04140625 0.08359375
0 0.8359375 0.73828125 0.10625 0.14375
0 0.12734375 0.74765625 0.06015625 0.09296875
0 0.98828125 0.75 0.0234375 0.125
0 0.33828125 0.78203125 0.09296875 0.14375
0 0.6109375 0.81953125 0.096875 0.17109375
0 0.08515625 0.89296875 0.1703125 0.2140625