0 0.16875 0.20390625 0.0046875 0.0046875
0 0.15078125 0.20390625 0.0046875 0.0046875
0 0.19921875 0.20390625 0.0046875 0.0046875
0 0.21953125 0.20390625 0.0046875 0.009375
0 0.2359375 0.20625 0.0046875 0.009375
0 0.33828125 0.20625 0.0046875 0.0046875
0 0.365625 0.20625 0.009375 0.0140625
0 0.471875 0.20625 0.0046875 0.009375
0 0.16171875 0.20625 0.0046875 0.0140625
0 0.178125 0.20859375 0.0046875 0.0046875
0 0.4234375 0.20859375 0.0046875 0.009375
0 0.35390625 0.2109375 0.009375 0.0046875
0 0.384375 0.21328125 0.009375 0.0140625
0 0.32890625 0.21328125 0.009375 0.01875
0 0.37265625 0.21328125 0.009375 0.0140625
0 0.509375 0.21328125 0.0046875 0.0140625
0 0.3890625 0.215625 0.0046875 0.0140625
0 0.48125 0.215625 0.009375 0.01875
0 0.41875 0.21796875 0.0046875 0.0140625
0 0.7640625 0.21796875 0.009375 0.0140625
0 0.81484375 0.21796875 0.009375 0.0140625
0 0.50234375 0.21796875 0.009375 0.0140625
0 0.65078125 0.21796875 0.0140625 0.0140625
0 0.465625 0.22421875 0.009375 0.01875
0 0.8171875 0.2359375 0.009375 0.0140625
0 0.27578125 0.25703125 0.0234375 0.03671875
0 0.31015625 0.259375 0.0234375 0.03203125
0 0.053125 0.26171875 0.01875 0.0234375
0 0.03671875 0.28046875 0.028125 0.03203125
0 0.24765625 0.28671875 0.03203125 0.05078125
0 0.56484375 0.30546875 0.028125 0.03203125
0 0.1015625 0.3078125 0.0234375 0.028125
0 0.13203125 0.3078125 0.0234375 0.03671875
0 0.66640625 0.31015625 0.03671875 0.03671875
0 0.2359375 0.31953125 0.028125 0.04609375
0 0.86328125 0.32421875 0.04140625 0.05546875
0 0.2890625 0.3265625 0.0234375 0.028125
0 0.60625 0.3265625 0.028125 0.03203125
0 0.553125 0.32890625 0.03671875 0.04140625
0 0.409375 0.33359375 0.03203125 0.04609375
0 0.30078125 0.33828125 0.0234375 0.03671875
0 0.26875 0.340625 0.03671875 0.04140625
0 0.65546875 0.34296875 0.03203125 0.04140625
0 0.78671875 0.3609375 0.03203125 0.05546875
0 0.18046875 0.36328125 0.028125 0.04140625
0 0.34296875 0.3703125 0.028125 0.04609375
0 0.59921875 0.37265625 0.03203125 0.06015625
0 0.028125 0.375 0.03203125 0.05546875
0 0.54140625 0.375 0.03203125 0.04609375
0 0.76171875 0.37734375 0.03203125 0.05546875
0 0.69453125 0.37734375 0.03671875 0.04609375
0 0.09921875 0.3796875 0.03203125 0.03671875
0 0.07890625 0.384375 0.01875 0.03203125
0 0.3703125 0.3890625 0.03671875 0.06015625
0 0.15703125 0.3984375 0.03203125 0.05078125
0 0.8171875 0.41875 0.04140625 0.05546875
0 0.5859375 0.428125 0.04140625 0.05546875
0 0.28046875 0.44453125 0.04140625 0.06484375
0 0.4234375 0.45390625 0.06015625 0.08359375
0 0.14140625 0.5046875 0.05546875 0.07421875
0 0.61328125 0.509375 0.04140625 0.06953125
0 0.803125 0.51171875 0.05546875 0.07421875
0 0.98359375 0.54609375 0.03203125 0.06484375
0 0.39375 0.5484375 0.04140625 0.06484375
0 0.24765625 0.5859375 0.04609375 0.05546875
0 0.3515625 0.653125 0.06015625 0.05546875
0 0.00703125 0.65703125 0.009375 0.0046875
0 0.12265625 0.7109375 0.07890625 0.10625
0 0.33828125 0.71953125 0.06015625 0.08828125
0 0.84921875 0.78046875 0.05078125 0.08359375
0 0.625 0.80078125 0.06484375 0.07890625
0 0.50234375 0.80078125 0.06484375 0.08828125
0 0.28671875 0.82421875 0.08359375 0.09296875
0 0.81484375 0.8265625 0.06015625 0.096875