0 0.14609375 0.36796875 0.009375 0.0140625
0 0.15703125 0.3703125 0.009375 0.0140625
0 0.41640625 0.3703125 0.009375 0.0140625
0 0.18984375 0.37265625 0.009375 0.0140625
0 0.375 0.3796875 0.009375 0.009375
0 0.428125 0.3796875 0.009375 0.009375
0 0.04375 0.38203125 0.0140625 0.0140625
0 0.38671875 0.384375 0.0140625 0.0140625
0 0.23828125 0.38671875 0.0140625 0.0140625
0 0.2265625 0.38671875 0.0046875 0.0140625
0 0.33359375 0.3890625 0.009375 0.0140625
0 0.43984375 0.3890625 0.009375 0.0046875
0 0.17578125 0.3890625 0.0140625 0.01875
0 0.03046875 0.3890625 0.0140625 0.01875
0 0.54375 0.3890625 0.0140625 0.0140625
0 0.321875 0.39140625 0.009375 0.009375
0 0.346875 0.39140625 0.0140625 0.0140625
0 0.39609375 0.39140625 0.009375 0.009375
0 0.215625 0.39140625 0.0046875 0.0140625
0 0.1203125 0.39140625 0.0140625 0.01875
0 0.20390625 0.39375 0.0140625 0.0140625
0 0.971875 0.39375 0.009375 0.0140625
0 0.278125 0.39609375 0.0140625 0.01875
0 0.553125 0.39609375 0.0046875 0.0140625
0 0.5625 0.39609375 0.0046875 0.009375
0 0.0046875 0.3984375 0.009375 0.0234375
0 0.10625 0.3984375 0.0140625 0.0140625
0 0.3265625 0.403125 0.0140625 0.0140625
0 0.17578125 0.409375 0.0140625 0.01875
0 0.96328125 0.41171875 0.01875 0.0234375
0 0.94453125 0.41640625 0.009375 0.01875
0 0.2734375 0.41875 0.0140625 0.01875
0 0.9234375 0.42109375 0.0140625 0.0140625
0 0.6875 0.42578125 0.01875 0.03203125
0 0.9375 0.42578125 0.0140625 0.0234375
0 0.58828125 0.43046875 0.028125 0.03671875
0 0.99296875 0.4328125 0.0140625 0.01875
0 0.97890625 0.4375 0.0140625 0.0234375
0 0.92109375 0.43984375 0.0140625 0.0234375
0 0.50703125 0.4421875 0.01875 0.03671875
0 0.053125 0.4421875 0.03203125 0.03671875
0 0.9609375 0.4421875 0.01875 0.01875
0 0.2265625 0.44453125 0.028125 0.03671875
0 0.6109375 0.44453125 0.01875 0.0234375
0 0.44921875 0.44921875 0.0140625 0.01875
0 0.33125 0.4515625 0.03203125 0.04609375
0 0.5765625 0.4515625 0.01875 0.0234375
0 0.95625 0.45625 0.0140625 0.01875
0 0.53203125 0.45859375 0.04140625 0.04609375
0 0.63671875 0.45859375 0.028125 0.028125
0 0.27578125 0.4609375 0.0234375 0.03203125
0 0.26171875 0.4609375 0.0234375 0.028125
0 0.365625 0.4609375 0.03203125 0.04609375
0 0.553125 0.4609375 0.01875 0.03203125
0 0.14140625 0.4609375 0.028125 0.04609375
0 0.93515625 0.46328125 0.0140625 0.0140625
0 0.46953125 0.46796875 0.028125 0.04140625
0 0.96796875 0.46953125 0.01875 0.01875
0 0.39609375 0.471875 0.028125 0.04609375
0 0.12265625 0.471875 0.03671875 0.04609375
0 0.3078125 0.4765625 0.03671875 0.04609375
0 0.18515625 0.48125 0.028125 0.04140625
0 0.2265625 0.48359375 0.04140625 0.06015625
0 0.16875 0.4953125 0.0234375 0.04140625
0 0.03203125 0.50234375 0.03203125 0.05546875
0 0.509375 0.5046875 0.028125 0.06953125
0 0.98125 0.509375 0.028125 0.06484375
0 0.9375 0.509375 0.03671875 0.05078125
0 0.4765625 0.5140625 0.04140625 0.05078125
0 0.1015625 0.51640625 0.03671875 0.05078125
0 0.403125 0.52109375 0.028125 0.03203125
0 0.68046875 0.52578125 0.0234375 0.0234375
0 0.0140625 0.52578125 0.028125 0.06953125
0 0.52578125 0.52578125 0.03671875 0.06484375
0 0.3171875 0.54140625 0.04140625 0.05546875
0 0.81015625 0.5625 0.04140625 0.06015625
0 0.9421875 0.56484375 0.03203125 0.05078125
0 0.70859375 0.5671875 0.01875 0.05546875
0 0.43046875 0.56953125 0.04140625 0.05078125
0 0.72890625 0.57421875 0.028125 0.04140625
0 0.68984375 0.5765625 0.03671875 0.06484375
0 0.90546875 0.57890625 0.03671875 0.05078125
0 0.59453125 0.65078125 0.04140625 0.06484375
0 0.571875 0.75234375 0.04140625 0.05546875