0 0.06953125 0.1296875 0.07421875 0.1109375
0 0.4609375 0.13203125 0.08359375 0.115625
0 0.26640625 0.178125 0.07890625 0.1203125
0 0.56015625 0.1875 0.08359375 0.1203125
0 0.11796875 0.21328125 0.07421875 0.09296875
0 0.721875 0.21953125 0.09296875 0.115625
0 0.37734375 0.25234375 0.08359375 0.09296875
0 0.97421875 0.25703125 0.05078125 0.1109375
0 0.50703125 0.2640625 0.07890625 0.1015625
0 0.88671875 0.27578125 0.08359375 0.08828125
0 0.65546875 0.321875 0.07890625 0.09296875
0 0.16875 0.35390625 0.096875 0.1296875
0 0.27578125 0.3609375 0.08359375 0.134375
0 0.83125 0.37734375 0.08828125 0.134375
0 0.04140625 0.4203125 0.0828125 0.165625
0 0.4859375 0.42578125 0.09296875 0.1390625
0 0.71796875 0.45390625 0.07890625 0.134375
0 0.40078125 0.053125 0.07890625 0.1015625
0 0.38203125 0.55078125 0.09296875 0.1203125
0 0.14609375 0.05546875 0.07421875 0.08359375
0 0.9578125 0.5546875 0.084375 0.18125
0 0.58125 0.56015625 0.08359375 0.1296875
0 0.221875 0.0578125 0.06953125 0.07890625
0 0.153125 0.6296875 0.10625 0.153125
0 0.78671875 0.653125 0.09296875 0.134375
0 0.6734375 0.759375 0.1296875 0.14375
0 0.03671875 0.821875 0.0734375 0.153125
0 0.8890625 0.86328125 0.125 0.16640625
0 0.48828125 0.87734375 0.134375 0.15703125
0 0.2453125 0.88203125 0.134375 0.19453125
0 0.903125 0.10390625 0.07890625 0.1109375
0 0.784375 0.10859375 0.096875 0.10625
0 0.625 0.11328125 0.08359375 0.115625