0 0.78203125 0.10859375 0.03203125 0.03671875
0 0.6484375 0.1109375 0.04140625 0.03203125
0 0.553125 0.1109375 0.03671875 0.04609375
0 0.48359375 0.11328125 0.04140625 0.03671875
0 0.73125 0.11796875 0.04140625 0.04140625
0 0.159375 0.1203125 0.03671875 0.028125
0 0.84296875 0.12265625 0.03203125 0.0234375
0 0.90703125 0.12265625 0.03203125 0.03671875
0 0.0140625 0.125 0.028125 0.06015625
0 0.05078125 0.12734375 0.04140625 0.04609375
0 0.39609375 0.13671875 0.028125 0.03203125
0 0.22421875 0.1390625 0.028125 0.03203125
0 0.528125 0.1390625 0.05078125 0.04609375
0 0.5859375 0.14375 0.03671875 0.06484375
0 0.4328125 0.14609375 0.03203125 0.04609375
0 0.409375 0.01640625 0.028125 0.03203125
0 0.8171875 0.1484375 0.03671875 0.04140625
0 0.73359375 0.15078125 0.028125 0.03671875
0 0.09296875 0.153125 0.03203125 0.03203125
0 0.6390625 0.153125 0.06015625 0.04609375
0 0.70390625 0.15546875 0.03671875 0.04140625
0 0.78671875 0.159375 0.03671875 0.03203125
0 0.88203125 0.1640625 0.04609375 0.04609375
0 0.1296875 0.1640625 0.0234375 0.04609375
0 0.82890625 0.01640625 0.03671875 0.03203125
0 0.375 0.17109375 0.03671875 0.04609375
0 0.846875 0.1734375 0.04140625 0.06015625
0 0.97421875 0.178125 0.04140625 0.07890625
0 0.9328125 0.1828125 0.03671875 0.05546875
0 0.04140625 0.1828125 0.05078125 0.06953125
0 0.346875 0.1828125 0.05078125 0.06953125
0 0.54375 0.18515625 0.04140625 0.05546875
0 0.20390625 0.18515625 0.04140625 0.09296875
0 0.5671875 0.1875 0.04140625 0.07421875
0 0.490625 0.01875 0.028125 0.03671875
0 0.96953125 0.01875 0.03203125 0.03671875
0 0.50234375 0.1921875 0.04140625 0.04140625
0 0.62265625 0.196875 0.04140625 0.04140625
0 0.259375 0.19921875 0.04609375 0.05078125
0 0.7640625 0.20625 0.04140625 0.06484375
0 0.08359375 0.20859375 0.03671875 0.05546875
0 0.1640625 0.2109375 0.05078125 0.07890625
0 0.4140625 0.2109375 0.04140625 0.06484375
0 0.80546875 0.21796875 0.04609375 0.06015625
0 0.4609375 0.02109375 0.03203125 0.04140625
0 0.590625 0.0234375 0.028125 0.04140625
0 0.49296875 0.22421875 0.03671875 0.04609375
0 0.73125 0.2265625 0.06015625 0.07890625
0 0.11328125 0.2359375 0.04609375 0.05078125
0 0.66640625 0.02578125 0.028125 0.028125
0 0.66875 0.240625 0.06015625 0.08359375
0 0.3984375 0.25 0.05078125 0.06015625
0 0.553125 0.02578125 0.028125 0.03203125
0 0.88203125 0.2546875 0.05078125 0.096875
0 0.115625 0.02578125 0.0234375 0.05078125
0 0.20859375 0.028125 0.04140625 0.05078125
0 0.54609375 0.26171875 0.05546875 0.08828125
0 0.2265625 0.26171875 0.06484375 0.05078125
0 0.29140625 0.2640625 0.06015625 0.06484375
0 0.03046875 0.2640625 0.06015625 0.04140625
0 0.365625 0.26875 0.05546875 0.05546875
0 0.840625 0.27109375 0.06015625 0.07890625
0 0.63203125 0.028125 0.03203125 0.03203125
0 0.91640625 0.28671875 0.05078125 0.096875
0 0.65078125 0.2890625 0.05546875 0.09296875
0 0.92109375 0.03046875 0.028125 0.028125
0 0.3890625 0.03046875 0.028125 0.028125
0 0.465625 0.30546875 0.06953125 0.06015625
0 0.7984375 0.31484375 0.06484375 0.06953125
0 0.2265625 0.32890625 0.06015625 0.07421875
0 0.05078125 0.33125 0.05078125 0.06953125
0 0.96796875 0.34453125 0.05546875 0.115625
0 0.2984375 0.346875 0.06015625 0.1015625
0 0.5390625 0.36328125 0.06484375 0.07421875
0 0.3796875 0.36796875 0.06953125 0.1109375
0 0.92109375 0.3703125 0.05078125 0.07421875
0 0.61328125 0.375 0.06015625 0.096875
0 0.0390625 0.03671875 0.03671875 0.03203125
0 0.1875 0.384375 0.07421875 0.125
0 0.840625 0.39375 0.07421875 0.10625
0 0.03046875 0.39609375 0.06015625 0.115625
0 0.365625 0.0390625 0.0234375 0.05546875
0 0.56953125 0.0390625 0.028125 0.03671875
0 0.471875 0.40078125 0.08359375 0.1109375
0 0.68984375 0.40546875 0.06484375 0.096875
0 0.153125 0.40703125 0.06484375 0.1015625
0 0.759375 0.41640625 0.07421875 0.1109375
0 0.1921875 0.04375 0.03671875 0.04140625
0 0.55078125 0.44453125 0.07421875 0.1296875
0 0.08125 0.04609375 0.03203125 0.06015625
0 0.25703125 0.45625 0.06484375 0.08359375
0 0.31015625 0.46328125 0.03671875 0.05078125
0 0.8890625 0.46953125 0.06484375 0.07421875
0 0.51640625 0.04609375 0.04140625 0.03671875
0 0.784375 0.0484375 0.03203125 0.04140625
0 0.33828125 0.05078125 0.04140625 0.06015625
0 0.15546875 0.50234375 0.06484375 0.096875
0 0.66171875 0.50234375 0.08359375 0.125
0 0.9859375 0.51640625 0.028125 0.07421875
0 0.73125 0.53203125 0.07421875 0.125
0 0.01171875 0.053125 0.01875 0.03671875
0 0.71953125 0.053125 0.03671875 0.03671875
0 0.215625 0.54140625 0.05546875 0.05078125
0 0.82890625 0.05546875 0.04140625 0.03203125
0 0.875 0.05546875 0.04140625 0.04609375
0 0.88203125 0.56015625 0.06484375 0.1296875
0 0.3359375 0.58125 0.096875 0.14375
0 0.15546875 0.06015625 0.04140625 0.06953125
0 0.9328125 0.5859375 0.05546875 0.1015625
0 0.303125 0.06015625 0.028125 0.05546875
0 0.071875 0.60625 0.115625 0.1203125
0 0.634375 0.0625 0.03203125 0.03203125
0 0.15546875 0.6203125 0.06015625 0.10625
0 0.4375 0.63671875 0.1109375 0.14375
0 0.7546875 0.06484375 0.04140625 0.06015625
0 0.2265625 0.653125 0.1203125 0.115625
0 0.4140625 0.0671875 0.04140625 0.06015625
0 0.44921875 0.0671875 0.03203125 0.04609375
0 0.91171875 0.06953125 0.03203125 0.06484375
0 0.98359375 0.071875 0.0234375 0.05078125
0 0.0390625 0.071875 0.04140625 0.04609375
0 0.58828125 0.071875 0.03671875 0.03203125
0 0.528125 0.07421875 0.04140625 0.03203125
0 0.0390625 0.8046875 0.078125 0.153125
0 0.13671875 0.821875 0.07890625 0.125
0 0.68515625 0.08359375 0.04140625 0.07890625
0 0.8265625 0.0859375 0.03671875 0.04140625
0 0.634375 0.0859375 0.03203125 0.0234375
0 0.20390625 0.09453125 0.04140625 0.04140625
0 0.96328125 0.1015625 0.04140625 0.03671875
0 0.8703125 0.10390625 0.03671875 0.06953125