0 0.58359375 0.27578125 0.01875 0.0234375
0 0.24296875 0.28046875 0.01875 0.0234375
0 0.14140625 0.284375 0.01875 0.0234375
0 0.096875 0.29140625 0.01875 0.028125
0 0.2359375 0.31015625 0.0140625 0.0234375
0 0.5671875 0.31484375 0.01875 0.0234375
0 0.31953125 0.3171875 0.01875 0.028125
0 0.278125 0.3171875 0.01875 0.0234375
0 0.528125 0.3265625 0.0140625 0.0234375
0 0.12734375 0.365625 0.0234375 0.03203125
0 0.1734375 0.3703125 0.01875 0.0234375
0 0.2265625 0.3796875 0.01875 0.03203125
0 0.02109375 0.384375 0.01875 0.03203125
0 0.5234375 0.384375 0.01875 0.03671875
0 0.7015625 0.38671875 0.009375 0.0140625
0 0.428125 0.39375 0.0234375 0.03671875
0 0.28046875 0.39609375 0.01875 0.028125
0 0.90078125 0.403125 0.01875 0.03203125
0 0.60625 0.40546875 0.01875 0.028125
0 0.8515625 0.409375 0.0234375 0.04140625
0 0.7109375 0.41171875 0.01875 0.03203125
0 0.45390625 0.4140625 0.0234375 0.03203125
0 0.1484375 0.41640625 0.01875 0.028125
0 0.99296875 0.41640625 0.0140625 0.03671875
0 0.8171875 0.428125 0.0234375 0.04140625
0 0.625 0.428125 0.0234375 0.03671875
0 0.16875 0.43515625 0.01875 0.03671875
0 0.6390625 0.4375 0.01875 0.03671875
0 0.26640625 0.4375 0.0234375 0.03203125
0 0.39375 0.4375 0.0234375 0.04609375
0 0.5484375 0.43984375 0.01875 0.028125
0 0.14609375 0.44921875 0.0234375 0.03671875
0 0.69453125 0.4515625 0.0234375 0.03671875
0 0.4421875 0.45390625 0.0234375 0.03203125
0 0.95390625 0.45625 0.03203125 0.04140625
0 0.49765625 0.45859375 0.01875 0.028125
0 0.84296875 0.46328125 0.01875 0.04140625
0 0.60625 0.4859375 0.028125 0.04609375
0 0.24296875 0.490625 0.0140625 0.03203125
0 0.91875 0.4953125 0.028125 0.04140625
0 0.553125 0.4953125 0.028125 0.04140625
0 0.865625 0.4953125 0.028125 0.04609375
0 0.471875 0.4953125 0.0234375 0.03203125
0 0.740625 0.49765625 0.01875 0.04140625
0 0.65546875 0.50703125 0.0234375 0.04140625
0 0.3171875 0.51171875 0.0234375 0.04140625
0 0.8171875 0.5140625 0.028125 0.04140625
0 0.96328125 0.52109375 0.028125 0.04609375
0 0.5765625 0.5234375 0.01875 0.03671875
0 0.48125 0.5234375 0.0234375 0.04140625
0 0.68515625 0.53203125 0.01875 0.04140625
0 0.259375 0.53203125 0.0234375 0.03203125
0 0.909375 0.5390625 0.0234375 0.04140625
0 0.875 0.5578125 0.028125 0.04140625
0 0.5859375 0.5671875 0.028125 0.04140625
0 0.20625 0.56953125 0.0234375 0.04140625
0 0.9328125 0.58359375 0.04140625 0.04140625
0 0.321875 0.58359375 0.028125 0.05078125
0 0.4765625 0.59296875 0.0234375 0.03203125
0 0.66171875 0.59453125 0.0234375 0.04140625
0 0.84453125 0.59453125 0.028125 0.05078125
0 0.13203125 0.6015625 0.028125 0.03671875
0 0.69453125 0.60390625 0.028125 0.05078125
0 0.384375 0.6109375 0.03203125 0.04140625
0 0.1828125 0.6109375 0.03203125 0.05078125
0 0.965625 0.61328125 0.028125 0.04140625
0 0.54375 0.615625 0.028125 0.05078125
0 0.7546875 0.62734375 0.0234375 0.04609375
0 0.04140625 0.63203125 0.03203125 0.05078125
0 0.08125 0.63671875 0.0234375 0.04609375
0 0.16640625 0.66640625 0.0234375 0.05078125
0 0.6203125 0.66640625 0.03203125 0.05078125
0 0.77578125 0.66875 0.028125 0.04609375
0 0.44921875 0.66875 0.03203125 0.04140625
0 0.04140625 0.6921875 0.04140625 0.05078125
0 0.6921875 0.6921875 0.03203125 0.05078125
0 0.865625 0.7109375 0.03671875 0.06015625
0 0.5859375 0.72421875 0.03203125 0.05546875
0 0.1640625 0.73125 0.03671875 0.05078125
0 0.2984375 0.73125 0.028125 0.04140625
0 0.3984375 0.73125 0.03671875 0.05546875