0 0.50234375 0.33828125 0.0140625 0.01875
0 0.4328125 0.340625 0.009375 0.01875
0 0.4609375 0.340625 0.009375 0.0140625
0 0.4859375 0.340625 0.009375 0.01875
0 0.51640625 0.34921875 0.009375 0.01875
0 0.54375 0.34921875 0.009375 0.01875
0 0.4234375 0.3515625 0.009375 0.0234375
0 0.56484375 0.35390625 0.0140625 0.01875
0 0.490625 0.35625 0.009375 0.01875
0 0.3984375 0.3609375 0.0140625 0.01875
0 0.5765625 0.3609375 0.009375 0.01875
0 0.3796875 0.3609375 0.0140625 0.0234375
0 0.44921875 0.36328125 0.009375 0.01875
0 0.4765625 0.365625 0.0140625 0.0140625
0 0.509375 0.365625 0.009375 0.01875
0 0.553125 0.36796875 0.009375 0.0234375
0 0.60625 0.36796875 0.0140625 0.01875
0 0.46328125 0.3703125 0.009375 0.0140625
0 0.35625 0.375 0.0140625 0.01875
0 0.40703125 0.37734375 0.0140625 0.0140625
0 0.41640625 0.37734375 0.009375 0.0140625
0 0.51875 0.37734375 0.009375 0.01875
0 0.490625 0.3796875 0.0140625 0.0140625
0 0.590625 0.3796875 0.009375 0.01875
0 0.53046875 0.3796875 0.0140625 0.01875
0 0.68046875 0.38203125 0.0140625 0.0234375
0 0.446875 0.38203125 0.009375 0.0140625
0 0.4375 0.384375 0.009375 0.0140625
0 0.2984375 0.38671875 0.0140625 0.01875
0 0.45859375 0.38671875 0.009375 0.0140625
0 0.37265625 0.3890625 0.01875 0.028125
0 0.33125 0.3890625 0.009375 0.01875
0 0.3890625 0.3890625 0.009375 0.0140625
0 0.721875 0.3890625 0.0140625 0.0234375
0 0.4234375 0.39140625 0.009375 0.0234375
0 0.47890625 0.39375 0.009375 0.01875
0 0.409375 0.39375 0.0140625 0.01875
0 0.51171875 0.39375 0.009375 0.01875
0 0.465625 0.39609375 0.009375 0.01875
0 0.6484375 0.3984375 0.0140625 0.0234375
0 0.5625 0.40078125 0.0140625 0.0234375
0 0.6015625 0.40078125 0.0140625 0.0234375
0 0.44921875 0.40078125 0.0140625 0.0234375
0 0.48828125 0.40078125 0.009375 0.0140625
0 0.53046875 0.40078125 0.0140625 0.0140625
0 0.35625 0.403125 0.009375 0.0140625
0 0.4953125 0.403125 0.0140625 0.0234375
0 0.346875 0.40546875 0.0140625 0.01875
0 0.3359375 0.40703125 0.009375 0.0140625
0 0.27109375 0.40703125 0.009375 0.01875
0 0.58828125 0.409375 0.0140625 0.01875
0 0.6640625 0.409375 0.0140625 0.0234375
0 0.54140625 0.409375 0.0140625 0.0234375
0 0.696875 0.409375 0.0140625 0.0234375
0 0.403125 0.41171875 0.009375 0.01875
0 0.36796875 0.41171875 0.0140625 0.01875
0 0.61328125 0.41171875 0.009375 0.0140625
0 0.31953125 0.4140625 0.0140625 0.01875
0 0.4328125 0.4140625 0.0140625 0.01875
0 0.7984375 0.4140625 0.01875 0.0234375
0 0.57421875 0.4140625 0.0140625 0.0234375
0 0.71953125 0.4140625 0.0140625 0.0234375
0 0.2890625 0.41640625 0.0140625 0.0234375
0 0.6296875 0.41640625 0.0140625 0.0234375
0 0.22421875 0.41875 0.0140625 0.028125
0 0.384375 0.41875 0.0140625 0.01875
0 0.46796875 0.42109375 0.0140625 0.0234375
0 0.42109375 0.42109375 0.009375 0.01875
0 0.43984375 0.42109375 0.009375 0.009375
0 0.48125 0.42109375 0.0140625 0.0234375
0 0.51640625 0.42109375 0.0140625 0.0234375
0 0.53046875 0.4234375 0.0140625 0.0234375
0 0.54609375 0.4234375 0.0140625 0.0234375
0 0.7546875 0.4234375 0.01875 0.03203125
0 0.596875 0.42578125 0.0140625 0.01875
0 0.7734375 0.42578125 0.01875 0.0234375
0 0.25 0.42578125 0.0140625 0.0234375
0 0.30546875 0.428125 0.0140625 0.01875
0 0.34453125 0.428125 0.01875 0.0234375
0 0.27578125 0.428125 0.0140625 0.0234375
0 0.33125 0.43046875 0.0140625 0.01875
0 0.58125 0.4328125 0.0140625 0.01875
0 0.56015625 0.43515625 0.0140625 0.0234375
0 0.1734375 0.43515625 0.01875 0.0234375
0 0.6390625 0.43515625 0.01875 0.0234375
0 0.41171875 0.43515625 0.01875 0.0234375
0 0.39375 0.43515625 0.0140625 0.0234375
0 0.509375 0.4375 0.0140625 0.01875
0 0.73828125 0.4375 0.01875 0.03203125
0 0.70625 0.4375 0.01875 0.028125
0 0.82421875 0.4375 0.01875 0.028125
0 0.2890625 0.43984375 0.0140625 0.01875
0 0.4328125 0.43984375 0.0140625 0.0234375
0 0.23359375 0.4421875 0.01875 0.0234375
0 0.37734375 0.4421875 0.01875 0.0234375
0 0.32421875 0.44453125 0.0140625 0.0234375
0 0.446875 0.44453125 0.0140625 0.0234375
0 0.4953125 0.446875 0.01875 0.028125
0 0.21796875 0.446875 0.01875 0.01875
0 0.11328125 0.44921875 0.0140625 0.028125
0 0.19921875 0.44921875 0.01875 0.028125
0 0.14140625 0.44921875 0.0140625 0.01875
0 0.659375 0.44921875 0.01875 0.028125
0 0.865625 0.44921875 0.01875 0.03203125
0 0.47890625 0.45390625 0.01875 0.028125
0 0.5390625 0.45390625 0.0140625 0.0234375
0 0.15546875 0.45625 0.01875 0.01875
0 0.303125 0.45625 0.0140625 0.01875
0 0.340625 0.45625 0.0140625 0.0234375
0 0.17109375 0.45625 0.01875 0.03203125
0 0.4609375 0.45859375 0.01875 0.028125
0 0.6109375 0.4609375 0.01875 0.028125
0 0.7984375 0.4609375 0.01875 0.03203125
0 0.221875 0.46328125 0.01875 0.028125
0 0.07421875 0.46328125 0.0234375 0.03203125
0 0.409375 0.465625 0.01875 0.03203125
0 0.76875 0.465625 0.01875 0.03671875
0 0.51171875 0.465625 0.01875 0.03203125
0 0.3515625 0.465625 0.01875 0.028125
0 0.18515625 0.46796875 0.0140625 0.0140625
0 0.25 0.46953125 0.0140625 0.0234375
0 0.625 0.47421875 0.0140625 0.03203125
0 0.53046875 0.47421875 0.01875 0.03203125
0 0.384375 0.4765625 0.0234375 0.03671875
0 0.68984375 0.4765625 0.01875 0.03203125
0 0.1015625 0.47890625 0.01875 0.01875
0 0.28671875 0.47890625 0.0140625 0.028125
0 0.26640625 0.47890625 0.01875 0.0234375
0 0.20625 0.48125 0.028125 0.028125
0 0.3078125 0.48359375 0.0234375 0.03671875
0 0.5578125 0.48359375 0.0234375 0.03671875
0 0.23359375 0.4859375 0.028125 0.03671875
0 0.13671875 0.4859375 0.0234375 0.03671875
0 0.9375 0.4859375 0.028125 0.03671875
0 0.846875 0.48828125 0.0234375 0.03671875
0 0.428125 0.48828125 0.01875 0.03203125
0 0.590625 0.490625 0.01875 0.03203125
0 0.659375 0.49296875 0.0234375 0.03671875
0 0.1203125 0.5046875 0.01875 0.028125
0 0.16640625 0.50703125 0.0234375 0.028125
0 0.7890625 0.509375 0.0234375 0.03671875
0 0.7265625 0.51171875 0.0234375 0.03671875
0 0.88671875 0.51171875 0.0234375 0.04140625
0 0.7640625 0.51171875 0.01875 0.028125
0 0.8265625 0.51640625 0.0234375 0.03203125