0 0.6203125 0.18515625 0.03203125 0.05546875
0 0.3609375 0.18515625 0.03671875 0.06953125
0 0.7109375 0.18515625 0.03671875 0.05078125
0 0.58125 0.18984375 0.04140625 0.05078125
0 0.93984375 0.18984375 0.03203125 0.04609375
0 0.471875 0.20390625 0.03203125 0.05546875
0 0.8359375 0.20859375 0.03671875 0.05078125
0 0.40078125 0.27109375 0.03671875 0.06015625
0 0.01640625 0.51875 0.0140625 0.04609375
0 0.284375 0.57421875 0.01875 0.03203125
0 0.04609375 0.5859375 0.028125 0.04140625
0 0.26875 0.60625 0.01875 0.028125
0 0.23359375 0.63203125 0.01875 0.03671875
0 0.2640625 0.70859375 0.0234375 0.03203125
0 0.3171875 0.74296875 0.0234375 0.03671875
0 0.10859375 0.7546875 0.028125 0.04609375
0 0.009375 0.75703125 0.01875 0.06484375
0 0.0578125 0.7734375 0.03671875 0.05078125
0 0.115625 0.81953125 0.03671875 0.05078125
0 0.178125 0.82421875 0.03671875 0.05546875
0 0.23828125 0.8265625 0.0234375 0.05078125
0 0.10390625 0.840625 0.03203125 0.05078125
0 0.15703125 0.87265625 0.028125 0.05078125
0 0.26875 0.8890625 0.04609375 0.03671875