0 0.696875 0.10625 0.03203125 0.05078125
0 0.79140625 0.11328125 0.03203125 0.03671875
0 0.74296875 0.1203125 0.028125 0.03671875
0 0.89609375 0.13203125 0.03671875 0.06015625
0 0.60625 0.13203125 0.03203125 0.05546875
0 0.49296875 0.1390625 0.03671875 0.04140625
0 0.40078125 0.14375 0.03203125 0.04609375
0 0.55546875 0.15078125 0.03203125 0.04609375
0 0.79375 0.153125 0.04140625 0.05078125
0 0.19453125 0.153125 0.03671875 0.05546875
0 0.68046875 0.15703125 0.03671875 0.06484375
0 0.3359375 0.15703125 0.04140625 0.06484375
0 0.72421875 0.1734375 0.04140625 0.06484375
0 0.98125 0.18046875 0.03671875 0.10625
0 0.48828125 0.18984375 0.03671875 0.03203125
0 0.54609375 0.19453125 0.03203125 0.05078125
0 0.43984375 0.2015625 0.03203125 0.04609375
0 0.14375 0.21328125 0.05546875 0.115625
0 0.596875 0.215625 0.04140625 0.05546875
0 0.20859375 0.215625 0.04609375 0.07890625
0 0.66171875 0.21953125 0.03671875 0.05078125
0 0.1734375 0.221875 0.03671875 0.06953125
0 0.909375 0.23359375 0.03671875 0.06484375
0 0.49765625 0.2359375 0.04140625 0.06953125
0 0.3125 0.23828125 0.05078125 0.06484375
0 0.8265625 0.23828125 0.06484375 0.07421875
0 0.40078125 0.2453125 0.03671875 0.06015625
0 0.69453125 0.24765625 0.04609375 0.06484375
0 0.01875 0.25703125 0.03671875 0.06484375
0 0.72421875 0.26171875 0.04140625 0.08359375
0 0.93515625 0.26171875 0.05078125 0.09296875
0 0.465625 0.26640625 0.04140625 0.05546875
0 0.4328125 0.27109375 0.04609375 0.06015625
0 0.5671875 0.28046875 0.04140625 0.05078125
0 0.6296875 0.29140625 0.04609375 0.07421875
0 0.07890625 0.29375 0.06953125 0.10625
0 0.36328125 0.29609375 0.04140625 0.06015625
0 0.85625 0.05078125 0.03671875 0.05546875
0 0.42109375 0.053125 0.028125 0.04609375
0 0.51640625 0.06015625 0.03671875 0.04609375
0 0.59921875 0.0625 0.04140625 0.06015625
0 0.340625 0.0671875 0.03671875 0.05546875
0 0.6734375 0.06953125 0.04140625 0.04609375
0 0.37734375 0.07890625 0.03671875 0.04609375
0 0.28671875 0.09296875 0.03203125 0.04140625
0 0.1390625 0.09453125 0.04609375 0.05546875
0 0.19921875 0.09921875 0.03203125 0.04609375