0 0.37265625 0.03046875 0.05078125 0.06015625
0 0.23125 0.29609375 0.04140625 0.125
0 0.85859375 0.29609375 0.04140625 0.1015625
0 0.16875 0.30546875 0.05078125 0.096875
0 0.83984375 0.03203125 0.0421875 0.0640625
0 0.21328125 0.31953125 0.04609375 0.1390625
0 0.73125 0.321875 0.04609375 0.07890625
0 0.77578125 0.32890625 0.03671875 0.096875
0 0.82421875 0.32890625 0.04140625 0.1109375
0 0.45078125 0.034375 0.0328125 0.06875
0 0.35390625 0.346875 0.05078125 0.1109375
0 0.3984375 0.3515625 0.03671875 0.10625
0 0.89375 0.38671875 0.04609375 0.125
0 0.54609375 0.39140625 0.05078125 0.1109375
0 0.65078125 0.39375 0.04140625 0.09296875
0 0.6015625 0.39375 0.04140625 0.1109375
0 0.028125 0.3984375 0.03203125 0.115625
0 0.4875 0.0390625 0.0375 0.078125
0 0.6734375 0.0390625 0.028125 0.06015625
0 0.415625 0.04140625 0.028125 0.0828125
0 0.98359375 0.40078125 0.03203125 0.06484375
0 0.01640625 0.40078125 0.028125 0.125
0 0.29375 0.403125 0.04609375 0.08828125
0 0.11796875 0.403125 0.05546875 0.1203125
0 0.7359375 0.403125 0.05078125 0.10625
0 0.9375 0.40546875 0.04609375 0.115625
0 0.15546875 0.4140625 0.04140625 0.096875
0 0.7640625 0.41640625 0.028125 0.07421875
0 0.240625 0.42109375 0.05546875 0.1109375
0 0.63203125 0.4234375 0.03671875 0.096875
0 0.1875 0.42578125 0.05078125 0.1015625
0 0.0875 0.04375 0.046875 0.0875
0 0.071875 0.43046875 0.04609375 0.1015625
0 0.79140625 0.43984375 0.03671875 0.07890625
0 0.8359375 0.44453125 0.04140625 0.06953125
0 0.34921875 0.46796875 0.04609375 0.1015625
0 0.5234375 0.46953125 0.04140625 0.06015625
0 0.4421875 0.4953125 0.04609375 0.03671875
0 0.39140625 0.5 0.05078125 0.125
0 0.8703125 0.5046875 0.01875 0.04609375
0 0.5671875 0.51640625 0.04140625 0.1015625
0 0.77109375 0.51640625 0.05078125 0.1109375
0 0.98125 0.51875 0.03671875 0.1015625
0 0.49296875 0.5234375 0.04140625 0.08828125
0 0.4328125 0.53203125 0.05546875 0.05078125
0 0.85390625 0.5390625 0.05078125 0.115625
0 0.52578125 0.05546875 0.04140625 0.1109375
0 0.034375 0.54140625 0.0234375 0.134375
0 0.528125 0.553125 0.03671875 0.07421875
0 0.125 0.5578125 0.06015625 0.1109375
0 0.8171875 0.5578125 0.05078125 0.125
0 0.0140625 0.5578125 0.028125 0.1015625
0 0.2109375 0.56484375 0.05546875 0.1203125
0 0.17109375 0.56953125 0.04140625 0.125
0 0.56484375 0.0578125 0.04140625 0.08828125
0 0.8984375 0.571875 0.04609375 0.115625
0 0.93046875 0.5859375 0.03203125 0.08828125
0 0.96328125 0.58828125 0.03671875 0.096875
0 0.365625 0.58828125 0.05078125 0.1203125
0 0.28203125 0.60625 0.04609375 0.125
0 0.44453125 0.60859375 0.05078125 0.08828125
0 0.24765625 0.06484375 0.04609375 0.1015625
0 0.4953125 0.6390625 0.04609375 0.10625
0 0.196875 0.06484375 0.04609375 0.096875
0 0.54140625 0.65546875 0.04140625 0.1109375
0 0.6015625 0.65703125 0.06015625 0.115625
0 0.3171875 0.66171875 0.04140625 0.1109375
0 0.0234375 0.67578125 0.04609375 0.134375
0 0.70390625 0.6828125 0.05546875 0.1015625
0 0.0578125 0.68515625 0.06015625 0.1296875
0 0.15546875 0.69453125 0.05078125 0.1296875
0 0.89609375 0.7015625 0.04609375 0.096875
0 0.93046875 0.70390625 0.03203125 0.096875
0 0.36796875 0.70625 0.06015625 0.1109375
0 0.20625 0.70859375 0.05078125 0.134375
0 0.634375 0.071875 0.04140625 0.1109375
0 0.43984375 0.7359375 0.05546875 0.1203125
0 0.2640625 0.7359375 0.05546875 0.10625
0 0.14609375 0.0765625 0.05546875 0.1015625
0 0.48359375 0.778125 0.04140625 0.1015625
0 0.74765625 0.778125 0.04140625 0.125
0 0.52578125 0.78671875 0.04140625 0.1203125
0 0.86328125 0.79140625 0.04609375 0.1109375
0 0.66171875 0.07890625 0.028125 0.07421875
0 0.59296875 0.7984375 0.04609375 0.1203125
0 0.89609375 0.80078125 0.028125 0.1015625
0 0.55546875 0.81015625 0.03671875 0.115625
0 0.8078125 0.8125 0.05546875 0.125
0 0.71953125 0.8171875 0.05078125 0.1109375
0 0.1109375 0.83125 0.06953125 0.1109375
0 0.6296875 0.8359375 0.05078125 0.1109375
0 0.32890625 0.84921875 0.05546875 0.1203125
0 0.27109375 0.8515625 0.05078125 0.1109375
0 0.9859375 0.85625 0.0234375 0.07890625
0 0.034375 0.8609375 0.05078125 0.07890625
0 0.1875 0.8796875 0.06484375 0.1296875
0 0.4140625 0.8796875 0.06484375 0.07890625
0 0.29140625 0.090625 0.03203125 0.07890625
0 0.48125 0.90703125 0.05546875 0.10625
0 0.23828125 0.91171875 0.05546875 0.1109375
0 0.403125 0.93515625 0.06015625 0.06953125
0 0.71328125 0.93515625 0.05078125 0.125
0 0.75703125 0.93984375 0.05078125 0.115625
0 0.67578125 0.9421875 0.05078125 0.1109375
0 0.62265625 0.94453125 0.06015625 0.08828125
0 0.02109375 0.946875 0.04140625 0.096875
0 0.7984375 0.946875 0.06015625 0.096875
0 0.0484375 0.95390625 0.03671875 0.08828125
0 0.10859375 0.95390625 0.06953125 0.08828125
0 0.5625 0.9609375 0.06015625 0.07421875
0 0.84921875 0.96328125 0.05546875 0.06953125
0 0.909375 0.965625 0.05078125 0.06484375
0 0.23125 0.096875 0.03203125 0.096875
0 0.37734375 0.096875 0.06015625 0.06015625
0 0.1828125 0.97421875 0.05546875 0.04609375
0 0.23359375 0.9765625 0.05546875 0.04140625
0 0.1390625 0.9765625 0.028125 0.04140625
0 0.40703125 0.9765625 0.05078125 0.04140625
0 0.46328125 0.97890625 0.06015625 0.03671875
0 0.52109375 0.98125 0.05078125 0.03203125
0 0.784375 0.115625 0.03671875 0.08359375
0 0.965625 0.12734375 0.04140625 0.096875
0 0.4515625 0.134375 0.04609375 0.096875
0 0.07421875 0.14140625 0.03203125 0.08359375
0 0.10625 0.14375 0.04140625 0.1015625
0 0.03671875 0.14609375 0.04609375 0.07890625
0 0.50234375 0.153125 0.04609375 0.096875
0 0.60859375 0.15546875 0.028125 0.07890625
0 0.58125 0.16171875 0.04140625 0.07421875
0 0.278125 0.01875 0.03203125 0.03671875
0 0.178125 0.18515625 0.04609375 0.096875
0 0.278125 0.18515625 0.05078125 0.10625
0 0.66875 0.1875 0.04140625 0.08828125
0 0.39609375 0.20625 0.04609375 0.10625
0 0.73828125 0.221875 0.05078125 0.07890625
0 0.3515625 0.22421875 0.05546875 0.1015625
0 0.30546875 0.0234375 0.0234375 0.04609375
0 0.33125 0.02578125 0.0234375 0.05078125
0 0.8125 0.23125 0.04609375 0.06953125
0 0.43984375 0.2359375 0.04609375 0.096875
0 0.88203125 0.23828125 0.04140625 0.096875
0 0.9859375 0.2546875 0.028125 0.1109375
0 0.77578125 0.02578125 0.04609375 0.05078125
0 0.96328125 0.25703125 0.04140625 0.08828125
0 0.57890625 0.26171875 0.04609375 0.1015625
0 0.03203125 0.2640625 0.05546875 0.125
0 0.0859375 0.2734375 0.05078125 0.14375
0 0.62265625 0.27578125 0.04140625 0.096875
0 0.490625 0.28046875 0.04609375 0.1015625
0 0.68984375 0.28046875 0.04140625 0.1015625
0 0.92578125 0.28046875 0.03671875 0.1109375