0 0.84296875 0.09921875 0.06015625 0.096875
0 0.50703125 0.115625 0.08828125 0.1296875
0 0.96953125 0.14375 0.05078125 0.04140625
0 0.49765625 0.01640625 0.03671875 0.03203125
0 0.32421875 0.18046875 0.096875 0.134375
0 0.5578125 0.0234375 0.04140625 0.04609375
0 0.96328125 0.22890625 0.06484375 0.125
0 0.7359375 0.02578125 0.05546875 0.05078125
0 0.04140625 0.25390625 0.0828125 0.1859375
0 0.1390625 0.028125 0.06484375 0.04609375
0 0.71796875 0.2890625 0.08359375 0.1296875
0 0.9234375 0.303125 0.06484375 0.115625
0 0.50703125 0.31015625 0.07890625 0.1109375
0 0.32578125 0.034375 0.0453125 0.06875
0 0.28671875 0.35859375 0.08828125 0.14375
0 0.1203125 0.3609375 0.09296875 0.1390625
0 0.81953125 0.37265625 0.08828125 0.125
0 0.87265625 0.39609375 0.08359375 0.134375
0 0.49765625 0.42109375 0.08828125 0.1296875
0 0.72421875 0.42578125 0.06484375 0.1109375
0 0.35625 0.45859375 0.09296875 0.14375
0 0.96484375 0.49765625 0.0703125 0.1390625
0 0.25703125 0.053125 0.06484375 0.09296875
0 0.78203125 0.52109375 0.1203125 0.153125
0 0.59453125 0.8703125 0.19921875 0.096875