0 0.31015625 0.29375 0.03671875 0.07421875
0 0.54609375 0.29375 0.04140625 0.07421875
0 0.9765625 0.29375 0.03671875 0.07421875
0 0.4765625 0.30078125 0.04609375 0.07421875
0 0.79375 0.30546875 0.03671875 0.04609375
0 0.35859375 0.3078125 0.028125 0.06015625
0 0.27109375 0.3078125 0.03671875 0.07421875
0 0.884375 0.3265625 0.04140625 0.07421875
0 0.64609375 0.3359375 0.03203125 0.07421875
0 0.9515625 0.33828125 0.04140625 0.07890625
0 0.20625 0.340625 0.03671875 0.06953125
0 0.34453125 0.34296875 0.03671875 0.07890625
0 0.39609375 0.34296875 0.04140625 0.09296875
0 0.903125 0.34921875 0.03671875 0.08359375
0 0.51171875 0.35625 0.03203125 0.07421875
0 0.1828125 0.35625 0.03203125 0.05078125
0 0.78671875 0.35859375 0.04140625 0.07421875
0 0.6875 0.36328125 0.04609375 0.1015625
0 0.61796875 0.3703125 0.03671875 0.08828125
0 0.5484375 0.38671875 0.03203125 0.06953125
0 0.971875 0.43046875 0.04140625 0.09296875
0 0.490625 0.43515625 0.03203125 0.05078125
0 0.45390625 0.4421875 0.03671875 0.05078125
0 0.39375 0.44453125 0.05078125 0.096875
0 0.3515625 0.465625 0.04140625 0.08828125
0 0.75703125 0.509375 0.04140625 0.08359375
0 0.45390625 0.5234375 0.04609375 0.096875
0 0.49765625 0.53203125 0.04609375 0.07421875
0 0.21953125 0.55078125 0.05078125 0.07421875
0 0.90703125 0.55546875 0.05078125 0.096875
0 0.70859375 0.5578125 0.05078125 0.096875
0 0.79609375 0.56484375 0.05078125 0.1109375
0 0.6640625 0.56484375 0.04140625 0.08828125
0 0.39609375 0.5859375 0.05546875 0.1015625
0 0.12265625 0.06015625 0.0140625 0.028125
0 0.15546875 0.06953125 0.0234375 0.0234375
0 0.20390625 0.06953125 0.01875 0.028125
0 0.29140625 0.071875 0.0234375 0.028125
0 0.56015625 0.7359375 0.05078125 0.1109375
0 0.71953125 0.7546875 0.06015625 0.125
0 0.62265625 0.778125 0.06015625 0.115625
0 0.05078125 0.08125 0.01875 0.04140625
0 0.50703125 0.08125 0.0234375 0.03203125
0 0.41875 0.08125 0.01875 0.03203125
0 0.4609375 0.08359375 0.0234375 0.04140625
0 0.21953125 0.08359375 0.0234375 0.028125
0 0.24765625 0.08359375 0.0140625 0.0234375
0 0.096875 0.08359375 0.01875 0.03203125
0 0.48359375 0.0859375 0.01875 0.04140625
0 0.55546875 0.08828125 0.01875 0.028125
0 0.06953125 0.08828125 0.01875 0.028125
0 0.14375 0.08828125 0.01875 0.03203125
0 0.17578125 0.090625 0.01875 0.03203125
0 0.39609375 0.090625 0.0234375 0.03203125
0 0.43984375 0.090625 0.0234375 0.04140625
0 0.63203125 0.93984375 0.07421875 0.1109375
0 0.34453125 0.09453125 0.0234375 0.04609375
0 0.98359375 0.946875 0.0234375 0.096875
0 0.875 0.95390625 0.06953125 0.07890625
0 0.26640625 0.09921875 0.028125 0.04140625
0 0.53203125 0.10859375 0.0234375 0.05078125
0 0.20859375 0.1109375 0.0234375 0.028125
0 0.125 0.1109375 0.028125 0.04609375
0 0.090625 0.1109375 0.01875 0.0234375
0 0.56484375 0.11328125 0.0234375 0.03203125
0 0.24296875 0.11796875 0.0234375 0.04609375
0 0.16171875 0.11796875 0.01875 0.03203125
0 0.3890625 0.1203125 0.01875 0.04609375
0 0.35625 0.12734375 0.028125 0.06015625
0 0.58359375 0.12734375 0.0234375 0.04609375
0 0.33125 0.1296875 0.028125 0.05546875
0 0.55078125 0.13203125 0.01875 0.0234375
0 0.6828125 0.13203125 0.03203125 0.06015625
0 0.29375 0.134375 0.0234375 0.06953125
0 0.60390625 0.13671875 0.01875 0.05078125
0 0.65546875 0.1390625 0.0234375 0.05078125
0 0.09296875 0.1484375 0.0234375 0.04609375
0 0.20625 0.153125 0.0234375 0.04609375
0 0.4515625 0.15546875 0.03203125 0.05078125
0 0.2265625 0.15703125 0.0234375 0.05078125
0 0.3890625 0.15703125 0.028125 0.03203125
0 0.16640625 0.159375 0.028125 0.04609375
0 0.72890625 0.16171875 0.028125 0.04609375
0 0.83828125 0.1640625 0.028125 0.06015625
0 0.240625 0.17109375 0.01875 0.04609375
0 0.53046875 0.178125 0.028125 0.05078125
0 0.5578125 0.178125 0.028125 0.06015625
0 0.80078125 0.178125 0.028125 0.04140625
0 0.6015625 0.18046875 0.0234375 0.04140625
0 0.62265625 0.18046875 0.0234375 0.028125
0 0.4234375 0.18984375 0.028125 0.06015625
0 0.865625 0.1921875 0.03203125 0.06484375
0 0.909375 0.1921875 0.0234375 0.06015625
0 0.45859375 0.196875 0.0234375 0.05078125
0 0.27578125 0.19921875 0.03203125 0.06015625
0 0.471875 0.20390625 0.0234375 0.03203125
0 0.32421875 0.2109375 0.03671875 0.06484375
0 0.16640625 0.21328125 0.028125 0.07421875
0 0.3984375 0.215625 0.03203125 0.06484375
0 0.9234375 0.215625 0.028125 0.07421875
0 0.74765625 0.21796875 0.01875 0.05078125
0 0.7265625 0.2265625 0.028125 0.06484375
0 0.62734375 0.23359375 0.03671875 0.06015625
0 0.59296875 0.23359375 0.028125 0.05078125
0 0.47421875 0.23828125 0.028125 0.05078125
0 0.1875 0.2546875 0.028125 0.07421875
0 0.79375 0.2546875 0.03203125 0.06015625
0 0.25703125 0.2640625 0.03671875 0.07421875
0 0.20625 0.26640625 0.01875 0.05078125
0 0.56484375 0.2734375 0.03203125 0.08828125
0 0.59296875 0.278125 0.028125 0.06484375
0 0.653125 0.284375 0.03203125 0.05546875