0 0.2640625 0.2640625 0.09296875 0.1203125
0 0.39609375 0.26875 0.08359375 0.115625
0 0.6015625 0.28203125 0.08359375 0.1203125
0 0.80546875 0.2984375 0.07890625 0.1203125
0 0.17109375 0.340625 0.06484375 0.1015625
0 0.67109375 0.34921875 0.08359375 0.1484375
0 0.45390625 0.36796875 0.096875 0.14375
0 0.8984375 0.39609375 0.06484375 0.1015625
0 0.3796875 0.5234375 0.09296875 0.14375
0 0.07890625 0.52578125 0.096875 0.1390625
0 0.8265625 0.53046875 0.096875 0.134375
0 0.2546875 0.54140625 0.096875 0.1390625
0 0.5234375 0.57421875 0.08828125 0.14375
0 0.70390625 0.634375 0.09296875 0.1203125