0 0.14609375 0.20625 0.0234375 0.03203125
0 0.240625 0.20625 0.028125 0.028125
0 0.18046875 0.21953125 0.028125 0.0234375
0 0.2109375 0.23125 0.03203125 0.03203125
0 0.13203125 0.240625 0.03203125 0.04140625
0 0.36796875 0.24296875 0.03671875 0.03671875
0 0.01171875 0.24765625 0.0234375 0.06015625
0 0.553125 0.24765625 0.04140625 0.05078125
0 0.48125 0.25 0.028125 0.04609375
0 0.06484375 0.25 0.028125 0.04609375
0 0.23828125 0.2546875 0.0234375 0.04140625
0 0.17109375 0.259375 0.03203125 0.04609375
0 0.59453125 0.26171875 0.028125 0.03671875
0 0.5046875 0.2734375 0.03671875 0.04140625
0 0.34921875 0.278125 0.028125 0.05078125
0 0.20625 0.28046875 0.04140625 0.05078125
0 0.04140625 0.284375 0.028125 0.05078125
0 0.43984375 0.284375 0.01875 0.03671875
0 0.68515625 0.2890625 0.04140625 0.05078125
0 0.3984375 0.29140625 0.03203125 0.04140625
0 0.10390625 0.29140625 0.04140625 0.05546875
0 0.1484375 0.29609375 0.04140625 0.03671875
0 0.3078125 0.30078125 0.04609375 0.06015625
0 0.55546875 0.30078125 0.04140625 0.05078125
0 0.653125 0.30546875 0.03671875 0.04609375
0 0.75234375 0.30546875 0.04140625 0.06015625
0 0.465625 0.3078125 0.0234375 0.04140625
0 0.83125 0.31953125 0.05078125 0.06953125
0 0.96953125 0.3265625 0.04140625 0.05546875
0 0.61328125 0.33125 0.03671875 0.04140625
0 0.71328125 0.3359375 0.03671875 0.04140625
0 0.91640625 0.3359375 0.03203125 0.03203125
0 0.73828125 0.35859375 0.04140625 0.04609375
0 0.94921875 0.3609375 0.04609375 0.05078125
0 0.16171875 0.3609375 0.05546875 0.07421875
0 0.24296875 0.36328125 0.06015625 0.07890625
0 0.56015625 0.36328125 0.06015625 0.08359375
0 0.3796875 0.3703125 0.06015625 0.096875
0 0.65078125 0.37265625 0.06484375 0.06953125
0 0.9328125 0.37265625 0.03671875 0.03671875
0 0.0234375 0.37734375 0.04609375 0.08828125
0 0.33125 0.3796875 0.06015625 0.1015625
0 0.79375 0.38203125 0.04140625 0.04609375
0 0.45859375 0.3890625 0.06953125 0.07890625
0 0.1109375 0.39375 0.06484375 0.09296875
0 0.89375 0.39609375 0.05078125 0.05546875
0 0.78046875 0.4140625 0.04609375 0.07421875
0 0.83359375 0.4140625 0.05078125 0.04609375
0 0.51640625 0.41640625 0.04609375 0.06484375
0 0.9859375 0.42109375 0.01875 0.06484375
0 0.29140625 0.4234375 0.07890625 0.125
0 0.60390625 0.43046875 0.07421875 0.1015625
0 0.65703125 0.4375 0.05078125 0.08828125
0 0.40703125 0.4375 0.04140625 0.05546875
0 0.70625 0.43984375 0.06484375 0.134375
0 0.0578125 0.44921875 0.03671875 0.028125
0 0.03203125 0.44921875 0.04609375 0.06484375
0 0.44453125 0.45390625 0.06015625 0.08828125
0 0.196875 0.465625 0.06484375 0.07421875
0 0.83125 0.46953125 0.06484375 0.07890625
0 0.8703125 0.4765625 0.03671875 0.05546875
0 0.55078125 0.4953125 0.05078125 0.07421875
0 0.93046875 0.5 0.1015625 0.14375
0 0.7640625 0.51640625 0.06015625 0.1015625
0 0.5046875 0.52109375 0.07421875 0.1015625
0 0.384375 0.534375 0.08359375 0.1109375
0 0.82890625 0.5484375 0.06953125 0.125
0 0.5859375 0.5765625 0.06484375 0.07890625
0 0.22421875 0.57890625 0.09296875 0.15703125
0 0.06015625 0.61796875 0.1203125 0.1203125
0 0.94453125 0.6734375 0.1015625 0.1296875
0 0.76171875 0.68984375 0.096875 0.17109375
0 0.05078125 0.7546875 0.1015625 0.20390625
0 0.77578125 0.85390625 0.18515625 0.1109375