0 0.634375 0.20859375 0.009375 0.0140625
0 0.5625 0.21328125 0.009375 0.0140625
0 0.875 0.215625 0.0234375 0.01875
0 0.5484375 0.21796875 0.0140625 0.01875
0 0.5671875 0.21796875 0.009375 0.0140625
0 0.115625 0.21796875 0.0234375 0.03203125
0 0.7984375 0.21796875 0.01875 0.0234375
0 0.96328125 0.22421875 0.01875 0.03203125
0 0.06015625 0.25 0.03203125 0.03203125
0 0.10390625 0.25234375 0.0234375 0.028125
0 0.990625 0.2546875 0.009375 0.04609375
0 0.009375 0.26875 0.01875 0.028125
0 0.18515625 0.2734375 0.028125 0.028125
0 0.0625 0.278125 0.028125 0.028125
0 0.321875 0.28203125 0.03203125 0.04609375
0 0.22421875 0.29375 0.028125 0.04140625
0 0.28046875 0.29609375 0.028125 0.03203125
0 0.4234375 0.2984375 0.028125 0.03203125
0 0.4765625 0.30078125 0.028125 0.028125
0 0.2015625 0.30546875 0.028125 0.04140625
0 0.696875 0.3125 0.03671875 0.05078125
0 0.75 0.3125 0.04140625 0.03671875
0 0.48828125 0.3125 0.0140625 0.03671875
0 0.071875 0.31484375 0.03203125 0.05078125
0 0.33359375 0.321875 0.028125 0.05078125
0 0.83359375 0.33359375 0.04140625 0.06015625
0 0.37734375 0.346875 0.03203125 0.05546875
0 0.4765625 0.34921875 0.0234375 0.04609375
0 0.54609375 0.34921875 0.03671875 0.05078125
0 0.7546875 0.3515625 0.01875 0.01875
0 0.3125 0.35390625 0.04140625 0.06015625
0 0.14140625 0.35625 0.0234375 0.05078125
0 0.2984375 0.36328125 0.03203125 0.05546875
0 0.51171875 0.36328125 0.04140625 0.06015625
0 0.615625 0.365625 0.04140625 0.05546875
0 0.7984375 0.365625 0.03671875 0.06484375
0 0.3609375 0.3703125 0.03203125 0.05078125
0 0.0140625 0.37265625 0.028125 0.06953125
0 0.20625 0.375 0.03203125 0.03671875
0 0.63203125 0.37734375 0.04140625 0.06484375
0 0.153125 0.38671875 0.03203125 0.04609375
0 0.76171875 0.38671875 0.03203125 0.05546875
0 0.77578125 0.39140625 0.01875 0.028125
0 0.8796875 0.39140625 0.04140625 0.05078125
0 0.4609375 0.39140625 0.028125 0.04609375
0 0.24765625 0.40703125 0.03671875 0.04609375
0 0.10625 0.409375 0.03203125 0.05546875
0 0.196875 0.41875 0.03203125 0.05078125
0 0.3265625 0.44921875 0.04609375 0.06953125
0 0.784375 0.47890625 0.05078125 0.06015625
0 0.94453125 0.5390625 0.05078125 0.06484375
0 0.04609375 0.5484375 0.05078125 0.07421875
0 0.71328125 0.553125 0.06015625 0.08828125
0 0.29609375 0.5625 0.05078125 0.08359375
0 0.490625 0.56953125 0.06015625 0.08359375
0 0.4421875 0.596875 0.05546875 0.08828125
0 0.221875 0.6015625 0.05546875 0.08359375
0 0.98125 0.60625 0.03671875 0.09296875
0 0.91171875 0.86328125 0.08828125 0.08359375