0 0.278125 0.625 0.06015625 0.08828125
0 0.375 0.06484375 0.04140625 0.05078125
0 0.1921875 0.678125 0.06015625 0.08359375
0 0.11796875 0.7890625 0.08359375 0.1296875
0 0.44453125 0.07890625 0.0234375 0.04609375
0 0.446875 0.12265625 0.0140625 0.028125
0 0.53046875 0.125 0.028125 0.04609375
0 0.42109375 0.12734375 0.028125 0.03203125
0 0.3796875 0.12734375 0.03671875 0.04609375
0 0.56953125 0.13203125 0.0234375 0.06484375
0 0.33125 0.134375 0.03671875 0.04609375
0 0.403125 0.1390625 0.0234375 0.028125
0 0.46796875 0.15703125 0.03671875 0.05546875
0 0.76640625 0.16171875 0.04140625 0.07421875
0 0.59453125 0.1640625 0.03671875 0.07421875
0 0.43046875 0.16875 0.0234375 0.04609375
0 0.3515625 0.17109375 0.03671875 0.05546875
0 0.2890625 0.178125 0.03671875 0.06015625
0 0.6390625 0.18515625 0.03671875 0.07890625
0 0.51171875 0.18984375 0.03671875 0.06953125
0 0.40078125 0.18984375 0.04140625 0.05546875
0 0.9328125 0.22421875 0.06015625 0.096875
0 0.56484375 0.23828125 0.05078125 0.06953125
0 0.15703125 0.24765625 0.04609375 0.07890625
0 0.46953125 0.2640625 0.04609375 0.06953125
0 0.3515625 0.28203125 0.04609375 0.07421875
0 0.76171875 0.29609375 0.05546875 0.09296875
0 0.26171875 0.31015625 0.05078125 0.07421875
0 0.54609375 0.36796875 0.05078125 0.07890625
0 0.46328125 0.375 0.05078125 0.07890625
0 0.67578125 0.39140625 0.04609375 0.06484375
0 0.178125 0.40078125 0.06484375 0.10625
0 0.38203125 0.40078125 0.04140625 0.07890625
0 0.33828125 0.5 0.04609375 0.07421875
0 0.74765625 0.51171875 0.05546875 0.096875
0 0.428125 0.54609375 0.05546875 0.08828125
0 0.58828125 0.615625 0.05078125 0.08828125