0 0.90546875 0.24296875 0.05078125 0.08828125
0 0.0234375 0.24765625 0.04609375 0.06015625
0 0.66875 0.25234375 0.05078125 0.08359375
0 0.33359375 0.25234375 0.04140625 0.08828125
0 0.45859375 0.259375 0.04609375 0.08828125
0 0.75703125 0.259375 0.05546875 0.08828125
0 0.36328125 0.2640625 0.03203125 0.07890625
0 0.39609375 0.26875 0.04140625 0.08828125
0 0.23359375 0.27109375 0.03671875 0.07421875
0 0.01875 0.284375 0.03671875 0.04609375
0 0.98125 0.2890625 0.03671875 0.1203125
0 0.84921875 0.2890625 0.05078125 0.096875
0 0.5390625 0.29140625 0.05078125 0.08359375
0 0.57421875 0.29609375 0.05078125 0.1109375
0 0.08359375 0.2984375 0.04609375 0.096875
0 0.88671875 0.2984375 0.05078125 0.05546875
0 0.64140625 0.30078125 0.05546875 0.1109375
0 0.78671875 0.03203125 0.028125 0.06015625
0 0.15703125 0.321875 0.04140625 0.07421875
0 0.09921875 0.3265625 0.03203125 0.05078125
0 0.9515625 0.3265625 0.05078125 0.1109375
0 0.5046875 0.33125 0.05078125 0.1015625
0 0.2890625 0.33828125 0.05078125 0.1015625
0 0.0234375 0.37734375 0.04609375 0.10625
0 0.90546875 0.384375 0.04609375 0.096875
0 0.803125 0.04140625 0.03671875 0.03671875
0 0.4234375 0.41171875 0.05546875 0.1015625
0 0.1390625 0.4140625 0.05546875 0.115625
0 0.56484375 0.4140625 0.05546875 0.1109375
0 0.74296875 0.41875 0.05078125 0.06484375
0 0.80078125 0.4234375 0.06015625 0.1109375
0 0.2015625 0.42578125 0.04140625 0.09296875
0 0.3609375 0.04375 0.03671875 0.05078125
0 0.3796875 0.48359375 0.05546875 0.096875
0 0.6875 0.49296875 0.06015625 0.10625
0 0.759375 0.50703125 0.05546875 0.08359375
0 0.5 0.5140625 0.06015625 0.1109375
0 0.84921875 0.53046875 0.06484375 0.115625
0 0.11796875 0.55546875 0.03671875 0.1015625
0 0.69453125 0.05546875 0.03671875 0.07890625
0 0.98828125 0.56015625 0.01875 0.125
0 0.16875 0.590625 0.05078125 0.1109375
0 0.303125 0.59921875 0.06015625 0.1109375
0 0.65546875 0.0625 0.028125 0.05078125
0 0.865625 0.0625 0.03671875 0.06953125
0 0.42578125 0.634375 0.06953125 0.1203125
0 0.61328125 0.64140625 0.06484375 0.1203125
0 0.35390625 0.64375 0.07421875 0.1109375
0 0.7265625 0.65546875 0.06484375 0.1203125
0 0.53671875 0.66640625 0.06015625 0.1203125
0 0.13203125 0.6921875 0.05546875 0.1296875
0 0.87734375 0.69453125 0.06015625 0.125
0 0.090625 0.70625 0.04140625 0.096875
0 0.05078125 0.07421875 0.03671875 0.05078125
0 0.490625 0.73828125 0.07421875 0.096875
0 0.77109375 0.0765625 0.04140625 0.04140625
0 0.221875 0.7734375 0.06015625 0.115625
0 0.6296875 0.0765625 0.03671875 0.03203125
0 0.20859375 0.08125 0.03203125 0.05078125
0 0.784375 0.83125 0.08359375 0.14375
0 0.83828125 0.84921875 0.06015625 0.08359375
0 0.47421875 0.87265625 0.07890625 0.14375
0 0.57890625 0.875 0.08828125 0.096875
0 0.57421875 0.090625 0.03671875 0.07890625
0 0.97421875 0.090625 0.04140625 0.06484375
0 0.25234375 0.09296875 0.0234375 0.03203125
0 0.30546875 0.09296875 0.0234375 0.03203125
0 0.97890625 0.92578125 0.03203125 0.1390625
0 0.70390625 0.93046875 0.1296875 0.134375
0 0.89140625 0.93515625 0.08828125 0.1203125
0 0.55703125 0.95546875 0.1015625 0.0890625
0 0.0484375 0.965625 0.08359375 0.06484375
0 0.1109375 0.096875 0.03203125 0.0234375
0 0.27109375 0.97890625 0.06484375 0.04140625
0 0.8890625 0.10625 0.03671875 0.04609375
0 0.14609375 0.10625 0.03203125 0.06484375
0 0.34921875 0.10859375 0.028125 0.08359375
0 0.178125 0.10859375 0.028125 0.06015625
0 0.4515625 0.11328125 0.03203125 0.05078125
0 0.38671875 0.11796875 0.03203125 0.06953125
0 0.821875 0.11796875 0.04140625 0.07421875
0 0.4234375 0.12265625 0.03671875 0.08359375
0 0.54375 0.12265625 0.03203125 0.06953125
0 0.28046875 0.125 0.028125 0.07421875
0 0.04140625 0.125 0.03671875 0.03671875
0 0.00703125 0.125 0.0140625 0.04609375
0 0.63203125 0.12734375 0.03203125 0.06015625
0 0.96328125 0.12734375 0.04140625 0.06953125
0 0.32890625 0.1296875 0.0234375 0.05078125
0 0.615625 0.1296875 0.028125 0.06484375
0 0.46953125 0.1390625 0.0234375 0.06015625
0 0.76875 0.14140625 0.04140625 0.08828125
0 0.10390625 0.14375 0.03203125 0.06015625
0 0.24765625 0.14609375 0.03671875 0.05078125
0 0.9234375 0.153125 0.04140625 0.06953125
0 0.69453125 0.15546875 0.04140625 0.08359375
0 0.30546875 0.159375 0.03203125 0.09296875
0 0.87265625 0.16640625 0.04140625 0.06484375
0 0.49765625 0.17578125 0.03671875 0.06953125
0 0.2109375 0.178125 0.04140625 0.07890625
0 0.653125 0.18046875 0.03671875 0.06484375
0 0.3796875 0.1828125 0.05078125 0.06953125
0 0.13203125 0.1828125 0.04140625 0.08359375
0 0.04609375 0.18984375 0.03671875 0.07890625
0 0.82421875 0.20625 0.04140625 0.08359375