0 0.221875 0.52578125 0.009375 0.0140625
0 0.1203125 0.53203125 0.0140625 0.0140625
0 0.26171875 0.54609375 0.009375 0.0140625
0 0.09453125 0.5625 0.0140625 0.01875
0 0.57421875 0.57890625 0.009375 0.009375
0 0.87734375 0.57890625 0.0140625 0.01875
0 0.96796875 0.57890625 0.009375 0.01875
0 0.86328125 0.58125 0.0140625 0.01875
0 0.90703125 0.58125 0.0140625 0.0234375
0 0.9515625 0.58125 0.0140625 0.0234375
0 0.83125 0.58125 0.0140625 0.01875
0 0.61796875 0.58125 0.0046875 0.009375
0 0.384375 0.58359375 0.0140625 0.0140625
0 0.57890625 0.58359375 0.009375 0.009375
0 0.5859375 0.58359375 0.009375 0.009375
0 0.33828125 0.58359375 0.009375 0.0140625
0 0.6015625 0.5859375 0.0046875 0.009375
0 0.6390625 0.58828125 0.0046875 0.009375
0 0.56484375 0.58828125 0.0046875 0.009375
0 0.63203125 0.58828125 0.0046875 0.0140625
0 0.53046875 0.590625 0.0046875 0.009375
0 0.5140625 0.590625 0.0046875 0.0046875
0 0.52578125 0.590625 0.0046875 0.009375
0 0.553125 0.59296875 0.0046875 0.0140625
0 0.59296875 0.59296875 0.009375 0.009375
0 0.60859375 0.59453125 0.009375 0.0140625
0 0.76171875 0.59453125 0.0140625 0.009375
0 0.29609375 0.59453125 0.009375 0.009375
0 0.8078125 0.596875 0.0140625 0.0234375
0 0.990625 0.596875 0.009375 0.01875
0 0.48359375 0.596875 0.009375 0.0140625
0 0.46953125 0.596875 0.009375 0.0140625
0 0.778125 0.59921875 0.0140625 0.0140625
0 0.821875 0.59921875 0.0140625 0.028125
0 0.53046875 0.59921875 0.0140625 0.0140625
0 0.67109375 0.59921875 0.009375 0.0140625
0 0.840625 0.59921875 0.01875 0.028125
0 0.303125 0.59921875 0.009375 0.009375
0 0.95859375 0.6015625 0.01875 0.0234375
0 0.65703125 0.6015625 0.009375 0.0140625
0 0.78671875 0.60390625 0.009375 0.0140625
0 0.6015625 0.60390625 0.0140625 0.009375
0 0.27109375 0.60390625 0.0046875 0.009375
0 0.89609375 0.60625 0.028125 0.03203125
0 0.97890625 0.60625 0.0140625 0.0234375
0 0.865625 0.60859375 0.01875 0.028125
0 0.58125 0.60859375 0.01875 0.028125
0 0.446875 0.60859375 0.0234375 0.0140625
0 0.553125 0.60859375 0.0140625 0.0234375
0 0.5140625 0.60859375 0.009375 0.01875
0 0.48828125 0.6109375 0.009375 0.0140625
0 0.5 0.6109375 0.0140625 0.028125
0 0.52578125 0.6109375 0.01875 0.01875
0 0.34453125 0.6109375 0.0140625 0.0140625
0 0.6734375 0.61328125 0.009375 0.0140625
0 0.71796875 0.61328125 0.0046875 0.009375
0 0.7265625 0.61328125 0.009375 0.009375
0 0.76171875 0.61328125 0.009375 0.01875
0 0.77578125 0.61328125 0.01875 0.01875
0 0.29609375 0.61328125 0.0140625 0.0140625
0 0.54140625 0.61328125 0.0140625 0.0234375
0 0.75234375 0.61328125 0.0140625 0.0234375
0 0.384375 0.615625 0.0140625 0.0140625
0 0.6875 0.615625 0.0140625 0.0234375
0 0.79375 0.615625 0.0140625 0.01875
0 0.26171875 0.615625 0.0140625 0.009375
0 0.63203125 0.61796875 0.01875 0.0140625
0 0.3265625 0.6203125 0.0140625 0.01875
0 0.3359375 0.6203125 0.009375 0.0140625
0 0.44921875 0.6203125 0.009375 0.0140625
0 0.60390625 0.6203125 0.01875 0.0234375
0 0.36796875 0.6203125 0.0140625 0.01875
0 0.08125 0.6203125 0.009375 0.028125
0 0.49296875 0.6203125 0.0140625 0.01875
0 0.09296875 0.62265625 0.0140625 0.03203125
0 0.41171875 0.62265625 0.0140625 0.01875
0 0.2890625 0.625 0.009375 0.01875
0 0.928125 0.625 0.028125 0.03671875
0 0.3984375 0.625 0.009375 0.01875
0 0.43046875 0.625 0.0140625 0.01875
0 0.27109375 0.62734375 0.009375 0.01875
0 0.18984375 0.62734375 0.01875 0.0234375
0 0.70390625 0.62734375 0.01875 0.03203125
0 0.74296875 0.6296875 0.0140625 0.03671875
0 0.2359375 0.6296875 0.01875 0.0234375
0 0.625 0.6296875 0.01875 0.0234375
0 0.64140625 0.63203125 0.01875 0.03671875
0 0.28203125 0.63203125 0.0140625 0.01875
0 0.7265625 0.63203125 0.0140625 0.028125
0 0.303125 0.634375 0.0140625 0.01875
0 0.6875 0.63671875 0.0140625 0.01875
0 0.346875 0.63671875 0.01875 0.0234375
0 0.78203125 0.64140625 0.01875 0.03203125
0 0.009375 0.64609375 0.01875 0.03203125
0 0.98125 0.65078125 0.028125 0.04140625
0 0.76171875 0.65078125 0.028125 0.04140625
0 0.284375 0.653125 0.01875 0.028125
0 0.2265625 0.65703125 0.0140625 0.028125
0 0.096875 0.65703125 0.0234375 0.03671875
0 0.1875 0.6640625 0.028125 0.04140625
0 0.14140625 0.67109375 0.0234375 0.04140625
0 0.009375 0.70859375 0.01875 0.04609375
0 0.4375 0.73125 0.05078125 0.1109375