0 0.01875 0.10390625 0.03671875 0.06015625
0 0.32421875 0.10390625 0.028125 0.028125
0 0.06484375 0.10625 0.03203125 0.04609375
0 0.09296875 0.11328125 0.028125 0.04140625
0 0.12265625 0.11328125 0.0234375 0.03203125
0 0.6296875 0.1203125 0.03671875 0.06015625
0 0.2734375 0.12265625 0.04140625 0.05078125
0 0.3265625 0.12734375 0.01875 0.03203125
0 0.39140625 0.1296875 0.04140625 0.05546875
0 0.48359375 0.1296875 0.03203125 0.03203125
0 0.54140625 0.13203125 0.01875 0.03203125
0 0.79375 0.13671875 0.0234375 0.03203125
0 0.11328125 0.13671875 0.03203125 0.04140625
0 0.43984375 0.13671875 0.05078125 0.07890625
0 0.5859375 0.13671875 0.04140625 0.03203125
0 0.159375 0.13671875 0.03203125 0.06484375
0 0.659375 0.14375 0.028125 0.04140625
0 0.20390625 0.14375 0.04140625 0.05546875
0 0.6921875 0.14375 0.0234375 0.03671875
0 0.23828125 0.14609375 0.0234375 0.04140625
0 0.56484375 0.15078125 0.01875 0.028125
0 0.35859375 0.153125 0.03671875 0.06015625
0 0.80546875 0.15703125 0.028125 0.04140625
0 0.8359375 0.15703125 0.0234375 0.01875
0 0.07421875 0.15703125 0.03671875 0.05078125
0 0.9375 0.159375 0.0234375 0.03203125
0 0.90078125 0.159375 0.03671875 0.028125
0 0.3125 0.16171875 0.04140625 0.06015625
0 0.846875 0.1640625 0.0234375 0.01875
0 0.46953125 0.16640625 0.0234375 0.03203125
0 0.86796875 0.17578125 0.028125 0.03671875
0 0.95390625 0.178125 0.028125 0.03203125
0 0.90703125 0.1828125 0.03203125 0.03671875
0 0.9328125 0.1875 0.0234375 0.04140625
0 0.98828125 0.1875 0.0234375 0.05546875
0 0.83359375 0.18984375 0.0140625 0.028125
0 0.0140625 0.1921875 0.028125 0.05546875
0 0.84921875 0.19921875 0.0234375 0.04140625
0 0.55546875 0.2015625 0.05078125 0.07890625
0 0.10390625 0.20859375 0.04140625 0.05078125
0 0.96796875 0.215625 0.03203125 0.05078125
0 0.15703125 0.21953125 0.05546875 0.07421875
0 0.74296875 0.2265625 0.08359375 0.125
0 0.29375 0.22890625 0.06015625 0.1015625
0 0.053125 0.2359375 0.03671875 0.05078125
0 0.7015625 0.29140625 0.03671875 0.06015625
0 0.90546875 0.3125 0.1109375 0.1484375
0 0.14140625 0.32421875 0.05078125 0.09296875
0 0.3984375 0.3265625 0.05078125 0.06484375
0 0.340625 0.37265625 0.04609375 0.07890625
0 0.6828125 0.375 0.04609375 0.05078125
0 0.6484375 0.37734375 0.04140625 0.05078125
0 0.57421875 0.384375 0.03671875 0.07421875
0 0.0484375 0.384375 0.09296875 0.06015625
0 0.5390625 0.39609375 0.06015625 0.08359375
0 0.43515625 0.40546875 0.05078125 0.08359375
0 0.6734375 0.43046875 0.06015625 0.08828125
0 0.31015625 0.446875 0.05546875 0.08828125
0 0.6203125 0.45390625 0.06484375 0.096875
0 0.55078125 0.5046875 0.07890625 0.096875
0 0.27109375 0.50703125 0.07421875 0.05078125
0 0.41171875 0.528125 0.06953125 0.09296875
0 0.0484375 0.553125 0.096875 0.19921875
0 0.346875 0.61796875 0.06015625 0.1296875
0 0.25 0.634375 0.10625 0.15703125
0 0.54140625 0.65078125 0.07890625 0.134375
0 0.72890625 0.678125 0.07890625 0.14375
0 0.14609375 0.07421875 0.01875 0.0234375
0 0.053125 0.77578125 0.10625 0.08828125
0 0.45625 0.78671875 0.1109375 0.096875
0 0.10390625 0.08125 0.0234375 0.028125
0 0.2984375 0.81953125 0.2546875 0.17109375
0 0.88203125 0.83125 0.1203125 0.153125
0 0.26171875 0.08359375 0.0234375 0.0140625
0 0.53046875 0.8515625 0.15703125 0.1015625
0 0.12734375 0.8515625 0.096875 0.1109375
0 0.18515625 0.08828125 0.03671875 0.03671875
0 0.14140625 0.096875 0.03203125 0.03671875
0 0.45859375 0.1015625 0.0234375 0.03671875
0 0.0390625 0.1015625 0.028125 0.03671875
0 0.509375 0.10390625 0.04609375 0.06484375