0 0.5578125 0.4328125 0.0046875 0.009375
0 0.20625 0.43515625 0.0140625 0.01875
0 0.2265625 0.4375 0.01875 0.03203125
0 0.509375 0.4375 0.0046875 0.0140625
0 0.60859375 0.4375 0.009375 0.0140625
0 0.090625 0.4375 0.0234375 0.03203125
0 0.6015625 0.43984375 0.0046875 0.009375
0 0.634375 0.43984375 0.0046875 0.009375
0 0.7890625 0.43984375 0.0140625 0.01875
0 0.25 0.4421875 0.0140625 0.01875
0 0.53671875 0.4421875 0.009375 0.009375
0 0.45859375 0.4421875 0.0046875 0.009375
0 0.615625 0.4421875 0.0046875 0.009375
0 0.52578125 0.446875 0.0046875 0.009375
0 0.62734375 0.446875 0.0046875 0.009375
0 0.6921875 0.446875 0.0140625 0.01875
0 0.83125 0.446875 0.01875 0.028125
0 0.58125 0.446875 0.0046875 0.0140625
0 0.73828125 0.446875 0.0140625 0.01875
0 0.36328125 0.44921875 0.009375 0.01875
0 0.4375 0.4515625 0.009375 0.0140625
0 0.5234375 0.4515625 0.0046875 0.009375
0 0.6734375 0.4515625 0.009375 0.0140625
0 0.48359375 0.4515625 0.009375 0.009375
0 0.73359375 0.4515625 0.0140625 0.0234375
0 0.76875 0.4515625 0.0140625 0.01875
0 0.78203125 0.4515625 0.009375 0.01875
0 0.803125 0.4515625 0.01875 0.0234375
0 0.3796875 0.45390625 0.009375 0.01875
0 0.40703125 0.45390625 0.0046875 0.0140625
0 0.6203125 0.45390625 0.009375 0.0140625
0 0.65078125 0.45390625 0.009375 0.0140625
0 0.56484375 0.45625 0.0046875 0.009375
0 0.5484375 0.45859375 0.0140625 0.0234375
0 0.6015625 0.4609375 0.009375 0.0140625
0 0.71796875 0.465625 0.01875 0.03203125
0 0.409375 0.46953125 0.009375 0.01875
0 0.8125 0.46953125 0.0140625 0.0234375
0 0.31015625 0.471875 0.009375 0.0140625
0 0.91875 0.471875 0.0234375 0.03671875
0 0.89375 0.47421875 0.04140625 0.06015625
0 0.3703125 0.47421875 0.0234375 0.03203125
0 0.78203125 0.47890625 0.01875 0.028125
0 0.4859375 0.48828125 0.0140625 0.028125
0 0.43515625 0.48828125 0.01875 0.04609375
0 0.54140625 0.48828125 0.028125 0.04609375
0 0.759375 0.48828125 0.04140625 0.04609375
0 0.990625 0.49296875 0.01875 0.05078125
0 0.39609375 0.49296875 0.01875 0.028125
0 0.96953125 0.49765625 0.04140625 0.05546875
0 0.29609375 0.49765625 0.009375 0.0234375
0 0.8609375 0.5 0.028125 0.05078125
0 0.321875 0.509375 0.0140625 0.028125
0 0.57890625 0.509375 0.028125 0.03671875
0 0.82421875 0.51171875 0.0234375 0.03671875
0 0.6828125 0.5140625 0.0234375 0.04140625
0 0.03203125 0.51640625 0.03671875 0.05078125
0 0.615625 0.51875 0.04140625 0.07421875
0 0.721875 0.528125 0.03203125 0.03671875
0 0.48125 0.5390625 0.028125 0.028125
0 0.15703125 0.5390625 0.03203125 0.04140625
0 0.278125 0.5390625 0.0234375 0.03671875
0 0.84921875 0.5578125 0.03671875 0.07890625
0 0.06015625 0.571875 0.04609375 0.08828125
0 0.1203125 0.57421875 0.04140625 0.06953125
0 0.3078125 0.57890625 0.05078125 0.06953125
0 0.19921875 0.57890625 0.028125 0.07421875
0 0.3515625 0.58359375 0.05546875 0.096875
0 0.284375 0.58359375 0.0234375 0.04140625
0 0.89609375 0.59296875 0.07890625 0.1390625
0 0.403125 0.59296875 0.03203125 0.06484375
0 0.72421875 0.59296875 0.05078125 0.08359375
0 0.79609375 0.60625 0.096875 0.153125
0 0.1640625 0.6109375 0.04609375 0.08828125
0 0.6828125 0.61796875 0.05546875 0.08828125
0 0.5234375 0.6203125 0.07421875 0.125
0 0.9765625 0.625 0.04140625 0.134375
0 0.28671875 0.65546875 0.05546875 0.08828125
0 0.48359375 0.66640625 0.05078125 0.09296875
0 0.0234375 0.66640625 0.04609375 0.10625
0 0.6109375 0.66875 0.08828125 0.125
0 0.08359375 0.67578125 0.03671875 0.07890625
0 0.11328125 0.70859375 0.06953125 0.1296875
0 0.25234375 0.71796875 0.06953125 0.115625
0 0.92109375 0.903125 0.14375 0.18984375
0 0.24765625 0.946875 0.16640625 0.096875