0 0.70859375 0.3171875 0.028125 0.028125
0 0.85625 0.32890625 0.0140625 0.0234375
0 0.25 0.33125 0.01875 0.0234375
0 0.846875 0.33359375 0.0140625 0.0234375
0 0.83359375 0.33359375 0.01875 0.028125
0 0.39140625 0.3359375 0.009375 0.009375
0 0.31484375 0.3359375 0.0140625 0.0234375
0 0.2265625 0.33828125 0.01875 0.0234375
0 0.29609375 0.33828125 0.01875 0.01875
0 0.43515625 0.33828125 0.01875 0.0234375
0 0.57421875 0.33828125 0.01875 0.028125
0 0.93984375 0.340625 0.0140625 0.01875
0 0.98828125 0.34453125 0.0140625 0.01875
0 0.9515625 0.34453125 0.0140625 0.0140625
0 0.89375 0.34453125 0.0140625 0.0140625
0 0.15078125 0.34453125 0.0140625 0.01875
0 0.40703125 0.346875 0.0140625 0.0140625
0 0.11796875 0.3515625 0.0140625 0.0234375
0 0.08125 0.3609375 0.01875 0.0234375
0 0.76640625 0.37734375 0.0140625 0.01875
0 0.96796875 0.50234375 0.009375 0.0140625
0 0.95859375 0.5046875 0.0046875 0.009375
0 0.96953125 0.51171875 0.009375 0.009375
0 0.9765625 0.52578125 0.009375 0.0140625
0 0.9375 0.528125 0.009375 0.009375
0 0.990625 0.53203125 0.009375 0.01875
0 0.89375 0.534375 0.0140625 0.0140625
0 0.8125 0.53671875 0.0046875 0.009375
0 0.91171875 0.5390625 0.009375 0.0140625
0 0.76171875 0.5390625 0.009375 0.0140625
0 0.86328125 0.54140625 0.009375 0.009375
0 0.83359375 0.54609375 0.009375 0.0140625
0 0.9375 0.54609375 0.009375 0.0140625
0 0.96953125 0.54609375 0.0140625 0.0140625
0 0.778125 0.5484375 0.009375 0.009375
0 0.85390625 0.55078125 0.0140625 0.0140625
0 0.89609375 0.553125 0.009375 0.0140625
0 0.965625 0.553125 0.009375 0.009375
0 0.93515625 0.5625 0.0140625 0.0140625
0 0.81953125 0.5625 0.009375 0.01875
0 0.84921875 0.571875 0.009375 0.0140625
0 0.8609375 0.571875 0.009375 0.0140625
0 0.7984375 0.57421875 0.009375 0.0140625
0 0.778125 0.5765625 0.009375 0.009375
0 0.98359375 0.58125 0.0140625 0.01875
0 0.95625 0.5859375 0.0140625 0.0234375
0 0.93046875 0.58828125 0.0140625 0.01875
0 0.94453125 0.58828125 0.0140625 0.01875
0 0.89140625 0.590625 0.0140625 0.01875
0 0.759375 0.590625 0.0140625 0.01875
0 0.83359375 0.59453125 0.0140625 0.01875
0 0.81015625 0.596875 0.009375 0.0140625
0 0.90546875 0.596875 0.0140625 0.0140625
0 0.92578125 0.596875 0.0140625 0.0140625
0 0.7984375 0.6015625 0.0140625 0.009375
0 0.73828125 0.6015625 0.009375 0.0140625
0 0.87734375 0.60625 0.0140625 0.01875
0 0.971875 0.60859375 0.0140625 0.01875
0 0.69921875 0.615625 0.0140625 0.01875
0 0.778125 0.615625 0.0140625 0.0140625
0 0.903125 0.61796875 0.0140625 0.01875
0 0.82890625 0.62265625 0.01875 0.01875
0 0.67109375 0.62265625 0.0140625 0.01875
0 0.80546875 0.625 0.0140625 0.009375
0 0.72421875 0.62734375 0.0140625 0.01875
0 0.78203125 0.6296875 0.0140625 0.01875
0 0.70859375 0.6296875 0.01875 0.0234375
0 0.8515625 0.63203125 0.0140625 0.01875
0 0.98828125 0.63203125 0.0140625 0.01875
0 0.8078125 0.63671875 0.0140625 0.0140625
0 0.51171875 0.64140625 0.0140625 0.0140625
0 0.92109375 0.6484375 0.01875 0.01875
0 0.95859375 0.65078125 0.0140625 0.01875
0 0.653125 0.65078125 0.0140625 0.01875
0 0.5484375 0.65078125 0.0140625 0.01875
0 0.59921875 0.653125 0.01875 0.01875
0 0.6296875 0.653125 0.0140625 0.01875
0 0.52578125 0.65546875 0.0140625 0.01875
0 0.98359375 0.65546875 0.0234375 0.01875
0 0.89140625 0.65703125 0.0140625 0.01875
0 0.84296875 0.659375 0.01875 0.028125
0 0.72421875 0.66171875 0.01875 0.028125
0 0.3796875 0.66171875 0.0140625 0.01875
0 0.51171875 0.66171875 0.01875 0.0234375
0 0.55078125 0.66640625 0.01875 0.0234375
0 0.77109375 0.66875 0.01875 0.01875
0 0.90546875 0.66875 0.0140625 0.01875
0 0.60390625 0.66875 0.01875 0.028125
0 0.42109375 0.6734375 0.0140625 0.01875
0 0.98125 0.67578125 0.01875 0.028125
0 0.3984375 0.678125 0.0140625 0.01875
0 0.63203125 0.68046875 0.0140625 0.0234375
0 0.8703125 0.68515625 0.0234375 0.01875
0 0.6640625 0.6921875 0.01875 0.028125
0 0.84296875 0.69453125 0.01875 0.0234375
0 0.596875 0.69453125 0.028125 0.03203125
0 0.48359375 0.696875 0.01875 0.028125
0 0.39140625 0.69921875 0.01875 0.01875
0 0.77109375 0.69921875 0.01875 0.0234375
0 0.81953125 0.69921875 0.01875 0.0234375
0 0.94921875 0.7015625 0.01875 0.0234375
0 0.98125 0.70390625 0.01875 0.028125
0 0.41171875 0.70390625 0.01875 0.01875
0 0.36328125 0.70625 0.0140625 0.0234375
0 0.303125 0.70625 0.009375 0.01875
0 0.73125 0.70859375 0.01875 0.03203125
0 0.32890625 0.70859375 0.01875 0.028125
0 0.75703125 0.71328125 0.01875 0.028125
0 0.28671875 0.715625 0.0140625 0.0234375
0 0.55546875 0.715625 0.01875 0.028125
0 0.865625 0.71796875 0.01875 0.01875
0 0.3125 0.71796875 0.0140625 0.01875
0 0.61796875 0.71796875 0.0140625 0.01875
0 0.41875 0.721875 0.0140625 0.01875
0 0.4421875 0.72421875 0.0140625 0.01875
0 0.53046875 0.72890625 0.01875 0.028125
0 0.903125 0.72890625 0.01875 0.028125
0 0.5 0.72890625 0.01875 0.028125
0 0.7015625 0.7359375 0.01875 0.01875
0 0.98828125 0.740625 0.0234375 0.028125
0 0.40546875 0.740625 0.0140625 0.01875
0 0.93515625 0.74296875 0.0234375 0.01875
0 0.85625 0.7453125 0.0234375 0.028125
0 0.68046875 0.74765625 0.0234375 0.028125
0 0.4234375 0.7546875 0.01875 0.028125
0 0.57421875 0.75703125 0.01875 0.0234375
0 0.39140625 0.75703125 0.01875 0.03203125
0 0.96953125 0.75703125 0.01875 0.028125
0 0.284375 0.759375 0.01875 0.01875
0 0.3125 0.759375 0.0234375 0.03203125
0 0.27109375 0.759375 0.009375 0.01875
0 0.8890625 0.76171875 0.0234375 0.028125
0 0.83125 0.76171875 0.0234375 0.028125
0 0.33828125 0.76875 0.01875 0.028125
0 0.465625 0.784375 0.01875 0.0234375
0 0.56953125 0.78671875 0.0234375 0.028125
0 0.80078125 0.79140625 0.01875 0.01875
0 0.62734375 0.79375 0.01875 0.03203125
0 0.28671875 0.79375 0.01875 0.0234375
0 0.678125 0.79609375 0.01875 0.028125
0 0.93046875 0.80078125 0.028125 0.03671875
0 0.75234375 0.803125 0.01875 0.028125
0 0.4765625 0.81484375 0.0234375 0.028125
0 0.27578125 0.81953125 0.01875 0.03203125
0 0.2984375 0.821875 0.0234375 0.028125
0 0.36328125 0.82421875 0.01875 0.03203125
0 0.1921875 0.82890625 0.028125 0.03671875
0 0.45625 0.82890625 0.0234375 0.03203125
0 0.946875 0.83359375 0.0234375 0.03203125
0 0.55546875 0.84296875 0.01875 0.01875
0 0.48125 0.85625 0.0234375 0.03203125
0 0.403125 0.86796875 0.028125 0.04140625
0 0.7359375 0.8703125 0.028125 0.03203125
0 0.29609375 0.88203125 0.0234375 0.03671875
0 0.65546875 0.89375 0.028125 0.028125