0 0.21328125 0.196875 0.07421875 0.1296875
0 0.375 0.21796875 0.06953125 0.1203125
0 0.29609375 0.23125 0.06015625 0.096875
0 0.5671875 0.28046875 0.06484375 0.125
0 0.49296875 0.284375 0.06953125 0.1390625
0 0.33828125 0.303125 0.06015625 0.096875
0 0.65 0.03203125 0.040625 0.0640625
0 0.75859375 0.03203125 0.0515625 0.0640625
0 0.79609375 0.3125 0.1015625 0.16640625
0 0.678125 0.31484375 0.08828125 0.16171875
0 0.4140625 0.33359375 0.06953125 0.125
0 0.240625 0.3359375 0.06953125 0.1203125
0 0.86484375 0.04609375 0.0828125 0.0921875
0 0.3171875 0.48828125 0.07421875 0.1296875
0 0.48359375 0.490625 0.08359375 0.153125
0 0.528125 0.06015625 0.05078125 0.09296875
0 0.81484375 0.07890625 0.04140625 0.07421875
0 0.46796875 0.09296875 0.05078125 0.05546875
0 0.6484375 0.1015625 0.03203125 0.06015625
0 0.76640625 0.1015625 0.05546875 0.096875
0 0.58125 0.1109375 0.06015625 0.115625
0 0.3796875 0.11328125 0.05078125 0.096875
0 0.096875 0.12265625 0.05078125 0.1109375
0 0.28046875 0.134375 0.05078125 0.09296875
0 0.66171875 0.1390625 0.05078125 0.1203125
0 0.8609375 0.14375 0.08359375 0.1296875
0 0.15546875 0.15546875 0.04609375 0.06953125
0 0.340625 0.15546875 0.04140625 0.07890625
0 0.45859375 0.16875 0.05078125 0.096875
0 0.69921875 0.17578125 0.05546875 0.06953125