0 0.32890625 0.00703125 0.0234375 0.0140625
0 0.23359375 0.07421875 0.03203125 0.03203125
0 0.66171875 0.75 0.1296875 0.1109375
0 0.06953125 0.0765625 0.04609375 0.04609375
0 0.1390625 0.784375 0.10625 0.115625
0 0.509375 0.009375 0.0234375 0.01875
0 0.86328125 0.090625 0.03671875 0.04609375
0 0.40546875 0.096875 0.03671875 0.04140625
0 0.53671875 0.01171875 0.028125 0.0234375
0 0.74296875 0.10859375 0.03671875 0.04609375
0 0.09453125 0.115625 0.04140625 0.05078125
0 0.58359375 0.115625 0.028125 0.05078125
0 0.58359375 0.0140625 0.028125 0.028125
0 0.78203125 0.1296875 0.05546875 0.04609375
0 0.63671875 0.134375 0.03671875 0.04140625
0 0.784375 0.14140625 0.04140625 0.04140625
0 0.0140625 0.1484375 0.028125 0.05546875
0 0.25 0.15078125 0.06015625 0.05546875
0 0.965625 0.159375 0.04609375 0.05078125
0 0.43046875 0.16171875 0.04609375 0.05546875
0 0.16640625 0.16640625 0.05078125 0.05546875
0 0.94453125 0.1734375 0.05546875 0.05546875
0 0.28046875 0.0234375 0.03671875 0.03671875
0 0.3078125 0.0234375 0.03203125 0.03671875
0 0.34453125 0.0234375 0.028125 0.028125
0 0.72421875 0.25 0.06015625 0.06484375
0 0.61328125 0.02578125 0.03203125 0.028125
0 0.61328125 0.25703125 0.06015625 0.06953125
0 0.71796875 0.02578125 0.03203125 0.03203125
0 0.43046875 0.02578125 0.04140625 0.03671875
0 0.02109375 0.26875 0.04140625 0.08359375
0 0.26171875 0.2734375 0.05078125 0.06015625
0 0.7890625 0.32421875 0.06015625 0.06953125
0 0.946875 0.03203125 0.03671875 0.03671875
0 0.403125 0.33359375 0.06953125 0.06484375
0 0.91875 0.33359375 0.06015625 0.06015625
0 0.16171875 0.35859375 0.06015625 0.06015625
0 0.67109375 0.03671875 0.0234375 0.03671875
0 0.5765625 0.384375 0.06484375 0.07421875
0 0.45390625 0.3890625 0.06484375 0.06953125
0 0.803125 0.0390625 0.03203125 0.03671875
0 0.49765625 0.42578125 0.07421875 0.08828125
0 0.9609375 0.45625 0.06953125 0.08828125
0 0.65703125 0.0484375 0.04140625 0.03203125
0 0.81015625 0.50234375 0.08828125 0.07890625
0 0.32890625 0.05078125 0.03203125 0.03203125
0 0.09453125 0.51640625 0.06484375 0.06484375
0 0.57890625 0.53671875 0.06953125 0.09296875
0 0.221875 0.05546875 0.0234375 0.03203125
0 0.35625 0.58125 0.09296875 0.1203125
0 0.51640625 0.615625 0.096875 0.115625
0 0.8078125 0.0671875 0.03203125 0.03671875
0 0.803125 0.6734375 0.115625 0.096875
0 0.70390625 0.06953125 0.03203125 0.04140625