0 0.61328125 0.32890625 0.009375 0.01875
0 0.80546875 0.32890625 0.009375 0.0140625
0 0.365625 0.32890625 0.009375 0.0140625
0 0.53203125 0.32890625 0.0046875 0.009375
0 0.58828125 0.32890625 0.009375 0.009375
0 0.60625 0.33125 0.009375 0.0046875
0 0.62265625 0.33125 0.009375 0.009375
0 0.14375 0.33125 0.009375 0.01875
0 0.66640625 0.33125 0.0140625 0.0140625
0 0.13671875 0.33359375 0.0140625 0.0140625
0 0.34921875 0.33359375 0.0140625 0.0140625
0 0.41171875 0.33359375 0.0140625 0.0140625
0 0.6875 0.33359375 0.009375 0.009375
0 0.82421875 0.33359375 0.0140625 0.0140625
0 0.54609375 0.33359375 0.0046875 0.009375
0 0.6390625 0.33359375 0.0140625 0.0140625
0 0.69453125 0.33359375 0.0140625 0.009375
0 0.70390625 0.33359375 0.009375 0.0140625
0 0.78046875 0.33359375 0.009375 0.0140625
0 0.4765625 0.33359375 0.0140625 0.0140625
0 0.5671875 0.33359375 0.009375 0.0140625
0 0.596875 0.33359375 0.009375 0.009375
0 0.221875 0.3359375 0.0140625 0.0140625
0 0.840625 0.3359375 0.0140625 0.0140625
0 0.71328125 0.3359375 0.0140625 0.0140625
0 0.65546875 0.3359375 0.009375 0.009375
0 0.46328125 0.3359375 0.009375 0.01875
0 0.48828125 0.3359375 0.009375 0.0140625
0 0.51640625 0.3359375 0.009375 0.0140625
0 0.76640625 0.3359375 0.009375 0.0140625
0 0.78671875 0.3359375 0.009375 0.0140625
0 0.53203125 0.33828125 0.0046875 0.0140625
0 0.3703125 0.33828125 0.009375 0.0140625
0 0.678125 0.33828125 0.0140625 0.0140625
0 0.509375 0.33828125 0.009375 0.0140625
0 0.4375 0.33828125 0.009375 0.0140625
0 0.32421875 0.340625 0.009375 0.009375
0 0.6015625 0.340625 0.009375 0.009375
0 0.15703125 0.340625 0.0140625 0.01875
0 0.45390625 0.340625 0.009375 0.0140625
0 0.55078125 0.340625 0.009375 0.009375
0 0.30546875 0.340625 0.009375 0.0140625
0 0.403125 0.340625 0.009375 0.009375
0 0.6296875 0.340625 0.009375 0.0140625
0 0.2984375 0.34296875 0.009375 0.01875
0 0.384375 0.34296875 0.009375 0.0140625
0 0.81484375 0.34453125 0.009375 0.0140625
0 0.39609375 0.34453125 0.009375 0.009375
0 0.43046875 0.34453125 0.009375 0.0140625
0 0.73125 0.34453125 0.0140625 0.01875
0 0.8359375 0.346875 0.009375 0.009375
0 0.77578125 0.346875 0.0140625 0.0140625
0 0.5765625 0.346875 0.0140625 0.0140625
0 0.75234375 0.346875 0.0140625 0.0140625
0 0.4765625 0.34921875 0.009375 0.0140625
0 0.7453125 0.34921875 0.0140625 0.0140625
0 0.20859375 0.34921875 0.0140625 0.0140625
0 0.321875 0.34921875 0.009375 0.009375
0 0.196875 0.34921875 0.0046875 0.0140625
0 0.85859375 0.3515625 0.0140625 0.0140625
0 0.69921875 0.35390625 0.0140625 0.009375
0 0.284375 0.35625 0.009375 0.0140625
0 0.821875 0.3609375 0.009375 0.0140625
0 0.6015625 0.3609375 0.0140625 0.0140625
0 0.778125 0.36328125 0.0140625 0.0140625
0 0.35859375 0.36328125 0.0140625 0.0140625
0 0.44453125 0.36328125 0.0140625 0.0140625
0 0.76171875 0.365625 0.009375 0.009375
0 0.8515625 0.365625 0.0140625 0.01875
0 0.87734375 0.36796875 0.0140625 0.01875
0 0.7453125 0.375 0.0140625 0.01875
0 0.615625 0.37734375 0.009375 0.0140625
0 0.8078125 0.37734375 0.0140625 0.01875
0 0.78046875 0.3796875 0.0140625 0.0140625
0 0.64140625 0.38203125 0.009375 0.0140625
0 0.60390625 0.384375 0.009375 0.0140625
0 0.759375 0.384375 0.0140625 0.009375
0 0.69453125 0.38671875 0.0140625 0.0140625
0 0.4859375 0.38671875 0.009375 0.0140625
0 0.19921875 0.39140625 0.0140625 0.01875
0 0.7734375 0.39375 0.0140625 0.0140625
0 0.846875 0.39375 0.0140625 0.0140625
0 0.15546875 0.39375 0.009375 0.0140625
0 0.35859375 0.39609375 0.0140625 0.0234375
0 0.721875 0.39609375 0.009375 0.009375
0 0.653125 0.40078125 0.01875 0.0140625
0 0.23828125 0.40546875 0.0140625 0.0140625
0 0.62265625 0.40703125 0.01875 0.0234375
0 0.78046875 0.409375 0.0140625 0.01875
0 0.52578125 0.409375 0.009375 0.0140625
0 0.92578125 0.41875 0.009375 0.0140625
0 0.38671875 0.4234375 0.0140625 0.01875
0 0.35859375 0.428125 0.0140625 0.0234375
0 0.4609375 0.428125 0.009375 0.01875
0 0.58125 0.43046875 0.0140625 0.01875
0 0.71796875 0.4328125 0.009375 0.0140625
0 0.9140625 0.4328125 0.0140625 0.01875
0 0.490625 0.4328125 0.009375 0.0140625
0 0.55546875 0.4375 0.009375 0.01875
0 0.7984375 0.4375 0.0140625 0.01875
0 0.47890625 0.4375 0.009375 0.0140625
0 0.884375 0.4375 0.01875 0.0234375
0 0.85390625 0.43984375 0.0140625 0.0140625
0 0.965625 0.43984375 0.0140625 0.01875
0 0.2015625 0.43984375 0.0140625 0.01875
0 0.39609375 0.4421875 0.0140625 0.0140625
0 0.50703125 0.4421875 0.0140625 0.01875
0 0.68046875 0.4421875 0.0140625 0.01875
0 0.7546875 0.44921875 0.0140625 0.0140625
0 0.18046875 0.4515625 0.0140625 0.0140625
0 0.65546875 0.46328125 0.0140625 0.0140625
0 0.375 0.4859375 0.0140625 0.01875
0 0.9765625 0.48828125 0.0140625 0.0140625
0 0.87265625 0.490625 0.0140625 0.0234375
0 0.77578125 0.50234375 0.01875 0.01875
0 0.90546875 0.50234375 0.0140625 0.01875
0 0.58359375 0.5046875 0.0140625 0.01875
0 0.4765625 0.5046875 0.0140625 0.01875
0 0.3890625 0.5234375 0.0140625 0.01875
0 0.99296875 0.5234375 0.0046875 0.028125
0 0.7984375 0.528125 0.0140625 0.01875
0 0.3703125 0.53046875 0.01875 0.01875
0 0.71328125 0.53046875 0.0140625 0.01875
0 0.41640625 0.53671875 0.0140625 0.01875
0 0.8265625 0.5390625 0.0140625 0.01875
0 0.5859375 0.5390625 0.009375 0.01875
0 0.865625 0.54140625 0.0140625 0.01875
0 0.634375 0.54375 0.009375 0.0140625
0 0.7453125 0.54609375 0.0140625 0.01875
0 0.64375 0.5484375 0.0140625 0.01875
0 0.159375 0.553125 0.0140625 0.01875
0 0.82421875 0.5578125 0.01875 0.01875
0 0.86796875 0.5671875 0.01875 0.01875
0 0.9859375 0.571875 0.01875 0.01875
0 0.71796875 0.58125 0.0140625 0.01875
0 0.84296875 0.59296875 0.0140625 0.01875
0 0.0046875 0.59296875 0.009375 0.01875
0 0.3796875 0.59453125 0.01875 0.01875
0 0.7359375 0.59921875 0.01875 0.01875
0 0.05546875 0.59921875 0.0140625 0.0140625
0 0.15703125 0.60390625 0.0140625 0.01875
0 0.4234375 0.6203125 0.0140625 0.0234375
0 0.1296875 0.6203125 0.0234375 0.0234375
0 0.384375 0.6296875 0.01875 0.01875
0 0.009375 0.64375 0.01875 0.0234375
0 0.7890625 0.6640625 0.01875 0.01875
0 0.4140625 0.68046875 0.0140625 0.0234375
0 0.04609375 0.6875 0.01875 0.0234375
0 0.45625 0.68984375 0.01875 0.028125
0 0.79609375 0.70625 0.01875 0.0234375
0 0.8609375 0.70625 0.01875 0.0234375
0 0.10625 0.7734375 0.01875 0.028125
0 0.403125 0.79609375 0.0234375 0.028125
0 0.58125 0.80078125 0.01875 0.028125
0 0.70859375 0.82890625 0.01875 0.028125
0 0.90703125 0.83359375 0.0234375 0.0234375
0 0.54140625 0.8359375 0.01875 0.028125
0 0.23359375 0.8359375 0.01875 0.028125
0 0.10390625 0.840625 0.0234375 0.028125
0 0.865625 0.8515625 0.01875 0.0234375
0 0.5859375 0.884375 0.0234375 0.03203125
0 0.25703125 0.903125 0.01875 0.0234375
0 0.3078125 0.90546875 0.01875 0.0140625
0 0.38671875 0.90703125 0.01875 0.009375