0 0.4765625 0.625 0.0046875 0.009375
0 0.40078125 0.62734375 0.009375 0.009375
0 0.46328125 0.62734375 0.0046875 0.009375
0 0.46953125 0.62734375 0.0046875 0.009375
0 0.44453125 0.6296875 0.0046875 0.009375
0 0.45390625 0.6296875 0.0046875 0.009375
0 0.2265625 0.63671875 0.009375 0.0140625
0 0.38671875 0.6390625 0.0046875 0.009375
0 0.528125 0.6390625 0.009375 0.0140625
0 0.76640625 0.64140625 0.0140625 0.0140625
0 0.37734375 0.64140625 0.0046875 0.009375
0 0.33359375 0.64375 0.009375 0.0140625
0 0.18046875 0.64375 0.009375 0.0140625
0 0.259375 0.64375 0.0046875 0.009375
0 0.346875 0.64375 0.0046875 0.0046875
0 0.2359375 0.64609375 0.0046875 0.009375
0 0.278125 0.64609375 0.0046875 0.0140625
0 0.321875 0.64609375 0.0046875 0.009375
0 0.028125 0.64609375 0.009375 0.0140625
0 0.3703125 0.64609375 0.0046875 0.009375
0 0.5046875 0.6484375 0.009375 0.0140625
0 0.5390625 0.6484375 0.009375 0.0140625
0 0.30546875 0.6484375 0.0046875 0.009375
0 0.625 0.65078125 0.009375 0.009375
0 0.15078125 0.65078125 0.0046875 0.0140625
0 0.25234375 0.65078125 0.0046875 0.009375
0 0.009375 0.653125 0.009375 0.0140625
0 0.15546875 0.653125 0.0046875 0.0046875
0 0.64375 0.653125 0.009375 0.0140625
0 0.36328125 0.653125 0.009375 0.009375
0 0.553125 0.653125 0.009375 0.0140625
0 0.63203125 0.653125 0.009375 0.009375
0 0.56484375 0.65546875 0.0046875 0.0140625
0 0.5390625 0.65703125 0.009375 0.0140625
0 0.66640625 0.65703125 0.0046875 0.009375
0 0.51640625 0.65703125 0.009375 0.01875
0 0.66171875 0.65703125 0.0046875 0.009375
0 0.32890625 0.65703125 0.0046875 0.0046875
0 0.31484375 0.659375 0.0140625 0.01875
0 0.43046875 0.659375 0.0046875 0.0140625
0 0.446875 0.659375 0.009375 0.0140625
0 0.83359375 0.659375 0.009375 0.0140625
0 0.09921875 0.66171875 0.0046875 0.0046875
0 0.09296875 0.66171875 0.009375 0.0140625
0 0.26640625 0.66171875 0.0046875 0.0140625
0 0.50703125 0.66171875 0.0046875 0.0140625
0 0.18515625 0.6640625 0.0046875 0.009375
0 0.071875 0.6640625 0.0140625 0.0140625
0 0.7984375 0.6640625 0.0140625 0.01875
0 0.4953125 0.66640625 0.009375 0.009375
0 0.85625 0.66640625 0.0140625 0.01875
0 0.41875 0.66640625 0.0046875 0.009375
0 0.10859375 0.66875 0.0140625 0.0234375
0 0.40546875 0.66875 0.009375 0.0140625
0 0.8265625 0.66875 0.0140625 0.01875
0 0.221875 0.66875 0.009375 0.0140625
0 0.23359375 0.67109375 0.0046875 0.01875
0 0.7015625 0.67109375 0.009375 0.0140625
0 0.37734375 0.67109375 0.009375 0.0140625
0 0.05078125 0.67109375 0.009375 0.009375
0 0.134375 0.67109375 0.009375 0.01875
0 0.39375 0.67109375 0.009375 0.0140625
0 0.73125 0.67109375 0.0140625 0.0140625
0 0.0234375 0.6734375 0.009375 0.009375
0 0.04375 0.6734375 0.0046875 0.0140625
0 0.84921875 0.67578125 0.0140625 0.0140625
0 0.7453125 0.67578125 0.0140625 0.0140625
0 0.03671875 0.67578125 0.009375 0.009375
0 0.090625 0.67578125 0.0140625 0.01875
0 0.196875 0.678125 0.009375 0.0140625
0 0.0046875 0.68046875 0.009375 0.01875
0 0.2734375 0.678125 0.009375 0.01875
0 0.12265625 0.6828125 0.0140625 0.01875
0 0.06953125 0.6828125 0.009375 0.0140625
0 0.034375 0.6828125 0.009375 0.0140625
0 0.153125 0.6875 0.009375 0.01875
0 0.1875 0.6875 0.0140625 0.01875
0 0.21953125 0.6875 0.009375 0.01875
0 0.51640625 0.68984375 0.009375 0.009375
0 0.696875 0.6921875 0.0140625 0.01875
0 0.7265625 0.69453125 0.01875 0.01875
0 0.6875 0.696875 0.0140625 0.01875
0 0.740625 0.696875 0.0140625 0.0140625
0 0.2734375 0.696875 0.0140625 0.01875
0 0.22890625 0.69921875 0.0140625 0.0234375
0 0.36796875 0.70390625 0.0140625 0.01875
0 0.86328125 0.70390625 0.0140625 0.0234375
0 0.89609375 0.70390625 0.0140625 0.0234375
0 0.85390625 0.70390625 0.0140625 0.0234375
0 0.1921875 0.70625 0.0140625 0.01875
0 0.51640625 0.70625 0.0140625 0.01875
0 0.31015625 0.70859375 0.0140625 0.0234375
0 0.32890625 0.715625 0.01875 0.0234375
0 0.36796875 0.71796875 0.01875 0.01875
0 0.06484375 0.71953125 0.0140625 0.01875
0 0.14140625 0.71953125 0.01875 0.0234375
0 0.66875 0.721875 0.01875 0.028125
0 0.87734375 0.72421875 0.01875 0.028125
0 0.07421875 0.72890625 0.0140625 0.028125
0 0.0390625 0.73125 0.0140625 0.0234375
0 0.965625 0.7359375 0.028125 0.03203125
0 0.3703125 0.7359375 0.01875 0.01875
0 0.22890625 0.7359375 0.01875 0.03203125
0 0.62265625 0.740625 0.01875 0.03203125
0 0.19453125 0.740625 0.01875 0.028125
0 0.6484375 0.740625 0.01875 0.01875
0 0.7359375 0.74296875 0.01875 0.03203125
0 0.17109375 0.75703125 0.01875 0.03203125
0 0.65703125 0.7734375 0.028125 0.04140625
0 0.7453125 0.79609375 0.028125 0.04140625
0 0.59921875 0.80078125 0.028125 0.04140625
0 0.83828125 0.840625 0.03203125 0.05546875
0 0.65703125 0.86328125 0.03671875 0.04609375
0 0.86328125 0.8796875 0.04609375 0.06484375
0 0.77578125 0.96953125 0.09296875 0.05546875