0 0.14375 0.2640625 0.01875 0.0234375
0 0.2359375 0.2640625 0.0140625 0.01875
0 0.22421875 0.26640625 0.0140625 0.0234375
0 0.48125 0.26640625 0.0140625 0.0234375
0 0.20625 0.26640625 0.0140625 0.0140625
0 0.12734375 0.2734375 0.009375 0.0140625
0 0.26875 0.278125 0.009375 0.0140625
0 0.66640625 0.28046875 0.0234375 0.03203125
0 0.20859375 0.284375 0.0140625 0.0234375
0 0.21796875 0.284375 0.0140625 0.0234375
0 0.28671875 0.284375 0.01875 0.0234375
0 0.159375 0.28671875 0.009375 0.0234375
0 0.4609375 0.2890625 0.0140625 0.028125
0 0.53203125 0.2890625 0.01875 0.0234375
0 0.32421875 0.29140625 0.0234375 0.0234375
0 0.2359375 0.29375 0.0234375 0.028125
0 0.61328125 0.29375 0.01875 0.028125
0 0.2546875 0.29375 0.01875 0.028125
0 0.4234375 0.29609375 0.0140625 0.0234375
0 0.64609375 0.2984375 0.0234375 0.04140625
0 0.36328125 0.2984375 0.01875 0.0234375
0 0.134375 0.30078125 0.01875 0.028125
0 0.17578125 0.303125 0.01875 0.028125
0 0.2984375 0.303125 0.01875 0.028125
0 0.31484375 0.3078125 0.01875 0.03671875
0 0.05078125 0.31015625 0.0234375 0.04609375
0 0.57890625 0.31015625 0.01875 0.028125
0 0.26875 0.3125 0.01875 0.028125
0 0.1109375 0.3125 0.01875 0.028125
0 0.21328125 0.3125 0.01875 0.03671875
0 0.153125 0.31484375 0.01875 0.028125
0 0.365625 0.3171875 0.0140625 0.0234375
0 0.68984375 0.3171875 0.01875 0.03671875
0 0.46953125 0.3171875 0.01875 0.028125
0 0.38203125 0.31953125 0.0140625 0.0234375
0 0.24765625 0.321875 0.01875 0.028125
0 0.1875 0.321875 0.0140625 0.028125
0 0.509375 0.321875 0.01875 0.028125
0 0.5484375 0.32421875 0.01875 0.028125
0 0.9375 0.32421875 0.04609375 0.05546875
0 0.53046875 0.32421875 0.01875 0.03203125
0 0.5625 0.32421875 0.0140625 0.01875
0 0.41875 0.32890625 0.01875 0.028125
0 0.43515625 0.32890625 0.0140625 0.0234375
0 0.446875 0.33359375 0.0140625 0.028125
0 0.490625 0.33359375 0.009375 0.0140625
0 0.284375 0.3359375 0.01875 0.028125
0 0.346875 0.3359375 0.01875 0.0234375
0 0.39609375 0.3359375 0.01875 0.028125
0 0.70625 0.3359375 0.01875 0.03203125
0 0.32890625 0.33828125 0.01875 0.03671875
0 0.1296875 0.34453125 0.0234375 0.03671875
0 0.30078125 0.346875 0.0234375 0.04140625
0 0.5046875 0.35625 0.01875 0.03671875
0 0.78046875 0.35625 0.028125 0.05078125
0 0.57421875 0.35859375 0.028125 0.03671875
0 0.5234375 0.3609375 0.01875 0.03203125
0 0.1921875 0.36796875 0.028125 0.04609375
0 0.221875 0.37265625 0.028125 0.05546875
0 0.62734375 0.37265625 0.01875 0.0234375
0 0.159375 0.3796875 0.03203125 0.04609375
0 0.55078125 0.384375 0.0140625 0.028125
0 0.43515625 0.38671875 0.03203125 0.04140625
0 0.67109375 0.38671875 0.0234375 0.03671875
0 0.1015625 0.3890625 0.03203125 0.05078125
0 0.340625 0.3890625 0.03203125 0.05546875
0 0.571875 0.3890625 0.01875 0.03671875
0 0.37265625 0.39140625 0.0234375 0.03671875
0 0.6203125 0.39375 0.028125 0.028125
0 0.51875 0.3984375 0.028125 0.04609375
0 0.67578125 0.40546875 0.01875 0.03671875
0 0.903125 0.409375 0.03203125 0.05546875
0 0.4859375 0.41171875 0.03671875 0.06484375
0 0.0234375 0.4140625 0.04609375 0.07890625
0 0.07421875 0.41875 0.04140625 0.07890625
0 0.971875 0.42109375 0.03203125 0.06484375
0 0.29375 0.4234375 0.03203125 0.06015625
0 0.58125 0.43046875 0.03203125 0.05078125
0 0.14375 0.4328125 0.03203125 0.05078125
0 0.7359375 0.43515625 0.04609375 0.08359375
0 0.2640625 0.43984375 0.03671875 0.05546875
0 0.615625 0.44453125 0.03671875 0.06015625
0 0.865625 0.446875 0.03203125 0.05078125
0 0.68515625 0.44921875 0.03671875 0.06015625
0 0.36796875 0.465625 0.05078125 0.07421875
0 0.8515625 0.471875 0.04140625 0.06015625
0 0.4609375 0.4765625 0.04609375 0.08828125
0 0.12265625 0.48125 0.03671875 0.07890625
0 0.96328125 0.48828125 0.03203125 0.05546875
0 0.77109375 0.4953125 0.04140625 0.04609375
0 0.66875 0.5140625 0.04609375 0.07421875
0 0.09921875 0.5140625 0.04140625 0.07421875
0 0.62265625 0.53046875 0.05078125 0.07421875
0 0.95390625 0.5578125 0.05078125 0.096875
0 0.240625 0.571875 0.06484375 0.096875
0 0.89375 0.571875 0.04609375 0.08828125
0 0.58359375 0.59921875 0.04140625 0.08359375
0 0.79609375 0.6203125 0.04140625 0.08359375
0 0.34453125 0.7015625 0.07421875 0.1203125
0 0.95859375 0.72421875 0.06015625 0.1203125
0 0.7546875 0.840625 0.1015625 0.153125
0 0.090625 0.85390625 0.06484375 0.1390625