0 0.77578125 0.10390625 0.07421875 0.1109375
0 0.43984375 0.10625 0.07421875 0.10625
0 0.615625 0.115625 0.06484375 0.06953125
0 0.03203125 0.13359375 0.0640625 0.1296875
0 0.2359375 0.13671875 0.06953125 0.10625
0 0.92109375 0.14140625 0.07890625 0.09296875
0 0.0625 0.23125 0.05546875 0.1109375
0 0.15703125 0.2359375 0.08828125 0.115625
0 0.9328125 0.27109375 0.07890625 0.1203125
0 0.759375 0.278125 0.08828125 0.1296875
0 0.21328125 0.32890625 0.07421875 0.115625
0 0.63671875 0.32890625 0.07890625 0.10625
0 0.41171875 0.33359375 0.08359375 0.115625
0 0.8765625 0.034375 0.06875 0.06875
0 0.509375 0.46796875 0.08828125 0.1296875
0 0.0859375 0.4765625 0.10625 0.1203125
0 0.9328125 0.4953125 0.08828125 0.1296875
0 0.70390625 0.51640625 0.07890625 0.125
0 0.1921875 0.0578125 0.06484375 0.08828125
0 0.35625 0.653125 0.1015625 0.15703125
0 0.7734375 0.66875 0.10625 0.1484375
0 0.56484375 0.72890625 0.08828125 0.1390625
0 0.1109375 0.75 0.09296875 0.134375
0 0.86328125 0.846875 0.096875 0.1296875
0 0.1875 0.84921875 0.10625 0.115625
0 0.11796875 0.8609375 0.06015625 0.09296875
0 0.39140625 0.08828125 0.06953125 0.10625