0 0.23359375 0.44921875 0.01875 0.028125
0 0.4765625 0.45390625 0.009375 0.0140625
0 0.89375 0.45625 0.028125 0.03671875
0 0.43515625 0.45625 0.009375 0.01875
0 0.66875 0.4609375 0.0140625 0.01875
0 0.6828125 0.4609375 0.0140625 0.0234375
0 0.4515625 0.46328125 0.009375 0.0140625
0 0.46328125 0.46328125 0.009375 0.009375
0 0.70390625 0.465625 0.0140625 0.0140625
0 0.79609375 0.465625 0.0046875 0.009375
0 0.50234375 0.465625 0.01875 0.0140625
0 0.73359375 0.46796875 0.009375 0.0140625
0 0.9328125 0.46796875 0.009375 0.0140625
0 0.6921875 0.46796875 0.0140625 0.0140625
0 0.8171875 0.46796875 0.0046875 0.0140625
0 0.82890625 0.46796875 0.0140625 0.01875
0 0.58125 0.46953125 0.009375 0.0140625
0 0.71796875 0.46953125 0.01875 0.0234375
0 0.73828125 0.46953125 0.0140625 0.01875
0 0.76875 0.46953125 0.009375 0.0140625
0 0.840625 0.46953125 0.01875 0.0234375
0 0.78046875 0.471875 0.009375 0.0140625
0 0.95390625 0.471875 0.0046875 0.009375
0 0.76171875 0.471875 0.009375 0.009375
0 0.803125 0.47421875 0.009375 0.0140625
0 0.79140625 0.47421875 0.009375 0.01875
0 0.85390625 0.47421875 0.0140625 0.0234375
0 0.7640625 0.4765625 0.0046875 0.009375
0 0.9765625 0.47890625 0.009375 0.009375
0 0.375 0.48359375 0.0140625 0.01875
0 0.42578125 0.4859375 0.0140625 0.009375
0 0.44921875 0.4859375 0.01875 0.01875
0 0.82421875 0.48828125 0.009375 0.0140625
0 0.40078125 0.48828125 0.0140625 0.01875
0 0.465625 0.48828125 0.01875 0.0234375
0 0.590625 0.49296875 0.0140625 0.01875
0 0.65703125 0.4953125 0.0140625 0.0234375
0 0.4421875 0.49765625 0.01875 0.0234375
0 0.64375 0.49765625 0.0140625 0.0140625
0 0.5578125 0.49765625 0.0140625 0.0234375
0 0.56953125 0.5 0.009375 0.0140625
0 0.60859375 0.50234375 0.0140625 0.0234375
0 0.80078125 0.5046875 0.01875 0.028125
0 0.7890625 0.50703125 0.01875 0.0234375
0 0.40546875 0.509375 0.01875 0.028125
0 0.38203125 0.509375 0.0140625 0.028125
0 0.43046875 0.509375 0.01875 0.0234375
0 0.3265625 0.509375 0.0234375 0.028125
0 0.51875 0.51171875 0.0140625 0.01875
0 0.778125 0.51171875 0.01875 0.028125
0 0.47421875 0.51640625 0.0234375 0.0234375
0 0.64140625 0.51640625 0.01875 0.028125
0 0.7015625 0.5234375 0.01875 0.03203125
0 0.60390625 0.528125 0.0234375 0.03203125
0 0.678125 0.53203125 0.01875 0.028125