0 0.653125 0.1484375 0.0234375 0.028125
0 0.159375 0.15078125 0.028125 0.04609375
0 0.66875 0.15078125 0.01875 0.03203125
0 0.21796875 0.15078125 0.028125 0.04140625
0 0.1390625 0.15546875 0.01875 0.03671875
0 0.47890625 0.15546875 0.0234375 0.04140625
0 0.95390625 0.15546875 0.03203125 0.04140625
0 0.56484375 0.15546875 0.028125 0.04140625
0 0.6109375 0.15703125 0.028125 0.04140625
0 0.08828125 0.15703125 0.028125 0.028125
0 0.68984375 0.15703125 0.01875 0.028125
0 0.70625 0.15703125 0.009375 0.0234375
0 0.53671875 0.15703125 0.028125 0.04609375
0 0.2359375 0.159375 0.01875 0.03671875
0 0.28671875 0.159375 0.01875 0.03203125
0 0.3265625 0.16171875 0.028125 0.04140625
0 0.303125 0.16875 0.01875 0.028125
0 0.5 0.17109375 0.0234375 0.03203125
0 0.25703125 0.1734375 0.01875 0.03203125
0 0.7359375 0.17578125 0.03203125 0.05078125
0 0.35859375 0.17578125 0.03203125 0.04140625
0 0.41171875 0.178125 0.03203125 0.05546875
0 0.6484375 0.1828125 0.03203125 0.03671875
0 0.77578125 0.18515625 0.028125 0.05546875
0 0.884375 0.18984375 0.04609375 0.07890625
0 0.38671875 0.1921875 0.01875 0.04140625
0 0.6734375 0.1921875 0.028125 0.03671875
0 0.29609375 0.1921875 0.0234375 0.028125
0 0.0390625 0.196875 0.04140625 0.05546875
0 0.85390625 0.196875 0.03203125 0.05546875
0 0.1921875 0.2015625 0.03203125 0.06015625
0 0.21953125 0.2015625 0.0234375 0.05546875
0 0.79140625 0.20390625 0.028125 0.04140625
0 0.8171875 0.21328125 0.03203125 0.03203125
0 0.4859375 0.21953125 0.04609375 0.07421875
0 0.15546875 0.21953125 0.04140625 0.06484375
0 0.34921875 0.221875 0.03203125 0.05546875
0 0.64375 0.221875 0.04140625 0.05546875
0 0.9328125 0.22421875 0.03671875 0.05078125
0 0.07421875 0.23125 0.03671875 0.04140625
0 0.534375 0.2453125 0.03203125 0.05546875
0 0.57890625 0.2453125 0.028125 0.05078125
0 0.31484375 0.24765625 0.03671875 0.07890625
0 0.26875 0.25703125 0.04609375 0.06953125
0 0.60859375 0.2640625 0.03671875 0.06953125
0 0.11328125 0.278125 0.05078125 0.07890625
0 0.428125 0.278125 0.06015625 0.1015625
0 0.0578125 0.278125 0.04609375 0.05546875
0 0.14609375 0.284375 0.028125 0.06484375
0 0.8078125 0.2890625 0.05078125 0.07421875
0 0.7359375 0.29140625 0.05078125 0.07890625
0 0.21953125 0.2984375 0.04140625 0.06484375
0 0.653125 0.3171875 0.05546875 0.07421875
0 0.89609375 0.32890625 0.05546875 0.1015625
0 0.30546875 0.33359375 0.03671875 0.08359375
0 0.01171875 0.365625 0.0234375 0.1015625
0 0.05546875 0.3703125 0.05078125 0.096875
0 0.8125 0.375 0.06953125 0.08359375
0 0.75703125 0.38203125 0.05078125 0.09296875
0 0.259375 0.41875 0.07890625 0.115625
0 0.3890625 0.43046875 0.06484375 0.125
0 0.8359375 0.49296875 0.096875 0.1484375
0 0.0578125 0.56484375 0.10625 0.16640625
0 0.5625 0.66171875 0.08828125 0.153125
0 0.35859375 0.12265625 0.01875 0.03671875
0 0.18046875 0.1296875 0.0140625 0.028125
0 0.5046875 0.14375 0.01875 0.01875
0 0.7734375 0.14609375 0.028125 0.0234375