0 0.88671875 0.14609375 0.03203125 0.06015625
0 0.73828125 0.1484375 0.03203125 0.04609375
0 0.215625 0.15703125 0.0234375 0.04140625
0 0.43984375 0.15703125 0.0234375 0.05078125
0 0.66171875 0.15703125 0.028125 0.05078125
0 0.36328125 0.159375 0.028125 0.05078125
0 0.81015625 0.1734375 0.028125 0.03671875
0 0.965625 0.18046875 0.028125 0.04140625
0 0.50703125 0.18046875 0.028125 0.04609375
0 0.534375 0.18515625 0.0234375 0.04140625
0 0.58828125 0.196875 0.03203125 0.05078125
0 0.1296875 0.20390625 0.028125 0.05546875
0 0.40546875 0.215625 0.03203125 0.06015625
0 0.4375 0.21953125 0.028125 0.05546875
0 0.8078125 0.21953125 0.028125 0.05078125
0 0.1875 0.21953125 0.03203125 0.05546875
0 0.2734375 0.221875 0.028125 0.05078125
0 0.66640625 0.23125 0.028125 0.05546875
0 0.34296875 0.2359375 0.028125 0.06015625
0 0.4859375 0.2359375 0.0234375 0.05078125
0 0.20859375 0.23828125 0.028125 0.05078125
0 0.86796875 0.23828125 0.028125 0.05546875
0 0.71796875 0.23828125 0.028125 0.03203125
0 0.159375 0.240625 0.03203125 0.04609375
0 0.63203125 0.278125 0.03203125 0.05546875
0 0.5484375 0.278125 0.03203125 0.05546875
0 0.7984375 0.28671875 0.03203125 0.04609375
0 0.71953125 0.2984375 0.03203125 0.05078125
0 0.98828125 0.30546875 0.0234375 0.04609375
0 0.93515625 0.3078125 0.03203125 0.05546875
0 0.48828125 0.33359375 0.028125 0.04140625
0 0.62265625 0.3359375 0.03203125 0.05546875
0 0.409375 0.34921875 0.0234375 0.05546875
0 0.0484375 0.35390625 0.03671875 0.05546875
0 0.69453125 0.36328125 0.03203125 0.06015625
0 0.77109375 0.37265625 0.03203125 0.04609375
0 0.15703125 0.375 0.03203125 0.05078125
0 0.84921875 0.375 0.028125 0.05546875
0 0.33125 0.37734375 0.028125 0.04609375
0 0.25703125 0.3796875 0.028125 0.04609375
0 0.91875 0.38671875 0.028125 0.05078125
0 0.98359375 0.3890625 0.0234375 0.05546875
0 0.10859375 0.39140625 0.028125 0.05078125
0 0.46953125 0.40546875 0.028125 0.04609375
0 0.196875 0.40703125 0.01875 0.04140625
0 0.97890625 0.43984375 0.03203125 0.06484375
0 0.92109375 0.44453125 0.03203125 0.05078125
0 0.83125 0.446875 0.028125 0.04140625
0 0.76640625 0.4515625 0.03203125 0.05546875
0 0.590625 0.465625 0.03203125 0.03203125
0 0.375 0.48828125 0.03203125 0.04140625
0 0.45859375 0.490625 0.03203125 0.05078125
0 0.5859375 0.5 0.03203125 0.06015625
0 0.8359375 0.50703125 0.03671875 0.06015625
0 0.96796875 0.51171875 0.028125 0.03671875
0 0.74296875 0.5140625 0.03671875 0.06015625
0 0.66875 0.5234375 0.0234375 0.04609375
0 0.38203125 0.52578125 0.03203125 0.05078125
0 0.29375 0.534375 0.028125 0.05078125
0 0.884375 0.55078125 0.028125 0.03203125
0 0.9609375 0.56015625 0.028125 0.04609375
0 0.509375 0.57421875 0.028125 0.06484375
0 0.08828125 0.57421875 0.0234375 0.04140625
0 0.2359375 0.57421875 0.028125 0.04140625
0 0.875 0.5765625 0.04140625 0.03203125
0 0.79609375 0.57890625 0.03671875 0.05078125
0 0.12734375 0.58125 0.028125 0.04140625
0 0.43515625 0.58828125 0.028125 0.05078125
0 0.590625 0.58828125 0.028125 0.04140625
0 0.19921875 0.590625 0.03203125 0.04609375
0 0.3609375 0.596875 0.028125 0.04609375
0 0.721875 0.6015625 0.03203125 0.05078125
0 0.87265625 0.60859375 0.03203125 0.05546875
0 0.45625 0.634375 0.03671875 0.05078125
0 0.1390625 0.63671875 0.028125 0.04140625
0 0.69453125 0.6390625 0.03203125 0.05078125
0 0.303125 0.64375 0.028125 0.05546875
0 0.0765625 0.64375 0.0234375 0.04609375
0 0.06015625 0.6484375 0.0234375 0.04140625
0 0.20859375 0.65546875 0.0234375 0.04140625
0 0.3703125 0.6640625 0.028125 0.06015625
0 0.92578125 0.67109375 0.03671875 0.05546875
0 0.53046875 0.67109375 0.03671875 0.05078125
0 0.60625 0.6734375 0.028125 0.04609375
0 0.79140625 0.68046875 0.03203125 0.05546875
0 0.29140625 0.69921875 0.028125 0.05078125
0 0.12734375 0.71953125 0.028125 0.05546875
0 0.43046875 0.72421875 0.0234375 0.04609375
0 0.22421875 0.07421875 0.03203125 0.06953125
0 0.36328125 0.778125 0.028125 0.05546875
0 0.36796875 0.09453125 0.0234375 0.04609375
0 0.0578125 0.09453125 0.0234375 0.05078125
0 0.634375 0.10390625 0.028125 0.04140625
0 0.45859375 0.10390625 0.0234375 0.03671875
0 0.528125 0.10625 0.028125 0.04609375
0 0.12265625 0.10859375 0.028125 0.05078125
0 0.76171875 0.10859375 0.028125 0.03671875