0 0.18515625 0.125 0.05546875 0.06953125
0 0.45390625 0.125 0.06953125 0.10625
0 0.1390625 0.16875 0.04609375 0.06953125
0 0.75 0.2109375 0.07421875 0.10625
0 0.5390625 0.2359375 0.07421875 0.115625
0 0.83359375 0.24296875 0.06953125 0.096875
0 0.21796875 0.2453125 0.06484375 0.09296875
0 0.66171875 0.26171875 0.07421875 0.08359375
0 0.028125 0.28046875 0.05546875 0.096875
0 0.44921875 0.03046875 0.05078125 0.06015625
0 0.78203125 0.346875 0.07421875 0.115625
0 0.30078125 0.35390625 0.06484375 0.096875
0 0.94453125 0.3703125 0.08828125 0.14375
0 0.29296875 0.0390625 0.0515625 0.078125
0 0.54140625 0.41875 0.08359375 0.096875
0 0.3890625 0.04375 0.05546875 0.07421875
0 0.23828125 0.0484375 0.04140625 0.06015625
0 0.159375 0.05546875 0.04140625 0.06015625
0 0.57890625 0.6390625 0.1109375 0.16640625
0 0.34453125 0.64140625 0.09296875 0.14375
0 0.81953125 0.66171875 0.1203125 0.17578125
0 0.14375 0.68984375 0.1015625 0.1296875
0 0.034375 0.071875 0.06015625 0.07890625
0 0.22890625 0.0765625 0.04609375 0.05546875