0 0.66875 0.3078125 0.03203125 0.05078125
0 0.5765625 0.31484375 0.01875 0.03671875
0 0.47890625 0.3171875 0.03671875 0.06484375
0 0.60859375 0.31953125 0.03203125 0.05546875
0 0.04375 0.321875 0.04609375 0.05078125
0 0.29609375 0.32421875 0.03203125 0.05546875
0 0.7734375 0.32421875 0.03203125 0.03671875
0 0.23125 0.3265625 0.028125 0.028125
0 0.4234375 0.3265625 0.03203125 0.04609375
0 0.45625 0.3265625 0.028125 0.05546875
0 0.9140625 0.3265625 0.028125 0.04609375
0 0.20390625 0.32890625 0.028125 0.05546875
0 0.11796875 0.32890625 0.03671875 0.06484375
0 0.8515625 0.32890625 0.0234375 0.04609375
0 0.3890625 0.33359375 0.028125 0.06015625
0 0.5484375 0.33359375 0.028125 0.06015625
0 0.91171875 0.340625 0.01875 0.03671875
0 0.35859375 0.34296875 0.03671875 0.06484375
0 0.509375 0.34296875 0.028125 0.04609375
0 0.6875 0.34296875 0.028125 0.05078125
0 0.53203125 0.346875 0.01875 0.04140625
0 0.95859375 0.3515625 0.03203125 0.07890625
0 0.22890625 0.35390625 0.01875 0.03671875
0 0.875 0.35625 0.03203125 0.07421875
0 0.98359375 0.35859375 0.028125 0.06953125
0 0.6015625 0.35859375 0.03203125 0.05078125
0 0.66640625 0.3609375 0.03203125 0.05078125
0 0.06484375 0.365625 0.028125 0.04609375
0 0.80078125 0.365625 0.028125 0.06484375
0 0.26875 0.3703125 0.05078125 0.06484375
0 0.84296875 0.3703125 0.0140625 0.028125
0 0.14140625 0.3703125 0.03203125 0.05078125
0 0.471875 0.3703125 0.04140625 0.06953125
0 0.7734375 0.37265625 0.0234375 0.06015625
0 0.58125 0.375 0.028125 0.05546875
0 0.0234375 0.3796875 0.04609375 0.06015625
0 0.50234375 0.3796875 0.0234375 0.04609375
0 0.73125 0.384375 0.04140625 0.08359375
0 0.446875 0.3890625 0.03203125 0.05078125
0 0.17109375 0.39140625 0.03203125 0.04609375
0 0.19453125 0.39140625 0.01875 0.028125
0 0.91171875 0.39140625 0.04140625 0.04609375
0 0.96953125 0.3984375 0.05546875 0.07421875
0 0.06953125 0.40546875 0.01875 0.03671875
0 0.53671875 0.40703125 0.03671875 0.07890625
0 0.83828125 0.40703125 0.04609375 0.04609375
0 0.221875 0.41171875 0.03671875 0.07421875
0 0.346875 0.41640625 0.06484375 0.06953125
0 0.12265625 0.42109375 0.04140625 0.06953125
0 0.61328125 0.42109375 0.04140625 0.06953125
0 0.57421875 0.43515625 0.04140625 0.07421875
0 0.68046875 0.43515625 0.06015625 0.096875
0 0.1875 0.4375 0.028125 0.05078125
0 0.9140625 0.4421875 0.05078125 0.06953125
0 0.15703125 0.446875 0.03203125 0.06015625
0 0.76171875 0.446875 0.06484375 0.07890625
0 0.259375 0.44921875 0.04609375 0.06484375
0 0.83359375 0.45625 0.03203125 0.096875
0 0.3984375 0.465625 0.03203125 0.06015625
0 0.04609375 0.465625 0.07421875 0.14375
0 0.33828125 0.48125 0.07421875 0.115625
0 0.24296875 0.48828125 0.05546875 0.06484375
0 0.42109375 0.49296875 0.04609375 0.05078125
0 0.5390625 0.49765625 0.04140625 0.06015625
0 0.49296875 0.50234375 0.04140625 0.05078125
0 0.1828125 0.50703125 0.04140625 0.04609375
0 0.6109375 0.509375 0.04609375 0.06953125
0 0.946875 0.509375 0.06484375 0.096875
0 0.115625 0.5140625 0.06953125 0.096875
0 0.50234375 0.52578125 0.04609375 0.028125
0 0.86796875 0.53203125 0.06484375 0.096875
0 0.2640625 0.5390625 0.05546875 0.06015625
0 0.159375 0.54375 0.05078125 0.05078125
0 0.215625 0.56484375 0.05546875 0.10625
0 0.69453125 0.56953125 0.08359375 0.15703125
0 0.98359375 0.57890625 0.028125 0.134375
0 0.51171875 0.596875 0.06484375 0.096875
0 0.66171875 0.615625 0.08359375 0.18984375
0 0.4375 0.615625 0.06484375 0.16171875
0 0.28203125 0.6203125 0.05546875 0.09296875
0 0.80546875 0.625 0.06953125 0.19921875
0 0.1921875 0.6484375 0.08828125 0.16171875
0 0.3515625 0.66171875 0.08828125 0.18515625
0 0.028125 0.6875 0.05546875 0.18046875
0 0.1015625 0.70390625 0.096875 0.17109375
0 0.8796875 0.71328125 0.08828125 0.18046875
0 0.5625 0.75 0.08828125 0.18046875
0 0.25234375 0.80078125 0.06953125 0.19921875
0 0.48359375 0.80078125 0.096875 0.2359375
0 0.76171875 0.91171875 0.14375 0.16640625
0 0.3703125 0.93046875 0.115625 0.134375
0 0.50703125 0.28046875 0.028125 0.06015625
0 0.6390625 0.28203125 0.028125 0.06484375
0 0.7640625 0.284375 0.0234375 0.05078125
0 0.3078125 0.28671875 0.0234375 0.04609375
0 0.33359375 0.2890625 0.0234375 0.05546875
0 0.54375 0.2890625 0.028125 0.05546875
0 0.821875 0.29140625 0.028125 0.05078125
0 0.2546875 0.29375 0.0234375 0.05546875