0 0.51875 0.10859375 0.06015625 0.096875
0 0.7265625 0.1296875 0.05078125 0.07890625
0 0.40546875 0.16640625 0.05078125 0.07421875
0 0.04375 0.18046875 0.05078125 0.04609375
0 0.9140625 0.1921875 0.06484375 0.05546875
0 0.25 0.1921875 0.0234375 0.05546875
0 0.63671875 0.1921875 0.06953125 0.09296875
0 0.6296875 0.02109375 0.05078125 0.04140625
0 0.28671875 0.20625 0.05078125 0.06015625
0 0.75234375 0.20859375 0.07421875 0.08828125
0 0.11328125 0.20859375 0.03671875 0.07890625
0 0.0234375 0.22421875 0.04609375 0.1015625
0 0.9609375 0.23125 0.06484375 0.08828125
0 0.5484375 0.23828125 0.05078125 0.09296875
0 0.35625 0.2453125 0.07421875 0.1109375
0 0.88671875 0.2453125 0.06484375 0.09296875
0 0.0578125 0.2546875 0.04140625 0.06484375
0 0.17578125 0.25703125 0.07890625 0.1203125
0 0.43984375 0.25703125 0.06484375 0.1109375
0 0.25703125 0.259375 0.07421875 0.08828125
0 0.365625 0.028125 0.04609375 0.05546875
0 0.67109375 0.028125 0.03203125 0.04609375
0 0.44453125 0.03046875 0.05078125 0.05546875
0 0.5046875 0.29609375 0.06015625 0.1109375
0 0.59453125 0.321875 0.06484375 0.096875
0 0.8578125 0.03671875 0.059375 0.0734375
0 0.821875 0.35859375 0.06015625 0.096875
0 0.0484375 0.3609375 0.05546875 0.096875
0 0.1015625 0.36328125 0.07421875 0.1015625
0 0.59375 0.03671875 0.040625 0.0734375
0 0.68984375 0.39609375 0.07890625 0.125
0 0.23828125 0.3984375 0.06484375 0.1109375
0 0.47890625 0.3984375 0.04609375 0.05078125
0 0.9234375 0.40078125 0.08828125 0.115625
0 0.43515625 0.4140625 0.06015625 0.1109375
0 0.375 0.4375 0.06015625 0.1015625
0 0.8609375 0.446875 0.07890625 0.134375
0 0.490625 0.04609375 0.04609375 0.06015625
0 0.5 0.46953125 0.07421875 0.1015625
0 0.05078125 0.48359375 0.07890625 0.1390625
0 0.81015625 0.50234375 0.07890625 0.1109375
0 0.71796875 0.053125 0.06015625 0.08359375
0 0.42109375 0.553125 0.06953125 0.08359375
0 0.66171875 0.55546875 0.07890625 0.1296875
0 0.21953125 0.56953125 0.096875 0.10625
0 0.34921875 0.5859375 0.096875 0.134375
0 0.5671875 0.58828125 0.08828125 0.1296875
0 0.090625 0.0625 0.04609375 0.07890625
0 0.02109375 0.0625 0.04140625 0.08359375
0 0.71953125 0.65546875 0.08359375 0.15703125
0 0.90546875 0.65546875 0.07421875 0.134375
0 0.13203125 0.65546875 0.06953125 0.096875
0 0.83125 0.67109375 0.09296875 0.1484375
0 0.43515625 0.67578125 0.10625 0.153125
0 0.196875 0.6875 0.1203125 0.08828125
0 0.1875 0.06953125 0.06015625 0.08828125
0 0.98828125 0.71953125 0.0140625 0.14375
0 0.0625 0.72421875 0.10625 0.1296875
0 0.634375 0.77109375 0.1109375 0.15703125
0 0.79609375 0.7734375 0.1109375 0.07890625
0 0.178125 0.78203125 0.10625 0.14375
0 0.63203125 0.08125 0.05546875 0.09296875
0 0.8890625 0.82421875 0.08828125 0.115625
0 0.9859375 0.85390625 0.01875 0.115625
0 0.76640625 0.85390625 0.06953125 0.096875
0 0.43515625 0.0859375 0.05078125 0.08828125
0 0.840625 0.87265625 0.1109375 0.06484375
0 0.81953125 0.090625 0.06953125 0.09296875