0 0.02109375 0.10859375 0.03203125 0.06015625
0 0.4375 0.11328125 0.03671875 0.05546875
0 0.33125 0.11328125 0.03671875 0.06015625
0 0.528125 0.12265625 0.04140625 0.06484375
0 0.8359375 0.12734375 0.04140625 0.08828125
0 0.1484375 0.0140625 0.04140625 0.028125
0 0.49296875 0.0140625 0.03671875 0.028125
0 0.21953125 0.14375 0.04140625 0.07421875
0 0.178125 0.15078125 0.04140625 0.07421875
0 0.6109375 0.153125 0.04140625 0.05546875
0 0.5859375 0.15546875 0.03671875 0.06015625
0 0.77578125 0.1640625 0.04140625 0.06015625
0 0.45859375 0.19453125 0.04140625 0.06484375
0 0.38203125 0.196875 0.04609375 0.06953125
0 0.91875 0.19921875 0.04140625 0.096875
0 0.465625 0.02109375 0.0234375 0.04140625
0 0.9765625 0.215625 0.03671875 0.08828125
0 0.89140625 0.21328125 0.04609375 0.08359375
0 0.23125 0.0234375 0.04609375 0.04609375
0 0.053125 0.22890625 0.04140625 0.06484375
0 0.60859375 0.23828125 0.05078125 0.07890625
0 0.03203125 0.02578125 0.03671875 0.04609375
0 0.7734375 0.25234375 0.04140625 0.07421875
0 0.71953125 0.2734375 0.04140625 0.06484375
0 0.384375 0.28203125 0.04609375 0.06484375
0 0.5390625 0.03046875 0.03671875 0.06015625
0 0.4765625 0.30546875 0.04609375 0.07421875
0 0.8890625 0.30546875 0.03671875 0.06015625
0 0.571875 0.31015625 0.04140625 0.07421875
0 0.534375 0.3171875 0.03671875 0.06015625
0 0.97578125 0.034375 0.0359375 0.06875
0 0.60625 0.346875 0.04140625 0.06484375
0 0.52578125 0.35859375 0.04140625 0.04609375
0 0.93984375 0.3703125 0.05078125 0.07421875
0 0.01875 0.3703125 0.03671875 0.096875
0 0.98125 0.375 0.028125 0.09296875
0 0.43046875 0.37734375 0.04609375 0.06484375
0 0.33828125 0.384375 0.04609375 0.06484375
0 0.85390625 0.3890625 0.04609375 0.08359375
0 0.91640625 0.39140625 0.05546875 0.08359375
0 0.0765625 0.409375 0.05078125 0.08828125
0 0.79140625 0.04140625 0.03671875 0.05546875
0 0.58125 0.42578125 0.04140625 0.06953125
0 0.45390625 0.45859375 0.04609375 0.07421875
0 0.759375 0.46328125 0.05078125 0.06484375
0 0.70390625 0.46796875 0.04609375 0.06015625
0 0.1390625 0.0484375 0.028125 0.06484375
0 0.01875 0.4953125 0.03671875 0.096875
0 0.80546875 0.49765625 0.028125 0.03671875
0 0.9765625 0.509375 0.03671875 0.1109375
0 0.65703125 0.53203125 0.04609375 0.07421875
0 0.12265625 0.5390625 0.05078125 0.06484375
0 0.821875 0.5765625 0.06015625 0.09296875
0 0.625 0.06015625 0.03203125 0.04609375
0 0.7359375 0.0625 0.03671875 0.05546875
0 0.053125 0.61796875 0.05078125 0.08828125
0 0.1109375 0.625 0.05546875 0.08359375
0 0.01640625 0.62734375 0.03203125 0.096875
0 0.50703125 0.0625 0.03671875 0.06484375
0 0.62265625 0.64140625 0.05546875 0.08359375
0 0.29375 0.659375 0.05078125 0.07421875
0 0.0859375 0.0671875 0.028125 0.04609375
0 0.884375 0.0671875 0.04140625 0.07421875
0 0.2546875 0.6828125 0.0234375 0.06015625
0 0.7734375 0.68515625 0.06015625 0.07890625
0 0.2109375 0.68515625 0.06015625 0.08828125
0 0.0625 0.70625 0.06484375 0.07421875
0 0.8125 0.071875 0.0234375 0.03203125
0 0.51640625 0.73125 0.05078125 0.08828125
0 0.6640625 0.73359375 0.05546875 0.1015625
0 0.1296875 0.75 0.05546875 0.08828125
0 0.79140625 0.76640625 0.04140625 0.08828125
0 0.55546875 0.7890625 0.06015625 0.10625
0 0.8890625 0.79140625 0.03671875 0.04609375
0 0.97890625 0.79375 0.03203125 0.14375
0 0.26875 0.79375 0.06484375 0.07890625
0 0.96328125 0.79609375 0.03203125 0.1015625
0 0.83359375 0.7984375 0.05078125 0.1109375
0 0.39375 0.803125 0.06484375 0.1109375
0 0.05546875 0.803125 0.05546875 0.08359375
0 0.34453125 0.8125 0.04609375 0.07421875
0 0.16640625 0.8359375 0.05078125 0.09296875
0 0.615625 0.8359375 0.06015625 0.096875
0 0.21796875 0.85390625 0.06484375 0.096875
0 0.90703125 0.86328125 0.06015625 0.09296875
0 0.50234375 0.88671875 0.07421875 0.05078125
0 0.82421875 0.89140625 0.05078125 0.03671875
0 0.22421875 0.09296875 0.04140625 0.05078125
0 0.15546875 0.096875 0.03203125 0.06015625
0 0.06953125 0.09921875 0.04140625 0.06953125
0 0.61328125 0.1015625 0.04140625 0.0234375