0 0.78046875 0.1296875 0.05546875 0.06953125
0 0.4375 0.13203125 0.04609375 0.07890625
0 0.01640625 0.13671875 0.03203125 0.06953125
0 0.240625 0.0140625 0.04140625 0.028125
0 0.93984375 0.14609375 0.03671875 0.05078125
0 0.73359375 0.153125 0.05078125 0.07421875
0 0.509375 0.159375 0.04609375 0.05546875
0 0.39140625 0.16875 0.04140625 0.06953125
0 0.909375 0.17578125 0.04140625 0.05546875
0 0.0765625 0.01875 0.03203125 0.03671875
0 0.01171875 0.18515625 0.0234375 0.05078125
0 0.3265625 0.1921875 0.05546875 0.07421875
0 0.6734375 0.19453125 0.04140625 0.06484375
0 0.18046875 0.196875 0.03671875 0.06015625
0 0.20625 0.196875 0.04140625 0.06484375
0 0.24296875 0.2015625 0.04140625 0.06015625
0 0.590625 0.02109375 0.04140625 0.04140625
0 0.90546875 0.2359375 0.06015625 0.096875
0 0.590625 0.2453125 0.04140625 0.06484375
0 0.528125 0.26640625 0.05546875 0.08359375
0 0.01171875 0.028125 0.0234375 0.05546875
0 0.78203125 0.28046875 0.04140625 0.06484375
0 0.365625 0.284375 0.06015625 0.1015625
0 0.71953125 0.32421875 0.06015625 0.08359375
0 0.67578125 0.35390625 0.06015625 0.08359375
0 0.10625 0.35625 0.04609375 0.07890625
0 0.54140625 0.365625 0.05078125 0.07890625
0 0.2359375 0.38203125 0.04609375 0.07421875
0 0.278125 0.384375 0.05078125 0.08828125
0 0.40546875 0.0390625 0.03671875 0.06015625
0 0.7640625 0.40546875 0.06484375 0.08359375
0 0.46328125 0.41171875 0.06484375 0.115625
0 0.35859375 0.04375 0.03671875 0.05078125
0 0.528125 0.04375 0.03671875 0.06015625
0 0.24765625 0.04375 0.028125 0.04140625
0 0.0234375 0.465625 0.04140625 0.07890625
0 0.7890625 0.4859375 0.06484375 0.115625
0 0.528125 0.48828125 0.06953125 0.10625
0 0.4953125 0.05078125 0.03203125 0.05546875
0 0.721875 0.053125 0.06015625 0.06015625
0 0.86796875 0.58828125 0.06953125 0.1109375
0 0.43515625 0.0625 0.03671875 0.06953125
0 0.2015625 0.63203125 0.08359375 0.125
0 0.8359375 0.0671875 0.03671875 0.05078125
0 0.60625 0.07421875 0.04140625 0.06484375
0 0.16640625 0.0765625 0.03671875 0.06015625
0 0.8609375 0.08125 0.04140625 0.06953125
0 0.159375 0.8796875 0.096875 0.1390625
0 0.03671875 0.90859375 0.0734375 0.1609375
0 0.0140625 0.09296875 0.028125 0.03671875
0 0.259375 0.09296875 0.04609375 0.07421875
0 0.096875 0.09453125 0.03671875 0.05078125
0 0.19453125 0.10859375 0.04140625 0.07421875