0 0.0484375 0.346875 0.03671875 0.05078125
0 0.53046875 0.35625 0.028125 0.05078125
0 0.784375 0.3703125 0.03671875 0.06015625
0 0.98359375 0.38203125 0.0234375 0.07890625
0 0.24296875 0.38203125 0.0234375 0.05078125
0 0.11328125 0.384375 0.04140625 0.06015625
0 0.01171875 0.38671875 0.0234375 0.06015625
0 0.2984375 0.3890625 0.0234375 0.05078125
0 0.45859375 0.39375 0.04140625 0.05078125
0 0.20625 0.40078125 0.03203125 0.04609375
0 0.053125 0.40546875 0.04140625 0.05078125
0 0.33359375 0.40703125 0.03671875 0.06015625
0 0.86796875 0.4328125 0.028125 0.04609375
0 0.13671875 0.4328125 0.03671875 0.05546875
0 0.215625 0.4375 0.03203125 0.06015625
0 0.4234375 0.43984375 0.03671875 0.05078125
0 0.6109375 0.446875 0.03203125 0.04140625
0 0.0234375 0.4515625 0.03203125 0.04140625
0 0.3078125 0.45625 0.03203125 0.05078125
0 0.23828125 0.45859375 0.04140625 0.06015625
0 0.49296875 0.45859375 0.03671875 0.04609375
0 0.09296875 0.465625 0.03203125 0.05078125
0 0.54609375 0.465625 0.04140625 0.05078125
0 0.053125 0.471875 0.03671875 0.05078125
0 0.88671875 0.47890625 0.03671875 0.05546875
0 0.82890625 0.48125 0.03671875 0.05546875
0 0.409375 0.48359375 0.03671875 0.06015625
0 0.971875 0.49765625 0.03671875 0.06484375
0 0.72890625 0.50234375 0.03203125 0.05078125
0 0.95859375 0.05078125 0.03671875 0.06015625
0 0.53046875 0.53046875 0.04140625 0.06484375
0 0.46953125 0.534375 0.04609375 0.06015625
0 0.19453125 0.5390625 0.04140625 0.06015625
0 0.33125 0.5390625 0.03671875 0.05546875
0 0.9421875 0.5578125 0.03671875 0.06015625
0 0.096875 0.590625 0.03203125 0.05546875
0 0.8796875 0.0625 0.03203125 0.03671875
0 0.98125 0.6296875 0.028125 0.08359375
0 0.84921875 0.0671875 0.028125 0.04609375
0 0.5765625 0.071875 0.028125 0.04140625
0 0.92578125 0.071875 0.03203125 0.04609375
0 0.5234375 0.0765625 0.0234375 0.03671875
0 0.75703125 0.07890625 0.028125 0.04140625
0 0.77578125 0.08828125 0.0234375 0.03203125
0 0.678125 0.090625 0.03671875 0.05078125
0 0.47890625 0.096875 0.0234375 0.03671875
0 0.803125 0.09921875 0.028125 0.03671875
0 0.51875 0.10390625 0.03203125 0.04609375
0 0.65546875 0.10625 0.0234375 0.03203125
0 0.39375 0.10625 0.0234375 0.03671875
0 0.36328125 0.10625 0.028125 0.04140625
0 0.4421875 0.10859375 0.01875 0.04140625
0 0.57890625 0.10859375 0.028125 0.03203125
0 0.42578125 0.115625 0.01875 0.03671875
0 0.10625 0.11796875 0.03203125 0.028125
0 0.303125 0.1203125 0.0234375 0.03671875
0 0.23359375 0.1203125 0.0234375 0.03203125
0 0.20859375 0.12265625 0.01875 0.028125
0 0.28046875 0.12265625 0.01875 0.0234375
0 0.89375 0.12265625 0.03671875 0.05078125
0 0.465625 0.125 0.0234375 0.04609375
0 0.76171875 0.12734375 0.03203125 0.04609375
0 0.93046875 0.12734375 0.028125 0.04609375
0 0.48359375 0.1296875 0.01875 0.05078125
0 0.87265625 0.1296875 0.03203125 0.04140625
0 0.32421875 0.1296875 0.01875 0.028125
0 0.846875 0.13203125 0.03203125 0.03203125
0 0.19921875 0.13671875 0.028125 0.04140625
0 0.56484375 0.13671875 0.01875 0.01875
0 0.70625 0.1390625 0.028125 0.03671875
0 0.68046875 0.1390625 0.0234375 0.03203125
0 0.51875 0.14375 0.028125 0.03671875
0 0.7984375 0.14375 0.03203125 0.03671875
0 0.72890625 0.14375 0.028125 0.05078125
0 0.16640625 0.1484375 0.028125 0.04140625
0 0.66171875 0.1484375 0.028125 0.05078125
0 0.27109375 0.1484375 0.0234375 0.03203125
0 0.14140625 0.1484375 0.028125 0.028125
0 0.009375 0.15078125 0.01875 0.028125
0 0.11796875 0.15078125 0.01875 0.01875
0 0.09453125 0.15078125 0.0234375 0.03203125
0 0.0484375 0.153125 0.03203125 0.04609375
0 0.9859375 0.153125 0.028125 0.06015625
0 0.40546875 0.15546875 0.028125 0.05078125
0 0.22421875 0.15546875 0.0234375 0.03203125
0 0.47421875 0.15546875 0.028125 0.03671875
0 0.0765625 0.159375 0.0234375 0.04609375
0 0.37265625 0.1640625 0.0234375 0.04609375
0 0.84296875 0.16640625 0.028125 0.04609375
0 0.50234375 0.16875 0.0234375 0.04140625
0 0.596875 0.17109375 0.03671875 0.05546875
0 0.571875 0.17109375 0.028125 0.04609375
0 0.346875 0.1734375 0.03203125 0.05078125
0 0.0234375 0.1734375 0.0234375 0.028125
0 0.21953125 0.178125 0.028125 0.03203125
0 0.25703125 0.18046875 0.03671875 0.05078125
0 0.125 0.1828125 0.0234375 0.03203125
0 0.19453125 0.18515625 0.03203125 0.04609375
0 0.31953125 0.1875 0.028125 0.04609375
0 0.76640625 0.1921875 0.03203125 0.05546875
0 0.8078125 0.1921875 0.03671875 0.05546875
0 0.70625 0.1921875 0.03671875 0.04609375
0 0.528125 0.19453125 0.028125 0.04140625
0 0.10390625 0.196875 0.028125 0.04609375
0 0.028125 0.196875 0.01875 0.03203125
0 0.63203125 0.196875 0.028125 0.04140625
0 0.16640625 0.19921875 0.028125 0.05078125
0 0.92109375 0.2015625 0.03203125 0.04609375
0 0.01171875 0.2015625 0.0234375 0.05078125
0 0.5 0.20625 0.01875 0.04609375
0 0.0625 0.20625 0.0234375 0.028125
0 0.3078125 0.20859375 0.0234375 0.04140625
0 0.66171875 0.2109375 0.028125 0.05546875
0 0.446875 0.21328125 0.03203125 0.05546875
0 0.41640625 0.21796875 0.03203125 0.06484375
0 0.5578125 0.21796875 0.028125 0.03671875
0 0.47890625 0.21953125 0.028125 0.05546875
0 0.21953125 0.221875 0.028125 0.04140625
0 0.87734375 0.23359375 0.03203125 0.04609375
0 0.3796875 0.23359375 0.03203125 0.04609375
0 0.07421875 0.24296875 0.028125 0.03671875
0 0.13203125 0.24296875 0.03203125 0.05078125
0 0.29140625 0.2453125 0.028125 0.06015625
0 0.571875 0.2453125 0.01875 0.03671875
0 0.69453125 0.24765625 0.03203125 0.05078125
0 0.01640625 0.2546875 0.03203125 0.05078125
0 0.62734375 0.26171875 0.03671875 0.04609375
0 0.5484375 0.2640625 0.03671875 0.05078125
0 0.1109375 0.2640625 0.028125 0.04140625
0 0.240625 0.2640625 0.028125 0.05078125
0 0.32421875 0.2640625 0.03203125 0.06484375
0 0.44921875 0.26875 0.03203125 0.05078125
0 0.04140625 0.26875 0.03203125 0.05546875
0 0.97421875 0.278125 0.04140625 0.06484375
0 0.21328125 0.2890625 0.03203125 0.05078125
0 0.34453125 0.03046875 0.03203125 0.05078125
0 0.37265625 0.29140625 0.0234375 0.06484375
0 0.72421875 0.29375 0.028125 0.05078125
0 0.38671875 0.29609375 0.028125 0.05078125
0 0.09296875 0.29609375 0.028125 0.05078125
0 0.2015625 0.3171875 0.028125 0.04609375
0 0.87734375 0.32421875 0.03671875 0.06015625
0 0.14609375 0.3265625 0.04140625 0.05546875
0 0.12265625 0.3265625 0.0234375 0.04140625
0 0.54375 0.33125 0.028125 0.03671875
0 0.7546875 0.33359375 0.03671875 0.05078125
0 0.3125 0.33828125 0.03203125 0.05546875
0 0.625 0.340625 0.03671875 0.05546875