0 0.19453125 0.17578125 0.04140625 0.1015625
0 0.43046875 0.178125 0.04609375 0.115625
0 0.240625 0.01875 0.01875 0.03671875
0 0.3984375 0.18984375 0.03671875 0.08828125
0 0.715625 0.02109375 0.03671875 0.04140625
0 0.8515625 0.2015625 0.04609375 0.096875
0 0.159375 0.20390625 0.04609375 0.09296875
0 0.92109375 0.22890625 0.03671875 0.09296875
0 0.01875 0.22890625 0.03671875 0.1109375
0 0.25234375 0.2453125 0.04609375 0.1015625
0 0.81484375 0.02578125 0.03203125 0.05078125
0 0.278125 0.02578125 0.03671875 0.05078125
0 0.30546875 0.24765625 0.05078125 0.125
0 0.57890625 0.25 0.04140625 0.115625
0 0.62265625 0.2734375 0.05078125 0.115625
0 0.115625 0.284375 0.06953125 0.1203125
0 0.85390625 0.2890625 0.04609375 0.115625
0 0.68984375 0.29140625 0.04140625 0.096875
0 0.7734375 0.2984375 0.05546875 0.1109375
0 0.38671875 0.31015625 0.04609375 0.134375
0 0.446875 0.31484375 0.06015625 0.09296875
0 0.96328125 0.31484375 0.04140625 0.05078125
0 0.53671875 0.321875 0.04140625 0.096875
0 0.8125 0.321875 0.04609375 0.096875
0 0.346875 0.321875 0.04140625 0.1203125
0 0.8625 0.03203125 0.0375 0.0640625
0 0.18046875 0.33828125 0.04140625 0.08828125
0 0.47890625 0.33828125 0.03671875 0.08359375
0 0.403125 0.340625 0.028125 0.06953125
0 0.96953125 0.34296875 0.03203125 0.06015625
0 0.06015625 0.36328125 0.05078125 0.115625
0 0.721875 0.36796875 0.05078125 0.07421875
0 0.25 0.37734375 0.06484375 0.16171875
0 0.5234375 0.38671875 0.04140625 0.1015625
0 0.846875 0.3890625 0.05078125 0.07890625
0 0.91875 0.39140625 0.06015625 0.08828125
0 0.21953125 0.39140625 0.05546875 0.08828125
0 0.5 0.0390625 0.05078125 0.07421875
0 0.14140625 0.403125 0.06953125 0.1390625
0 0.77578125 0.4140625 0.04140625 0.05078125
0 0.6109375 0.42109375 0.06015625 0.1109375
0 0.5671875 0.4234375 0.04140625 0.1015625
0 0.42578125 0.428125 0.04140625 0.115625
0 0.95859375 0.428125 0.05078125 0.096875
0 0.65703125 0.04609375 0.04140625 0.08828125
0 0.01875 0.4515625 0.03671875 0.14375
0 0.98828125 0.4515625 0.0234375 0.1109375
0 0.75 0.45625 0.05078125 0.08828125
0 0.20859375 0.04609375 0.04140625 0.08828125
0 0.340625 0.465625 0.05546875 0.08828125
0 0.03203125 0.471875 0.028125 0.06015625
0 0.46328125 0.4765625 0.06953125 0.1296875
0 0.71328125 0.49296875 0.05078125 0.1203125
0 0.80078125 0.5 0.03671875 0.08828125
0 0.20859375 0.50234375 0.05078125 0.125
0 0.51640625 0.50234375 0.05078125 0.1484375
0 0.7734375 0.5046875 0.06953125 0.08359375
0 0.83125 0.50703125 0.04140625 0.1203125
0 0.89140625 0.51640625 0.06015625 0.1203125
0 0.659375 0.53046875 0.05546875 0.115625
0 0.16171875 0.55078125 0.06015625 0.1390625
0 0.1109375 0.5625 0.04609375 0.1296875
0 0.05546875 0.56484375 0.05546875 0.1484375
0 0.69921875 0.57421875 0.04140625 0.09296875
0 0.97890625 0.0578125 0.04140625 0.09296875
0 0.2640625 0.5765625 0.06015625 0.134375
0 0.34296875 0.58125 0.05078125 0.125
0 0.58125 0.590625 0.05546875 0.1109375
0 0.77578125 0.63671875 0.06484375 0.134375
0 0.01171875 0.64140625 0.0234375 0.096875
0 0.41171875 0.65703125 0.06484375 0.1390625
0 0.5390625 0.6734375 0.05078125 0.1203125
0 0.40546875 0.0671875 0.028125 0.07890625
0 0.90546875 0.678125 0.06484375 0.134375
0 0.01640625 0.06953125 0.03203125 0.09296875
0 0.73828125 0.06953125 0.028125 0.06953125
0 0.70859375 0.07421875 0.04140625 0.08359375
0 0.6015625 0.07421875 0.05546875 0.115625
0 0.27578125 0.08828125 0.03203125 0.07421875
0 0.3125 0.090625 0.05078125 0.1109375
0 0.7984375 0.090625 0.05078125 0.10625
0 0.1640625 0.090625 0.04140625 0.07890625
0 0.08125 0.09453125 0.05078125 0.10625
0 0.90703125 0.11328125 0.04609375 0.1015625
0 0.46796875 0.11328125 0.04609375 0.10625
0 0.37734375 0.11796875 0.04609375 0.1015625
0 0.10859375 0.125 0.04609375 0.09296875
0 0.215625 0.12734375 0.05078125 0.09296875
0 0.04609375 0.13203125 0.03671875 0.09296875
0 0.75703125 0.134375 0.04609375 0.1015625
0 0.8703125 0.14375 0.05078125 0.1015625
0 0.259375 0.153125 0.05546875 0.09296875
0 0.65078125 0.16171875 0.05078125 0.08828125