0 0.37265625 0.196875 0.07890625 0.14375
0 0.6734375 0.25234375 0.096875 0.1390625
0 0.4859375 0.27578125 0.08359375 0.1296875
0 0.31953125 0.2890625 0.06953125 0.15703125
0 0.78203125 0.303125 0.08828125 0.134375
0 0.5484375 0.365625 0.06953125 0.115625
0 0.35859375 0.384375 0.07421875 0.1296875
0 0.465625 0.42109375 0.08828125 0.1484375
0 0.24296875 0.4375 0.10625 0.153125
0 0.81015625 0.4765625 0.07421875 0.153125
0 0.1296875 0.48828125 0.1015625 0.16640625
0 0.6203125 0.5046875 0.125 0.153125
0 0.3265625 0.57890625 0.08828125 0.134375
0 0.446875 0.70390625 0.09296875 0.15703125
0 0.5671875 0.14140625 0.07890625 0.134375
0 0.715625 0.14140625 0.07890625 0.10625