0 0.60625 0.31953125 0.0046875 0.0046875
0 0.88203125 0.31953125 0.009375 0.009375
0 0.51875 0.32421875 0.0046875 0.0046875
0 0.57421875 0.32421875 0.0046875 0.0046875
0 0.5140625 0.32421875 0.0046875 0.0046875
0 0.50703125 0.32421875 0.0046875 0.0046875
0 0.52578125 0.32421875 0.0046875 0.0046875
0 0.553125 0.32421875 0.0046875 0.0046875
0 0.5578125 0.32421875 0.0046875 0.0046875
0 0.58125 0.3265625 0.0046875 0.0046875
0 0.53203125 0.3265625 0.0046875 0.0046875
0 0.5 0.3265625 0.0046875 0.0046875
0 0.60625 0.3265625 0.0046875 0.0046875
0 0.55078125 0.32890625 0.0046875 0.0046875
0 0.56015625 0.32890625 0.0046875 0.0046875
0 0.6734375 0.32890625 0.0046875 0.0046875
0 0.5046875 0.32890625 0.009375 0.0046875
0 0.51640625 0.32890625 0.009375 0.0046875
0 0.5234375 0.32890625 0.0046875 0.0046875
0 0.61328125 0.32890625 0.009375 0.009375
0 0.659375 0.32890625 0.009375 0.0046875
0 0.59296875 0.32890625 0.0046875 0.0046875
0 0.53671875 0.33125 0.009375 0.0046875
0 0.56953125 0.33125 0.0046875 0.0046875
0 0.65078125 0.33125 0.009375 0.0046875
0 0.6828125 0.33125 0.009375 0.0046875
0 0.6640625 0.33125 0.009375 0.0046875
0 0.6921875 0.33125 0.009375 0.0046875
0 0.5625 0.33125 0.0046875 0.0046875
0 0.40546875 0.33125 0.009375 0.0046875
0 0.6015625 0.33125 0.009375 0.0046875
0 0.63203125 0.33359375 0.0046875 0.0046875
0 0.54375 0.33359375 0.0046875 0.0046875
0 0.625 0.33359375 0.009375 0.0046875
0 0.4515625 0.33359375 0.009375 0.009375
0 0.80078125 0.3359375 0.01875 0.0140625
0 0.58828125 0.3359375 0.009375 0.0046875
0 0.46328125 0.3359375 0.0140625 0.0046875
0 0.59921875 0.3359375 0.009375 0.0046875
0 0.57421875 0.33828125 0.009375 0.009375
0 0.49765625 0.33828125 0.009375 0.0046875
0 0.4609375 0.340625 0.0140625 0.009375
0 0.52578125 0.34296875 0.0140625 0.0046875
0 0.20625 0.34296875 0.01875 0.0140625
0 0.53671875 0.34296875 0.009375 0.0046875
0 0.7109375 0.34296875 0.0140625 0.0046875
0 0.62734375 0.34453125 0.0140625 0.009375
0 0.49765625 0.34453125 0.0140625 0.0046875
0 0.659375 0.34453125 0.01875 0.0140625
0 0.2640625 0.346875 0.01875 0.0140625
0 0.24296875 0.346875 0.0140625 0.0140625
0 0.3796875 0.346875 0.0140625 0.009375
0 0.21796875 0.346875 0.0234375 0.0140625
0 0.7890625 0.346875 0.01875 0.009375
0 0.28671875 0.34921875 0.01875 0.0140625
0 0.39609375 0.34921875 0.0140625 0.009375
0 0.1109375 0.3515625 0.0234375 0.0140625
0 0.053125 0.3515625 0.028125 0.0234375
0 0.98125 0.3515625 0.028125 0.01875
0 0.22890625 0.3515625 0.009375 0.009375
0 0.5046875 0.35390625 0.01875 0.0140625
0 0.5765625 0.35390625 0.01875 0.0140625
0 0.2359375 0.35390625 0.009375 0.009375
0 0.4515625 0.35625 0.0140625 0.009375
0 0.54609375 0.35625 0.01875 0.009375
0 0.696875 0.35625 0.01875 0.0140625
0 0.68046875 0.35625 0.0140625 0.0140625
0 0.090625 0.35625 0.028125 0.01875
0 0.43515625 0.35859375 0.0140625 0.009375
0 0.596875 0.35859375 0.01875 0.009375
0 0.4609375 0.35859375 0.0140625 0.0140625
0 0.83828125 0.35859375 0.03671875 0.01875
0 0.928125 0.3609375 0.0234375 0.01875
0 0.91171875 0.365625 0.01875 0.01875
0 0.98828125 0.365625 0.0140625 0.028125
0 0.26171875 0.365625 0.0234375 0.0140625
0 0.81015625 0.365625 0.028125 0.01875
0 0.06484375 0.36796875 0.028125 0.01875
0 0.875 0.3703125 0.03203125 0.0140625
0 0.13671875 0.3703125 0.028125 0.01875
0 0.409375 0.3703125 0.01875 0.009375
0 0.57421875 0.3703125 0.01875 0.0140625
0 0.54140625 0.3703125 0.01875 0.0140625
0 0.215625 0.37265625 0.028125 0.01875
0 0.44453125 0.375 0.04140625 0.0234375
0 0.7359375 0.375 0.01875 0.0140625
0 0.37265625 0.375 0.01875 0.009375
0 0.49765625 0.37734375 0.0234375 0.0140625
0 0.30546875 0.37734375 0.01875 0.0140625
0 0.6296875 0.3796875 0.028125 0.0140625
0 0.25234375 0.3796875 0.03203125 0.0234375
0 0.78203125 0.38203125 0.01875 0.01875
0 0.40078125 0.38203125 0.028125 0.0234375
0 0.29609375 0.384375 0.01875 0.009375
0 0.80546875 0.384375 0.03203125 0.01875
0 0.57421875 0.38671875 0.028125 0.01875
0 0.90546875 0.38671875 0.03671875 0.0234375
0 0.75703125 0.38671875 0.03203125 0.0140625
0 0.678125 0.3890625 0.028125 0.01875
0 0.36796875 0.3890625 0.028125 0.01875
0 0.534375 0.3890625 0.028125 0.01875
0 0.321875 0.39375 0.0234375 0.0140625
0 0.03203125 0.39609375 0.028125 0.0234375
0 0.28671875 0.39609375 0.03671875 0.0234375
0 0.875 0.40078125 0.05078125 0.03671875
0 0.63203125 0.40078125 0.03203125 0.0234375
0 0.6109375 0.40078125 0.01875 0.0140625
0 0.14140625 0.403125 0.05078125 0.03671875
0 0.75234375 0.403125 0.03671875 0.0234375
0 0.8359375 0.403125 0.028125 0.01875
0 0.69453125 0.40703125 0.03671875 0.0234375
0 0.9421875 0.40703125 0.04609375 0.028125
0 0.990625 0.409375 0.01875 0.0234375
0 0.5234375 0.4140625 0.03203125 0.028125
0 0.1921875 0.4140625 0.05078125 0.03203125
0 0.0484375 0.42109375 0.04140625 0.03203125
0 0.5625 0.42578125 0.07890625 0.03671875
0 0.28203125 0.43515625 0.05078125 0.028125
0 0.42109375 0.44921875 0.06953125 0.04609375
0 0.96796875 0.44921875 0.06015625 0.03671875
0 0.62734375 0.45859375 0.06015625 0.03671875
0 0.1921875 0.55078125 0.1015625 0.06015625