0 0.05078125 0.07421875 0.0140625 0.0140625
0 0.04609375 0.09921875 0.0234375 0.01875
0 0.2546875 0.10625 0.0140625 0.0140625
0 0.4140625 0.10859375 0.01875 0.0140625
0 0.221875 0.1109375 0.0234375 0.01875
0 0.365625 0.11796875 0.01875 0.0140625
0 0.06953125 0.1203125 0.01875 0.0140625
0 0.08828125 0.1203125 0.0140625 0.009375
0 0.45859375 0.12265625 0.028125 0.0234375
0 0.3890625 0.12734375 0.0140625 0.009375
0 0.409375 0.12734375 0.0234375 0.009375
0 0.31953125 0.12734375 0.01875 0.01875
0 0.8359375 0.12734375 0.0140625 0.0046875
0 0.1484375 0.1296875 0.0140625 0.009375
0 0.346875 0.1296875 0.01875 0.01875
0 0.0765625 0.13671875 0.0234375 0.01875
0 0.6015625 0.13671875 0.0234375 0.01875
0 0.93984375 0.1390625 0.01875 0.0140625
0 0.82421875 0.14140625 0.0140625 0.0140625
0 0.9609375 0.14375 0.01875 0.0140625
0 0.3984375 0.14375 0.01875 0.0140625
0 0.84453125 0.1484375 0.0234375 0.0140625
0 0.91640625 0.1484375 0.01875 0.0140625
0 0.06015625 0.1484375 0.0234375 0.0140625
0 0.1296875 0.1484375 0.0234375 0.01875
0 0.49765625 0.15078125 0.01875 0.01875
0 0.740625 0.153125 0.01875 0.0140625
0 0.6828125 0.15546875 0.0234375 0.0140625
0 0.009375 0.15546875 0.01875 0.0234375
0 0.27578125 0.15546875 0.028125 0.0140625
0 0.36796875 0.15546875 0.01875 0.01875
0 0.71796875 0.15546875 0.01875 0.0140625
0 0.98359375 0.15703125 0.01875 0.009375
0 0.784375 0.15703125 0.0234375 0.01875
0 0.45625 0.159375 0.028125 0.01875
0 0.090625 0.1640625 0.03203125 0.0234375
0 0.26640625 0.17109375 0.0234375 0.01875
0 0.53046875 0.17109375 0.028125 0.009375
0 0.965625 0.17578125 0.0234375 0.01875
0 0.321875 0.18046875 0.0234375 0.01875
0 0.2359375 0.1828125 0.0234375 0.01875
0 0.00703125 0.1828125 0.0140625 0.01875
0 0.18515625 0.18515625 0.01875 0.0140625
0 0.4140625 0.1875 0.028125 0.01875
0 0.1390625 0.18984375 0.028125 0.0234375
0 0.47421875 0.1921875 0.03203125 0.028125
0 0.36796875 0.1921875 0.028125 0.0234375
0 0.17109375 0.196875 0.028125 0.01875
0 0.5578125 0.19921875 0.0234375 0.01875
0 0.26171875 0.20625 0.0234375 0.01875
0 0.10859375 0.20859375 0.03203125 0.01875
0 0.009375 0.2109375 0.01875 0.01875
0 0.6015625 0.21328125 0.03203125 0.0234375
0 0.9375 0.21328125 0.0234375 0.01875
0 0.30078125 0.21796875 0.028125 0.009375
0 0.41640625 0.21796875 0.03203125 0.01875
0 0.16171875 0.21953125 0.03203125 0.0140625
0 0.53671875 0.221875 0.0234375 0.0140625
0 0.71328125 0.22890625 0.03203125 0.01875
0 0.2890625 0.23125 0.01875 0.01875
0 0.446875 0.23359375 0.028125 0.028125
0 0.80546875 0.23359375 0.028125 0.01875
0 0.02109375 0.2359375 0.03671875 0.028125
0 0.40546875 0.23828125 0.03671875 0.0140625
0 0.15546875 0.240625 0.0234375 0.01875
0 0.31015625 0.240625 0.028125 0.01875
0 0.06015625 0.240625 0.03203125 0.01875
0 0.37265625 0.24296875 0.01875 0.0234375
0 0.5234375 0.2453125 0.028125 0.028125
0 0.196875 0.2453125 0.03203125 0.0234375
0 0.990625 0.259375 0.01875 0.0234375
0 0.68984375 0.26171875 0.03671875 0.028125
0 0.9515625 0.26640625 0.03203125 0.0234375
0 0.12734375 0.26875 0.028125 0.0234375
0 0.5859375 0.2734375 0.028125 0.0234375
0 0.09453125 0.29609375 0.028125 0.0234375
0 0.73359375 0.32421875 0.0234375 0.0234375
0 0.615625 0.32890625 0.03671875 0.0234375
0 0.41640625 0.33359375 0.04140625 0.03671875
0 0.05546875 0.33359375 0.04140625 0.03671875
0 0.33828125 0.34453125 0.03203125 0.0234375
0 0.9765625 0.3890625 0.04140625 0.03671875
0 0.4765625 0.40078125 0.04609375 0.03671875
0 0.72890625 0.40703125 0.04609375 0.04140625
0 0.24765625 0.41640625 0.05078125 0.03671875
0 0.81015625 0.41875 0.05078125 0.03671875
0 0.28046875 0.43984375 0.04140625 0.0140625
0 0.1390625 0.4515625 0.04609375 0.04140625
0 0.63203125 0.465625 0.05078125 0.05078125
0 0.909375 0.47890625 0.04609375 0.05078125
0 0.5140625 0.490625 0.04140625 0.04140625
0 0.69453125 0.4953125 0.05546875 0.05078125
0 0.82421875 0.49765625 0.07421875 0.06015625
0 0.32890625 0.5 0.06484375 0.06484375
0 0.16875 0.5 0.05546875 0.03203125
0 0.971875 0.5 0.05546875 0.06015625
0 0.42109375 0.50234375 0.06953125 0.05078125
0 0.096875 0.5390625 0.06015625 0.05078125
0 0.6484375 0.54609375 0.05078125 0.05078125
0 0.16640625 0.625 0.06953125 0.05078125