0 0.6296875 0.30546875 0.0234375 0.028125
0 0.9234375 0.3265625 0.03671875 0.04609375
0 0.534375 0.33125 0.03671875 0.05078125
0 0.84296875 0.3359375 0.03203125 0.04609375
0 0.8890625 0.33828125 0.03671875 0.05078125
0 0.403125 0.34453125 0.0234375 0.03203125
0 0.9859375 0.34453125 0.01875 0.04140625
0 0.50703125 0.346875 0.028125 0.03203125
0 0.66640625 0.346875 0.03671875 0.03671875
0 0.778125 0.346875 0.03203125 0.04609375
0 0.6296875 0.3515625 0.03203125 0.06015625
0 0.56015625 0.35625 0.028125 0.04609375
0 0.19453125 0.35859375 0.03671875 0.05078125
0 0.053125 0.35859375 0.04609375 0.07421875
0 0.28203125 0.3609375 0.04140625 0.05078125
0 0.39375 0.36796875 0.04140625 0.04609375
0 0.096875 0.375 0.03671875 0.05078125
0 0.75234375 0.375 0.03203125 0.04140625
0 0.48359375 0.37734375 0.04140625 0.05078125
0 0.45625 0.3796875 0.03671875 0.05078125
0 0.1296875 0.3796875 0.03203125 0.05078125
0 0.22421875 0.3796875 0.03671875 0.04140625
0 0.4234375 0.38203125 0.03203125 0.04609375
0 0.721875 0.38203125 0.0234375 0.03203125
0 0.8078125 0.38671875 0.03671875 0.04140625
0 0.92578125 0.38671875 0.03671875 0.04609375
0 0.58125 0.39609375 0.03671875 0.05546875
0 0.25 0.403125 0.03203125 0.05546875
0 0.70390625 0.403125 0.03671875 0.05078125
0 0.27109375 0.40546875 0.028125 0.05078125
0 0.471875 0.40703125 0.0234375 0.04140625
0 0.21953125 0.41875 0.03203125 0.06015625
0 0.3078125 0.42578125 0.03671875 0.06015625
0 0.3515625 0.43984375 0.03671875 0.05078125
0 0.865625 0.4421875 0.06953125 0.07421875
0 0.06484375 0.490625 0.03671875 0.06015625
0 0.090625 0.5765625 0.03203125 0.05078125
0 0.78046875 0.596875 0.04140625 0.06484375
0 0.96796875 0.60859375 0.04140625 0.05078125
0 0.88671875 0.6109375 0.05078125 0.05546875
0 0.340625 0.61328125 0.03671875 0.05546875
0 0.69453125 0.6203125 0.03671875 0.04609375
0 0.6203125 0.63203125 0.04140625 0.05078125
0 0.59453125 0.634375 0.01875 0.03671875
0 0.4515625 0.6390625 0.04140625 0.05078125
0 0.66640625 0.64140625 0.04140625 0.04609375
0 0.04140625 0.64609375 0.028125 0.05078125
0 0.20859375 0.64609375 0.03671875 0.05078125
0 0.09453125 0.65078125 0.03203125 0.04140625
0 0.13671875 0.65078125 0.03203125 0.04140625
0 0.5625 0.653125 0.03671875 0.05078125
0 0.3515625 0.65546875 0.03671875 0.05546875
0 0.71328125 0.66171875 0.03203125 0.04609375
0 0.01875 0.66640625 0.0234375 0.04140625
0 0.26875 0.67109375 0.028125 0.04609375