0 0.79375 0.01171875 0.009375 0.009375
0 0.428125 0.01171875 0.0046875 0.009375
0 0.48828125 0.01171875 0.009375 0.009375
0 0.90703125 0.01171875 0.009375 0.0140625
0 0.29609375 0.10390625 0.01875 0.0140625
0 0.721875 0.10390625 0.03203125 0.03203125
0 0.37734375 0.10625 0.009375 0.01875
0 0.58359375 0.10859375 0.01875 0.0234375
0 0.39375 0.10859375 0.01875 0.03203125
0 0.11328125 0.1109375 0.01875 0.03203125
0 0.93046875 0.1109375 0.0234375 0.0234375
0 0.76171875 0.11328125 0.01875 0.0234375
0 0.00703125 0.11328125 0.0140625 0.009375
0 0.20859375 0.11328125 0.01875 0.028125
0 0.93984375 0.01171875 0.009375 0.009375
0 0.95625 0.01171875 0.0046875 0.0046875
0 0.09453125 0.115625 0.0234375 0.028125
0 0.55546875 0.115625 0.0234375 0.0140625
0 0.27109375 0.11796875 0.0234375 0.028125
0 0.3609375 0.1203125 0.0234375 0.03203125
0 0.84296875 0.1203125 0.03203125 0.04140625
0 0.50703125 0.1203125 0.0234375 0.0140625
0 0.32421875 0.12265625 0.028125 0.03203125
0 0.6296875 0.12265625 0.01875 0.04140625
0 0.6921875 0.12265625 0.01875 0.03671875
0 0.88671875 0.125 0.0140625 0.01875
0 0.4421875 0.01171875 0.0046875 0.009375
0 0.803125 0.0140625 0.009375 0.009375
0 0.41640625 0.0140625 0.009375 0.0046875
0 0.78203125 0.12734375 0.01875 0.03203125
0 0.8703125 0.12734375 0.0234375 0.04140625
0 0.53046875 0.12734375 0.01875 0.01875
0 0.17578125 0.1296875 0.0234375 0.03203125
0 0.22890625 0.134375 0.0234375 0.01875
0 0.4375 0.134375 0.01875 0.01875
0 0.9765625 0.134375 0.01875 0.0140625
0 0.65703125 0.134375 0.0140625 0.03203125
0 0.03046875 0.134375 0.01875 0.0234375
0 0.60859375 0.134375 0.028125 0.04140625
0 0.009375 0.134375 0.01875 0.03203125
0 0.3265625 0.0140625 0.009375 0.009375
0 0.509375 0.0140625 0.0046875 0.009375
0 0.90703125 0.13671875 0.028125 0.028125
0 0.3890625 0.13671875 0.01875 0.0140625
0 0.803125 0.1390625 0.028125 0.04609375
0 0.1390625 0.14140625 0.01875 0.01875
0 0.303125 0.14140625 0.028125 0.04140625
0 0.67578125 0.14140625 0.0234375 0.04609375
0 0.56484375 0.14609375 0.01875 0.03203125
0 0.38671875 0.01640625 0.0046875 0.0046875
0 0.93046875 0.1484375 0.03203125 0.03203125
0 0.2015625 0.15078125 0.028125 0.03203125
0 0.54375 0.153125 0.0234375 0.0234375
0 0.74296875 0.153125 0.03671875 0.05078125
0 0.9609375 0.15546875 0.0234375 0.0234375
0 0.4328125 0.15703125 0.01875 0.03203125
0 0.51171875 0.15703125 0.028125 0.0234375
0 0.89609375 0.01640625 0.009375 0.0140625
0 0.37734375 0.01640625 0.0046875 0.009375
0 0.27578125 0.15703125 0.028125 0.03203125
0 0.09453125 0.16171875 0.03203125 0.04140625
0 0.44453125 0.16171875 0.0140625 0.03203125
0 0.22890625 0.16171875 0.03203125 0.03671875
0 0.4765625 0.16171875 0.0234375 0.04609375
0 0.778125 0.1640625 0.03203125 0.028125
0 0.409375 0.16640625 0.028125 0.04140625
0 0.8515625 0.16640625 0.028125 0.01875
0 0.83359375 0.01640625 0.0046875 0.0046875
0 0.84921875 0.01640625 0.009375 0.009375
0 0.965625 0.01640625 0.009375 0.0140625
0 0.31015625 0.01640625 0.0046875 0.0046875
0 0.14609375 0.1734375 0.03203125 0.03671875
0 0.01171875 0.17578125 0.0234375 0.03203125
0 0.91875 0.01875 0.009375 0.009375
0 0.471875 0.01875 0.009375 0.009375
0 0.3703125 0.178125 0.0234375 0.03203125
0 0.4609375 0.18046875 0.0234375 0.04140625
0 0.91171875 0.18515625 0.028125 0.03671875
0 0.96953125 0.1875 0.03671875 0.05078125
0 0.33828125 0.18984375 0.028125 0.05546875
0 0.3609375 0.1921875 0.0234375 0.04140625
0 0.51875 0.1921875 0.03671875 0.04140625
0 0.8171875 0.19453125 0.03203125 0.04609375
0 0.78671875 0.02109375 0.009375 0.0046875
0 0.39609375 0.19921875 0.03671875 0.06484375
0 0.18984375 0.2015625 0.028125 0.05546875
0 0.79609375 0.2015625 0.0234375 0.04140625
0 0.84296875 0.20390625 0.01875 0.04609375
0 0.5671875 0.20625 0.028125 0.05078125
0 0.68046875 0.20625 0.0234375 0.03671875
0 0.74765625 0.20859375 0.03203125 0.05078125
0 0.30078125 0.00234375 0.0046875 0.0046875
0 0.3171875 0.00234375 0.009375 0.0046875
0 0.928125 0.00234375 0.0046875 0.0046875
0 0.8609375 0.21796875 0.028125 0.04140625
0 0.1484375 0.221875 0.03203125 0.04609375
0 0.22421875 0.221875 0.03203125 0.05078125
0 0.91171875 0.221875 0.03203125 0.04140625
0 0.61796875 0.221875 0.04140625 0.05546875
0 0.9515625 0.2265625 0.03203125 0.05078125
0 0.11796875 0.2265625 0.028125 0.05546875
0 0.42578125 0.2265625 0.03203125 0.03203125
0 0.72421875 0.22890625 0.028125 0.04140625
0 0.90078125 0.0234375 0.009375 0.0140625
0 0.27109375 0.23125 0.03671875 0.05546875
0 0.31484375 0.23359375 0.03203125 0.06015625
0 0.9859375 0.2359375 0.01875 0.05546875
0 0.02578125 0.2359375 0.03671875 0.05078125
0 0.66640625 0.240625 0.04140625 0.05078125
0 0.8265625 0.24296875 0.03671875 0.0234375
0 0.88671875 0.2453125 0.028125 0.03203125
0 0.39375 0.26171875 0.03203125 0.05078125
0 0.85390625 0.26640625 0.0234375 0.0234375
0 0.4421875 0.27578125 0.04140625 0.05546875
0 0.06953125 0.27578125 0.05546875 0.06484375
0 0.95625 0.28203125 0.0234375 0.03203125
0 0.5234375 0.28203125 0.04609375 0.07421875
0 0.865625 0.028125 0.009375 0.009375
0 0.64375 0.28671875 0.04140625 0.04140625
0 0.3515625 0.2890625 0.04140625 0.05546875
0 0.91875 0.29140625 0.04140625 0.06953125
0 0.196875 0.29609375 0.04140625 0.06484375
0 0.821875 0.30078125 0.04140625 0.06484375
0 0.42109375 0.303125 0.04609375 0.06015625
0 0.29375 0.3078125 0.04609375 0.07890625
0 0.340625 0.0046875 0.009375 0.009375
0 0.99296875 0.03203125 0.0140625 0.0140625
0 0.9859375 0.321875 0.028125 0.1015625
0 0.44921875 0.03203125 0.009375 0.009375
0 0.78203125 0.03203125 0.009375 0.01875
0 0.75 0.32890625 0.03671875 0.06484375
0 0.48125 0.03203125 0.0046875 0.0140625
0 0.8984375 0.034375 0.009375 0.009375
0 0.95390625 0.034375 0.009375 0.01875
0 0.33125 0.034375 0.0046875 0.009375
0 0.48359375 0.3359375 0.04609375 0.07890625
0 0.57421875 0.33828125 0.04140625 0.1109375
0 0.03671875 0.34296875 0.06484375 0.096875
0 0.4609375 0.034375 0.009375 0.009375
0 0.39140625 0.3515625 0.06015625 0.05078125
0 0.69453125 0.36328125 0.05078125 0.07890625
0 0.17109375 0.365625 0.04140625 0.08828125
0 0.29609375 0.03671875 0.009375 0.0140625
0 0.35390625 0.03671875 0.009375 0.009375
0 0.4953125 0.03671875 0.009375 0.0140625
0 0.32890625 0.36796875 0.05078125 0.07890625
0 0.62734375 0.3703125 0.06015625 0.096875
0 0.9421875 0.0390625 0.009375 0.009375
0 0.12265625 0.3796875 0.06484375 0.08828125
0 0.39375 0.0390625 0.0140625 0.01875
0 0.75234375 0.0390625 0.009375 0.009375
0 0.7734375 0.0390625 0.0140625 0.01875
0 0.53671875 0.0390625 0.009375 0.009375
0 0.25 0.40546875 0.06015625 0.08828125
0 0.8078125 0.04140625 0.009375 0.009375
0 0.82421875 0.04140625 0.0140625 0.009375
0 0.51875 0.04140625 0.009375 0.01875
0 0.80078125 0.409375 0.05546875 0.096875
0 0.31015625 0.0046875 0.009375 0.009375
0 0.571875 0.04140625 0.0140625 0.01875
0 0.8796875 0.04140625 0.009375 0.009375
0 0.43984375 0.42109375 0.05546875 0.1015625
0 0.92578125 0.04375 0.0140625 0.0140625
0 0.96796875 0.04375 0.0140625 0.01875
0 0.98828125 0.4328125 0.0140625 0.115625
0 0.72890625 0.04375 0.009375 0.009375
0 0.87734375 0.45859375 0.06484375 0.1203125
0 0.89140625 0.04609375 0.009375 0.009375
0 0.90546875 0.04609375 0.009375 0.009375
0 0.340625 0.04609375 0.009375 0.009375
0 0.74765625 0.0484375 0.0140625 0.0140625
0 0.99296875 0.05078125 0.0046875 0.01875
0 0.5484375 0.0484375 0.0140625 0.0140625
0 0.35390625 0.05078125 0.009375 0.0140625
0 0.56015625 0.05078125 0.009375 0.009375
0 0.76875 0.05078125 0.0140625 0.009375
0 0.58828125 0.05078125 0.009375 0.01875
0 0.3984375 0.51171875 0.07890625 0.1390625
0 0.41171875 0.05078125 0.009375 0.009375
0 0.46953125 0.05078125 0.0140625 0.009375
0 0.36796875 0.05078125 0.009375 0.01875
0 0.45390625 0.05078125 0.009375 0.0140625
0 0.86328125 0.0046875 0.0046875 0.0046875
0 0.553125 0.0046875 0.0046875 0.0046875
0 0.0765625 0.52578125 0.07421875 0.1015625
0 0.62265625 0.053125 0.009375 0.0140625
0 0.57890625 0.053125 0.0140625 0.01875
0 0.721875 0.05546875 0.009375 0.01875
0 0.7890625 0.05546875 0.009375 0.0140625
0 0.39140625 0.05546875 0.009375 0.01875
0 0.58828125 0.553125 0.06015625 0.06015625
0 0.80078125 0.05546875 0.0140625 0.009375
0 0.490625 0.05546875 0.0140625 0.009375
0 0.65078125 0.05546875 0.009375 0.0140625
0 0.31953125 0.05546875 0.009375 0.01875
0 0.69453125 0.05546875 0.0140625 0.0140625
0 0.965625 0.56015625 0.06015625 0.1109375
0 0.8359375 0.05546875 0.0140625 0.009375
0 0.67578125 0.0578125 0.0140625 0.01875
0 0.3359375 0.0578125 0.0140625 0.0140625
0 0.54140625 0.0578125 0.0140625 0.0140625
0 0.428125 0.06015625 0.0140625 0.0140625
0 0.2640625 0.0625 0.0046875 0.0140625
0 0.5046875 0.0625 0.01875 0.009375
0 0.946875 0.00703125 0.0046875 0.009375
0 0.965625 0.00703125 0.009375 0.009375
0 0.44921875 0.00703125 0.0046875 0.0046875
0 0.446875 0.0625 0.01875 0.0140625
0 0.465625 0.0625 0.0140625 0.0140625
0 0.64140625 0.0625 0.009375 0.0140625
0 0.3078125 0.06484375 0.01875 0.01875
0 0.56484375 0.06484375 0.0140625 0.0140625
0 0.84453125 0.06484375 0.0140625 0.01875
0 0.903125 0.06484375 0.0140625 0.01875
0 0.98359375 0.06484375 0.0140625 0.01875
0 0.73828125 0.06484375 0.01875 0.0234375
0 0.93984375 0.0671875 0.0140625 0.0234375
0 0.8796875 0.0671875 0.009375 0.0140625
0 0.9234375 0.0671875 0.01875 0.0140625
0 0.95390625 0.0671875 0.009375 0.0140625
0 0.7640625 0.0671875 0.009375 0.0140625
0 0.81484375 0.06953125 0.0140625 0.0234375
0 0.52578125 0.06953125 0.01875 0.0234375
0 0.85625 0.6875 0.08828125 0.14375
0 0.8703125 0.06953125 0.01875 0.01875
0 0.21953125 0.06953125 0.0140625 0.009375
0 0.48125 0.06953125 0.0140625 0.01875
0 0.11796875 0.06953125 0.01875 0.01875
0 0.35390625 0.06953125 0.0140625 0.01875
0 0.3125 0.071875 0.009375 0.0140625
0 0.78671875 0.071875 0.0140625 0.0140625
0 0.62265625 0.071875 0.0140625 0.0140625
0 0.178125 0.71796875 0.08828125 0.125
0 0.634375 0.71953125 0.08359375 0.125
0 0.715625 0.071875 0.0140625 0.009375
0 0.28046875 0.071875 0.0140625 0.01875
0 0.45625 0.00703125 0.0046875 0.0046875
0 0.590625 0.07421875 0.0140625 0.0140625
0 0.77109375 0.07421875 0.0140625 0.0140625
0 0.36796875 0.07421875 0.0140625 0.0140625
0 0.4140625 0.0765625 0.01875 0.0234375
0 0.5046875 0.0765625 0.0140625 0.009375
0 0.09453125 0.0765625 0.0140625 0.0234375
0 0.65546875 0.0765625 0.0140625 0.028125
0 0.971875 0.0765625 0.0140625 0.0234375
0 0.4140625 0.79609375 0.10625 0.153125
0 0.03046875 0.83125 0.05546875 0.15703125
0 0.36328125 0.009375 0.009375 0.009375
0 0.471875 0.009375 0.0046875 0.009375
0 0.84453125 0.08359375 0.0140625 0.0140625
0 0.69921875 0.08359375 0.01875 0.0234375
0 0.95390625 0.0859375 0.01875 0.0140625
0 0.58359375 0.0859375 0.009375 0.009375
0 0.634375 0.0859375 0.01875 0.0234375
0 0.75234375 0.0859375 0.009375 0.0140625
0 0.99296875 0.08828125 0.0140625 0.0234375
0 0.85625 0.08828125 0.0140625 0.0234375
0 0.19921875 0.08828125 0.0140625 0.0234375
0 0.13671875 0.090625 0.01875 0.03203125
0 0.29140625 0.09296875 0.01875 0.0234375
0 0.7359375 0.09296875 0.0140625 0.028125
0 0.79140625 0.09296875 0.01875 0.0234375
0 0.9234375 0.09296875 0.0234375 0.0234375
0 0.61796875 0.09296875 0.01875 0.01875
0 0.1640625 0.09453125 0.0140625 0.0234375
0 0.6734375 0.09453125 0.01875 0.03203125
0 0.29140625 0.009375 0.0046875 0.009375
0 0.35390625 0.009375 0.009375 0.009375
0 0.0046875 0.096875 0.009375 0.01875
0 0.90546875 0.09453125 0.01875 0.0140625
0 0.33125 0.09453125 0.0140625 0.0140625
0 0.2109375 0.09453125 0.009375 0.009375
0 0.48125 0.09453125 0.0234375 0.03203125
0 0.56484375 0.096875 0.0140625 0.01875
0 0.53671875 0.096875 0.01875 0.028125
0 0.89375 0.096875 0.0140625 0.01875
0 0.23828125 0.09921875 0.0234375 0.03203125
0 0.51640625 0.09921875 0.01875 0.028125
0 0.1734375 0.09921875 0.0140625 0.0234375
0 0.034375 0.09921875 0.01875 0.0234375
0 0.5046875 0.09921875 0.01875 0.01875
0 0.4140625 0.1015625 0.0140625 0.028125
0 0.7734375 0.1015625 0.0140625 0.0234375
0 0.75 0.1015625 0.009375 0.0234375
0 0.95625 0.1015625 0.01875 0.0234375
0 0.97421875 0.1015625 0.0140625 0.0140625
0 0.59453125 0.1015625 0.0140625 0.0140625
0 0.43046875 0.10390625 0.009375 0.028125
0 0.4421875 0.10390625 0.01875 0.03203125