0 0.6015625 0.33828125 0.01875 0.01875
0 0.590625 0.34296875 0.01875 0.01875
0 0.403125 0.34453125 0.01875 0.0140625
0 0.3515625 0.34921875 0.0234375 0.0234375
0 0.534375 0.34921875 0.01875 0.01875
0 0.5625 0.34921875 0.0140625 0.01875
0 0.64375 0.34921875 0.0234375 0.028125
0 0.3125 0.3609375 0.01875 0.01875
0 0.33828125 0.36328125 0.01875 0.01875
0 0.01640625 0.37265625 0.0234375 0.01875
0 0.278125 0.375 0.0234375 0.01875
0 0.33828125 0.3890625 0.0140625 0.0140625
0 0.125 0.39140625 0.01875 0.0234375
0 0.32890625 0.403125 0.01875 0.0234375
0 0.028125 0.40703125 0.01875 0.0234375
0 0.43046875 0.41171875 0.01875 0.009375
0 0.346875 0.41171875 0.01875 0.01875
0 0.66640625 0.4140625 0.0234375 0.03671875
0 0.20859375 0.41640625 0.01875 0.01875
0 0.384375 0.41875 0.01875 0.028125
0 0.54140625 0.41875 0.01875 0.0234375
0 0.63671875 0.4234375 0.01875 0.0234375
0 0.59296875 0.4234375 0.01875 0.0234375
0 0.32421875 0.42578125 0.01875 0.0234375
0 0.08359375 0.42578125 0.009375 0.0234375
0 0.490625 0.42578125 0.0234375 0.028125
0 0.37265625 0.428125 0.0234375 0.0234375
0 0.096875 0.428125 0.01875 0.0234375
0 0.66875 0.428125 0.028125 0.03203125
0 0.12265625 0.428125 0.0234375 0.03203125
0 0.7546875 0.428125 0.0234375 0.03203125
0 0.43984375 0.43046875 0.0234375 0.028125
0 0.7984375 0.43046875 0.01875 0.01875
0 0.78046875 0.43515625 0.0140625 0.028125
0 0.2109375 0.43515625 0.01875 0.028125
0 0.159375 0.4375 0.028125 0.03203125
0 0.3359375 0.4375 0.0234375 0.03203125
0 0.27578125 0.44453125 0.03203125 0.03203125
0 0.0484375 0.446875 0.028125 0.01875
0 0.71796875 0.446875 0.01875 0.028125
0 0.54140625 0.446875 0.028125 0.0234375
0 0.59921875 0.446875 0.0140625 0.01875
0 0.2265625 0.446875 0.01875 0.0234375
0 0.034375 0.44921875 0.01875 0.01875
0 0.8796875 0.4515625 0.028125 0.03203125
0 0.75 0.4515625 0.0234375 0.0234375
0 0.625 0.45859375 0.028125 0.028125
0 0.84921875 0.4609375 0.028125 0.028125
0 0.509375 0.46328125 0.0234375 0.03203125
0 0.35859375 0.46328125 0.0234375 0.028125
0 0.72421875 0.465625 0.01875 0.0234375
0 0.0578125 0.46796875 0.01875 0.03203125
0 0.64375 0.46953125 0.01875 0.03203125
0 0.75 0.46953125 0.01875 0.01875
0 0.12734375 0.46953125 0.028125 0.03671875
0 0.6828125 0.471875 0.03203125 0.03203125
0 0.428125 0.471875 0.028125 0.0234375
0 0.48828125 0.471875 0.028125 0.0234375
0 0.92578125 0.471875 0.028125 0.04140625
0 0.0765625 0.4765625 0.01875 0.03203125
0 0.79375 0.4765625 0.028125 0.028125
0 0.04609375 0.4765625 0.01875 0.028125
0 0.09921875 0.4765625 0.028125 0.03203125
0 0.3359375 0.47890625 0.028125 0.028125
0 0.909375 0.47890625 0.0234375 0.028125
0 0.034375 0.47890625 0.01875 0.03671875
0 0.3125 0.48125 0.03203125 0.028125
0 0.259375 0.48125 0.028125 0.05546875
0 0.534375 0.48125 0.01875 0.0234375
0 0.196875 0.48359375 0.03671875 0.03671875
0 0.590625 0.4859375 0.0234375 0.03203125
0 0.73828125 0.490625 0.028125 0.03671875
0 0.990625 0.49296875 0.009375 0.04140625
0 0.44921875 0.49296875 0.028125 0.03671875
0 0.8890625 0.4953125 0.03203125 0.03203125
0 0.6203125 0.4953125 0.028125 0.028125
0 0.27578125 0.4953125 0.03671875 0.06015625
0 0.78203125 0.4953125 0.01875 0.03671875
0 0.615625 0.49765625 0.01875 0.01875
0 0.79375 0.5 0.0234375 0.03203125
0 0.76171875 0.5 0.028125 0.03671875
0 0.52578125 0.5 0.028125 0.028125
0 0.97890625 0.5046875 0.03203125 0.04609375
0 0.86796875 0.50234375 0.028125 0.03203125
0 0.490625 0.50234375 0.028125 0.03203125
0 0.41171875 0.5046875 0.03203125 0.03203125
0 0.66875 0.50703125 0.03203125 0.03671875
0 0.8171875 0.50703125 0.0234375 0.028125
0 0.55546875 0.50703125 0.01875 0.03203125
0 0.6921875 0.50703125 0.01875 0.028125
0 0.70859375 0.50703125 0.03203125 0.03671875
0 0.01640625 0.509375 0.028125 0.0234375
0 0.3265625 0.51171875 0.03671875 0.04140625
0 0.83359375 0.5140625 0.028125 0.028125
0 0.196875 0.5140625 0.028125 0.028125
0 0.090625 0.51640625 0.03203125 0.05078125
0 0.134375 0.51875 0.03203125 0.04140625
0 0.90703125 0.52109375 0.03203125 0.0234375
0 0.4140625 0.5234375 0.03671875 0.03203125
0 0.31015625 0.52578125 0.03203125 0.03671875
0 0.1640625 0.53203125 0.03203125 0.03671875
0 0.66640625 0.53671875 0.03203125 0.05078125
0 0.92109375 0.54375 0.03671875 0.03671875
0 0.77109375 0.54609375 0.03671875 0.05078125
0 0.028125 0.54609375 0.028125 0.05078125
0 0.46796875 0.54609375 0.0234375 0.0234375
0 0.528125 0.5484375 0.03203125 0.03671875
0 0.68515625 0.5484375 0.03671875 0.05546875
0 0.37734375 0.5484375 0.0234375 0.0234375
0 0.62734375 0.5484375 0.03203125 0.03671875
0 0.0671875 0.55078125 0.0234375 0.03203125
0 0.5578125 0.55546875 0.0234375 0.028125
0 0.12265625 0.5578125 0.0234375 0.028125
0 0.8125 0.56484375 0.03671875 0.05078125
0 0.59296875 0.56484375 0.028125 0.04140625
0 0.39375 0.56953125 0.0140625 0.0234375
0 0.15078125 0.571875 0.0234375 0.0234375
0 0.375 0.58125 0.0234375 0.04140625
0 0.56015625 0.5859375 0.028125 0.028125
0 0.409375 0.5859375 0.03203125 0.04609375
0 0.1828125 0.58828125 0.028125 0.03203125
0 0.96796875 0.58828125 0.03671875 0.04140625
0 0.2984375 0.590625 0.03203125 0.04140625
0 0.9234375 0.590625 0.04609375 0.05546875
0 0.534375 0.596875 0.028125 0.04609375
0 0.61796875 0.596875 0.028125 0.03671875
0 0.48359375 0.59921875 0.04140625 0.04140625
0 0.321875 0.60390625 0.0234375 0.03671875
0 0.028125 0.60625 0.03671875 0.03671875
0 0.7453125 0.6109375 0.05078125 0.06015625
0 0.78671875 0.6109375 0.01875 0.04140625
0 0.35625 0.615625 0.028125 0.04140625
0 0.1390625 0.62265625 0.06015625 0.05546875
0 0.47421875 0.634375 0.04140625 0.05078125
0 0.965625 0.63671875 0.04609375 0.05078125
0 0.57421875 0.63671875 0.04140625 0.06015625
0 0.70625 0.6390625 0.04140625 0.06015625
0 0.8265625 0.6390625 0.05078125 0.05078125
0 0.32890625 0.65546875 0.0234375 0.04609375
0 0.22890625 0.65703125 0.04140625 0.06484375
0 0.06015625 0.66640625 0.04140625 0.06015625
0 0.10625 0.66875 0.05546875 0.08359375
0 0.39609375 0.6734375 0.0234375 0.04140625
0 0.66875 0.68046875 0.0234375 0.03203125
0 0.46953125 0.68515625 0.04140625 0.04140625
0 0.5234375 0.70390625 0.05546875 0.08359375
0 0.64609375 0.7265625 0.03203125 0.04140625
0 0.24765625 0.7359375 0.06015625 0.06953125
0 0.40078125 0.73828125 0.05078125 0.06015625
0 0.14140625 0.784375 0.05078125 0.07421875