0 0.43046875 0.11328125 0.06484375 0.096875
0 0.5625 0.1203125 0.05546875 0.096875
0 0.71796875 0.1203125 0.05546875 0.08359375
0 0.8515625 0.125 0.06015625 0.09296875
0 0.67578125 0.12734375 0.04140625 0.07421875
0 0.96328125 0.14609375 0.05078125 0.06953125
0 0.64140625 0.153125 0.05546875 0.10625
0 0.821875 0.15546875 0.06484375 0.1015625
0 0.490625 0.1734375 0.06953125 0.096875
0 0.0390625 0.17578125 0.07421875 0.1015625
0 0.41875 0.02109375 0.04140625 0.04140625
0 0.6109375 0.02109375 0.03671875 0.04140625
0 0.1734375 0.18984375 0.05546875 0.10625
0 0.33125 0.196875 0.05078125 0.10625
0 0.96796875 0.02109375 0.04140625 0.04140625
0 0.93515625 0.22890625 0.07421875 0.1203125
0 0.49296875 0.0234375 0.04140625 0.04609375
0 0.740625 0.23125 0.06953125 0.096875
0 0.365625 0.23359375 0.06484375 0.115625
0 0.26640625 0.23359375 0.07421875 0.115625
0 0.88671875 0.2453125 0.06484375 0.1109375
0 0.65546875 0.26171875 0.06484375 0.08828125
0 0.08828125 0.27109375 0.06953125 0.115625
0 0.803125 0.278125 0.06015625 0.1109375
0 0.8515625 0.28203125 0.07890625 0.115625
0 0.4609375 0.3078125 0.07890625 0.096875
0 0.40078125 0.3125 0.06015625 0.1203125
0 0.71953125 0.33125 0.06484375 0.08828125
0 0.20390625 0.33359375 0.07421875 0.125
0 0.6296875 0.340625 0.08359375 0.115625
0 0.55078125 0.34453125 0.07890625 0.1203125
0 0.028125 0.35859375 0.05546875 0.1015625
0 0.3125 0.38203125 0.07421875 0.1015625
0 0.18046875 0.403125 0.06953125 0.1203125
0 0.8125 0.04140625 0.04140625 0.07421875
0 0.0234375 0.41171875 0.04609375 0.04140625
0 0.91171875 0.41875 0.08359375 0.1484375
0 0.96796875 0.43515625 0.04609375 0.1296875
0 0.76875 0.04375 0.05546875 0.07890625
0 0.8578125 0.04609375 0.046875 0.0921875
0 0.1390625 0.50234375 0.07890625 0.125
0 0.92578125 0.05078125 0.04609375 0.06015625
0 0.6640625 0.053125 0.05546875 0.08359375
0 0.784375 0.52578125 0.08828125 0.153125
0 0.34296875 0.528125 0.07890625 0.1296875
0 0.5234375 0.534375 0.07890625 0.1484375
0 0.60859375 0.053125 0.05546875 0.05546875
0 0.25234375 0.571875 0.07890625 0.134375
0 0.04140625 0.58125 0.07421875 0.153125
0 0.04609375 0.0625 0.04140625 0.1015625
0 0.15546875 0.07421875 0.05078125 0.07421875
0 0.375 0.0765625 0.05078125 0.08359375
0 0.7453125 0.85625 0.14375 0.08359375
0 0.215625 0.09453125 0.04609375 0.08359375
0 0.29609375 0.096875 0.05078125 0.096875
0 0.33828125 0.1015625 0.05078125 0.05078125
0 0.93515625 0.1015625 0.08359375 0.03671875