0 0.5140625 0.37265625 0.04140625 0.05078125
0 0.38671875 0.39140625 0.04140625 0.05078125
0 0.84921875 0.39140625 0.04140625 0.06015625
0 0.15703125 0.39375 0.04140625 0.06484375
0 0.64140625 0.403125 0.05078125 0.06484375
0 0.24765625 0.40703125 0.03671875 0.05078125
0 0.56015625 0.4375 0.04140625 0.07890625
0 0.82890625 0.44921875 0.05078125 0.07421875
0 0.340625 0.4609375 0.05078125 0.06484375
0 0.4234375 0.465625 0.05078125 0.06953125
0 0.66171875 0.46953125 0.04609375 0.06953125
0 0.17578125 0.48828125 0.05546875 0.07421875
0 0.71328125 0.490625 0.05078125 0.07421875
0 0.5390625 0.49296875 0.06015625 0.09296875
0 0.82421875 0.50703125 0.05078125 0.08828125
0 0.29609375 0.51171875 0.06015625 0.07890625
0 0.7640625 0.528125 0.05078125 0.08359375
0 0.23359375 0.534375 0.06484375 0.06953125
0 0.071875 0.54375 0.06484375 0.096875
0 0.6015625 0.56953125 0.05546875 0.09296875
0 0.44453125 0.571875 0.05078125 0.096875
0 0.91875 0.57890625 0.07421875 0.125