0 0.1203125 0.2453125 0.07890625 0.1390625
0 0.7734375 0.26875 0.07421875 0.1296875
0 0.31015625 0.29140625 0.05546875 0.134375
0 0.5390625 0.03046875 0.07421875 0.06015625
0 0.89140625 0.30078125 0.07890625 0.14375
0 0.97421875 0.303125 0.05078125 0.096875
0 0.6296875 0.31484375 0.07890625 0.1015625
0 0.2546875 0.340625 0.08828125 0.1390625
0 0.47109375 0.03671875 0.0546875 0.0734375
0 0.52578125 0.403125 0.096875 0.1484375
0 0.23046875 0.04140625 0.0890625 0.0828125
0 0.134375 0.4421875 0.08828125 0.1484375
0 0.65546875 0.45390625 0.08828125 0.15703125
0 0.42109375 0.50703125 0.07890625 0.134375
0 0.1921875 0.51171875 0.08828125 0.15703125
0 0.321875 0.5140625 0.09296875 0.14375
0 0.9375 0.53203125 0.08828125 0.17578125
0 0.034375 0.69375 0.06875 0.19375
0 0.81484375 0.696875 0.096875 0.14375
0 0.696875 0.71796875 0.096875 0.15703125
0 0.3359375 0.72890625 0.10625 0.17578125
0 0.8359375 0.07890625 0.05546875 0.1015625
0 0.9515625 0.82421875 0.096875 0.23125
0 0.778125 0.08359375 0.07421875 0.125
0 0.97421875 0.08359375 0.05078125 0.1015625
0 0.35390625 0.096875 0.07421875 0.10625
0 0.5578125 0.1015625 0.06484375 0.10625
0 0.44453125 0.153125 0.07890625 0.1390625
0 0.07890625 0.1734375 0.04140625 0.08359375
0 0.965625 0.18984375 0.06484375 0.096875
0 0.634375 0.20390625 0.06953125 0.10625
0 0.03671875 0.20625 0.0734375 0.14375