0 0.5484375 0.3703125 0.0140625 0.0140625
0 0.428125 0.3703125 0.0046875 0.009375
0 0.409375 0.37734375 0.0046875 0.009375
0 0.35625 0.37734375 0.0140625 0.0234375
0 0.41640625 0.37734375 0.009375 0.009375
0 0.49765625 0.37734375 0.009375 0.009375
0 0.4609375 0.3796875 0.0046875 0.009375
0 0.45625 0.3796875 0.0046875 0.009375
0 0.51171875 0.38203125 0.009375 0.009375
0 0.4515625 0.38203125 0.009375 0.0140625
0 0.42578125 0.38203125 0.009375 0.01875
0 0.346875 0.384375 0.009375 0.0140625
0 0.4421875 0.384375 0.009375 0.0140625
0 0.528125 0.384375 0.009375 0.009375
0 0.54375 0.384375 0.0046875 0.0140625
0 0.37265625 0.38671875 0.009375 0.0140625
0 0.384375 0.38671875 0.0140625 0.01875
0 0.30078125 0.38671875 0.009375 0.0140625
0 0.34296875 0.38671875 0.009375 0.0140625
0 0.403125 0.38671875 0.0140625 0.0140625
0 0.465625 0.38671875 0.009375 0.0140625
0 0.48125 0.3890625 0.0046875 0.009375
0 0.3125 0.3890625 0.009375 0.0140625
0 0.615625 0.3890625 0.009375 0.0140625
0 0.52109375 0.39140625 0.009375 0.01875
0 0.39140625 0.39140625 0.009375 0.009375
0 0.56953125 0.39140625 0.0046875 0.009375
0 0.5 0.39140625 0.0140625 0.01875
0 0.80546875 0.39375 0.0140625 0.0140625
0 0.62734375 0.39609375 0.009375 0.0140625
0 0.490625 0.39609375 0.009375 0.0140625
0 0.590625 0.39609375 0.0140625 0.01875
0 0.44453125 0.39609375 0.0140625 0.0140625
0 0.55546875 0.3984375 0.0140625 0.0234375
0 0.27578125 0.3984375 0.0234375 0.0234375
0 0.778125 0.3984375 0.0140625 0.0234375
0 0.6390625 0.40078125 0.0140625 0.01875
0 0.3359375 0.40078125 0.0234375 0.03203125
0 0.57890625 0.40078125 0.009375 0.0140625
0 0.60625 0.40078125 0.0140625 0.0234375
0 0.6640625 0.40078125 0.009375 0.009375
0 0.21328125 0.403125 0.01875 0.01875
0 0.54375 0.40546875 0.0140625 0.0140625
0 0.77109375 0.40703125 0.0140625 0.0234375
0 0.75234375 0.40703125 0.0140625 0.0140625
0 0.625 0.40703125 0.01875 0.0140625
0 0.2984375 0.409375 0.01875 0.0234375
0 0.41171875 0.409375 0.028125 0.03203125
0 0.65078125 0.409375 0.009375 0.0140625
0 0.6875 0.409375 0.0140625 0.009375
0 0.26171875 0.409375 0.01875 0.028125
0 0.375 0.409375 0.01875 0.03203125
0 0.56953125 0.409375 0.0046875 0.0234375
0 0.875 0.41171875 0.0140625 0.0234375
0 0.6734375 0.41171875 0.009375 0.0140625
0 0.509375 0.41171875 0.01875 0.0234375
0 0.6640625 0.41171875 0.009375 0.0140625
0 0.7984375 0.4140625 0.01875 0.028125
0 0.15546875 0.4140625 0.0234375 0.0234375
0 0.490625 0.4140625 0.01875 0.0234375
0 0.446875 0.4140625 0.0140625 0.01875
0 0.48125 0.4140625 0.01875 0.0234375
0 0.13671875 0.41640625 0.01875 0.01875
0 0.8515625 0.41640625 0.028125 0.04609375
0 0.0625 0.41640625 0.125 0.278125
0 0.70625 0.41640625 0.0140625 0.0234375
0 0.615625 0.42109375 0.0140625 0.01875
0 0.56015625 0.4234375 0.01875 0.028125
0 0.2015625 0.4234375 0.03671875 0.05546875
0 0.39140625 0.4234375 0.0140625 0.0234375
0 0.8984375 0.42578125 0.01875 0.028125
0 0.240625 0.428125 0.01875 0.028125
0 0.8265625 0.428125 0.0234375 0.03203125
0 0.284375 0.428125 0.0140625 0.028125
0 0.45625 0.428125 0.0140625 0.0140625
0 0.7359375 0.428125 0.01875 0.05078125
0 0.759375 0.43046875 0.01875 0.028125
0 0.596875 0.4375 0.01875 0.0234375
0 0.69921875 0.4375 0.028125 0.03203125
0 0.94453125 0.4421875 0.0234375 0.028125
0 0.16875 0.446875 0.01875 0.01875
0 0.5484375 0.45390625 0.0234375 0.03203125
0 0.98125 0.45390625 0.028125 0.04609375
0 0.14609375 0.45390625 0.03203125 0.04140625
0 0.33125 0.45625 0.03671875 0.05078125
0 0.259375 0.4609375 0.0234375 0.03671875
0 0.778125 0.46328125 0.0234375 0.04609375
0 0.9328125 0.47890625 0.028125 0.04140625
0 0.81953125 0.5046875 0.03671875 0.05078125
0 0.48125 0.51171875 0.115625 0.14375
0 0.65546875 0.5390625 0.125 0.16171875
0 0.9859375 0.57421875 0.01875 0.09296875
0 0.21328125 0.58125 0.06484375 0.07890625