0 0.028125 0.35390625 0.028125 0.01875
0 0.09453125 0.3609375 0.01875 0.0234375
0 0.6484375 0.3609375 0.0140625 0.0140625
0 0.15078125 0.3609375 0.0234375 0.0140625
0 0.7546875 0.36328125 0.01875 0.009375
0 0.3125 0.36328125 0.01875 0.0140625
0 0.7015625 0.36328125 0.01875 0.028125
0 0.33125 0.365625 0.01875 0.01875
0 0.1203125 0.3703125 0.0234375 0.0234375
0 0.1828125 0.3703125 0.0140625 0.01875
0 0.42109375 0.3703125 0.0140625 0.01875
0 0.34921875 0.37265625 0.01875 0.0140625
0 0.01640625 0.37265625 0.03203125 0.03203125
0 0.90078125 0.37265625 0.0140625 0.0140625
0 0.2734375 0.37265625 0.0234375 0.0234375
0 0.721875 0.37265625 0.0140625 0.0140625
0 0.39375 0.375 0.01875 0.01875
0 0.59453125 0.375 0.0234375 0.028125
0 0.5140625 0.375 0.028125 0.03203125
0 0.65703125 0.375 0.01875 0.01875
0 0.25 0.375 0.0234375 0.01875
0 0.05546875 0.37734375 0.028125 0.028125
0 0.79375 0.3796875 0.0234375 0.0234375
0 0.81484375 0.3796875 0.0140625 0.01875
0 0.6296875 0.3796875 0.0140625 0.01875
0 0.20625 0.38203125 0.0234375 0.028125
0 0.15546875 0.38203125 0.0140625 0.01875
0 0.61328125 0.38203125 0.01875 0.0234375
0 0.99296875 0.384375 0.0140625 0.0234375
0 0.3703125 0.384375 0.0234375 0.0234375
0 0.91875 0.384375 0.01875 0.01875
0 0.553125 0.384375 0.009375 0.0140625
0 0.96796875 0.384375 0.01875 0.0234375
0 0.83359375 0.38671875 0.01875 0.01875
0 0.30546875 0.38671875 0.028125 0.0234375
0 0.73125 0.38671875 0.01875 0.0140625
0 0.84921875 0.38671875 0.0140625 0.01875
0 0.48828125 0.38671875 0.028125 0.028125
0 0.53203125 0.38671875 0.009375 0.0140625
0 0.784375 0.38671875 0.028125 0.0234375
0 0.946875 0.3890625 0.01875 0.0234375
0 0.41171875 0.3890625 0.01875 0.01875
0 0.6484375 0.39140625 0.028125 0.0234375
0 0.909375 0.39375 0.01875 0.0140625
0 0.8703125 0.39375 0.01875 0.0234375
0 0.3890625 0.39375 0.0140625 0.01875
0 0.090625 0.39609375 0.0234375 0.028125
0 0.16875 0.39609375 0.0234375 0.03671875
0 0.03046875 0.39609375 0.0234375 0.0234375
0 0.8890625 0.3984375 0.01875 0.0234375
0 0.98125 0.3984375 0.0234375 0.03203125
0 0.3515625 0.3984375 0.03203125 0.0234375
0 0.26171875 0.40078125 0.028125 0.03203125
0 0.125 0.403125 0.0234375 0.03203125
0 0.06953125 0.403125 0.0140625 0.0234375
0 0.22890625 0.403125 0.03203125 0.03203125
0 0.7546875 0.403125 0.03203125 0.03203125
0 0.01640625 0.40546875 0.0234375 0.01875
0 0.778125 0.40546875 0.0234375 0.0234375
0 0.53671875 0.40546875 0.0234375 0.0234375
0 0.72421875 0.40703125 0.01875 0.0234375
0 0.51640625 0.40703125 0.01875 0.0234375
0 0.596875 0.41171875 0.028125 0.0234375
0 0.74296875 0.4140625 0.028125 0.0234375
0 0.92109375 0.4140625 0.028125 0.0234375
0 0.1875 0.4140625 0.028125 0.03203125
0 0.43984375 0.42109375 0.01875 0.03203125
0 0.653125 0.42109375 0.03671875 0.03671875
0 0.41640625 0.4234375 0.028125 0.03671875
0 0.89375 0.4234375 0.03203125 0.028125
0 0.865625 0.428125 0.03203125 0.028125
0 0.34921875 0.428125 0.028125 0.03203125
0 0.96328125 0.428125 0.028125 0.028125
0 0.48828125 0.428125 0.028125 0.03203125
0 0.83828125 0.43046875 0.0234375 0.028125
0 0.02109375 0.4328125 0.03671875 0.04140625
0 0.990625 0.4328125 0.009375 0.04140625
0 0.54609375 0.43515625 0.03203125 0.03671875
0 0.5046875 0.43515625 0.028125 0.03203125
0 0.125 0.44453125 0.03671875 0.04140625
0 0.60625 0.45390625 0.03671875 0.01875
0 0.45625 0.45625 0.0234375 0.028125
0 0.06015625 0.465625 0.04140625 0.03671875
0 0.92578125 0.46796875 0.028125 0.03671875
0 0.95390625 0.46796875 0.04140625 0.03671875
0 0.49296875 0.471875 0.04609375 0.04140625
0 0.89609375 0.471875 0.03671875 0.03671875
0 0.37734375 0.471875 0.03671875 0.04609375
0 0.23828125 0.47421875 0.03671875 0.04140625
0 0.85859375 0.47890625 0.04140625 0.04140625
0 0.76875 0.4859375 0.04140625 0.04609375
0 0.6015625 0.490625 0.03203125 0.04140625
0 0.63671875 0.490625 0.05078125 0.03671875
0 0.81015625 0.49296875 0.03671875 0.05078125
0 0.7109375 0.49296875 0.03203125 0.04140625
0 0.47890625 0.5046875 0.04140625 0.04609375
0 0.009375 0.509375 0.01875 0.05078125
0 0.625 0.5140625 0.05546875 0.01875
0 0.51640625 0.51875 0.05078125 0.06015625
0 0.76640625 0.52578125 0.06015625 0.028125
0 0.88671875 0.528125 0.04609375 0.06953125
0 0.63671875 0.5484375 0.06484375 0.05078125
0 0.1921875 0.55078125 0.05078125 0.05546875
0 0.93984375 0.553125 0.06015625 0.06484375
0 0.77578125 0.5671875 0.06484375 0.06484375
0 0.98828125 0.571875 0.0234375 0.06015625
0 0.1390625 0.58359375 0.05546875 0.06953125
0 0.63671875 0.62734375 0.08828125 0.08359375
0 0.9234375 0.64375 0.08828125 0.08828125
0 0.31484375 0.71328125 0.08828125 0.07890625
0 0.01875 0.71796875 0.03671875 0.1015625
0 0.20625 0.778125 0.134375 0.125