0 0.69453125 0.10390625 0.05078125 0.09296875
0 0.78046875 0.10625 0.03671875 0.08828125
0 0.63671875 0.1203125 0.03203125 0.06953125
0 0.91875 0.1203125 0.03671875 0.08828125
0 0.11328125 0.125 0.03671875 0.07890625
0 0.278125 0.12734375 0.028125 0.07890625
0 0.73125 0.1296875 0.04140625 0.096875
0 0.571875 0.134375 0.03671875 0.07890625
0 0.86796875 0.134375 0.04140625 0.09296875
0 0.3796875 0.13671875 0.028125 0.07421875
0 0.4234375 0.13671875 0.03203125 0.07890625
0 0.81015625 0.153125 0.04140625 0.096875
0 0.18515625 0.15546875 0.0234375 0.07890625
0 0.15546875 0.159375 0.03671875 0.08828125
0 0.4515625 0.16640625 0.03671875 0.08359375
0 0.20390625 0.16875 0.03671875 0.09296875
0 0.0625 0.17578125 0.04140625 0.10625
0 0.6875 0.17578125 0.03671875 0.08359375
0 0.3515625 0.18046875 0.03671875 0.07890625
0 0.48125 0.18046875 0.03671875 0.07890625
0 0.28203125 0.18046875 0.0234375 0.06953125
0 0.409375 0.1921875 0.03671875 0.08359375
0 0.52578125 0.1921875 0.04140625 0.1015625
0 0.615625 0.20859375 0.04609375 0.1015625
0 0.56953125 0.2109375 0.04609375 0.096875
0 0.3171875 0.21328125 0.04140625 0.08828125
0 0.259375 0.21796875 0.03203125 0.08359375
0 0.3890625 0.259375 0.028125 0.07890625
0 0.65078125 0.26640625 0.03671875 0.08828125
0 0.46796875 0.26640625 0.04140625 0.096875
0 0.2265625 0.30078125 0.04140625 0.096875
0 0.58359375 0.403125 0.028125 0.08359375
0 0.403125 0.4140625 0.03671875 0.096875
0 0.76640625 0.43515625 0.028125 0.06484375
0 0.6015625 0.4375 0.03671875 0.08828125
0 0.5140625 0.4375 0.04140625 0.07890625
0 0.26640625 0.4609375 0.03203125 0.08359375
0 0.84453125 0.48359375 0.03671875 0.1015625
0 0.66875 0.48828125 0.04140625 0.10625
0 0.33828125 0.49765625 0.04609375 0.1015625
0 0.42578125 0.70390625 0.04140625 0.09296875