0 0.096875 0.84296875 0.04140625 0.05078125
0 0.20625 0.8515625 0.03671875 0.05078125
0 0.01640625 0.85625 0.03203125 0.05078125
0 0.740625 0.8609375 0.05078125 0.05078125
0 0.41875 0.86796875 0.03671875 0.05078125
0 0.31015625 0.87265625 0.04609375 0.05546875
0 0.509375 0.87734375 0.04609375 0.04140625
0 0.83828125 0.8796875 0.05078125 0.05078125
0 0.60625 0.88203125 0.04140625 0.04140625
0 0.8703125 0.09296875 0.03671875 0.03671875
0 0.26875 0.95390625 0.04140625 0.04609375
0 0.1734375 0.95859375 0.03671875 0.04140625
0 0.81953125 0.9609375 0.05078125 0.05546875
0 0.99296875 0.9609375 0.0140625 0.05078125
0 0.0671875 0.965625 0.04609375 0.05078125
0 0.40078125 0.096875 0.04140625 0.04609375
0 0.70625 0.97421875 0.04140625 0.04140625
0 0.36796875 0.98359375 0.05078125 0.0234375
0 0.6109375 0.98828125 0.03671875 0.0234375
0 0.490625 0.99296875 0.03671875 0.0140625
0 0.125 0.1015625 0.04140625 0.05078125
0 0.48125 0.1015625 0.03671875 0.05078125
0 0.19453125 0.10390625 0.04140625 0.04609375
0 0.5859375 0.10859375 0.03671875 0.04609375
0 0.865625 0.1390625 0.04140625 0.04140625
0 0.54609375 0.1484375 0.03203125 0.04609375
0 0.259375 0.16875 0.04140625 0.05078125
0 0.39375 0.16875 0.04140625 0.04140625
0 0.98359375 0.16875 0.03203125 0.05078125
0 0.65546875 0.16875 0.03203125 0.04140625
0 0.965625 0.01875 0.03203125 0.03671875
0 0.18984375 0.01875 0.04140625 0.028125
0 0.33359375 0.02109375 0.04609375 0.04140625
0 0.76640625 0.19453125 0.04140625 0.05078125
0 0.8515625 0.20859375 0.03203125 0.04140625
0 0.93984375 0.21953125 0.03671875 0.03671875
0 0.634375 0.24296875 0.05078125 0.03671875
0 0.78671875 0.02578125 0.04609375 0.05078125
0 0.428125 0.28046875 0.03203125 0.03203125
0 0.16171875 0.28203125 0.03671875 0.04140625
0 0.07421875 0.2890625 0.03671875 0.04609375
0 0.25 0.29140625 0.03671875 0.04609375
0 0.27578125 0.30078125 0.03203125 0.04140625
0 0.54375 0.30546875 0.05078125 0.04609375
0 0.8796875 0.03203125 0.04140625 0.04609375
0 0.35859375 0.31484375 0.03671875 0.05078125
0 0.3265625 0.3171875 0.03203125 0.04609375
0 0.42109375 0.32890625 0.04140625 0.05078125
0 0.72421875 0.33359375 0.03671875 0.04609375
0 0.63671875 0.346875 0.03203125 0.03203125
0 0.52578125 0.35859375 0.04140625 0.05078125
0 0.30078125 0.365625 0.04609375 0.05078125
0 0.12734375 0.3703125 0.04609375 0.04609375
0 0.8125 0.375 0.04609375 0.04609375
0 0.2109375 0.3796875 0.05078125 0.04140625
0 0.9234375 0.3796875 0.03671875 0.05078125
0 0.625 0.3796875 0.04609375 0.04609375
0 0.03046875 0.38203125 0.04140625 0.05078125
0 0.95390625 0.41171875 0.05078125 0.05078125
0 0.60625 0.4234375 0.04140625 0.04140625
0 0.721875 0.4328125 0.04140625 0.04609375
0 0.81484375 0.44453125 0.03203125 0.03671875
0 0.38671875 0.4515625 0.05078125 0.03671875
0 0.29609375 0.45390625 0.04140625 0.03203125
0 0.20390625 0.46328125 0.04140625 0.04609375
0 0.01171875 0.46328125 0.0234375 0.05078125
0 0.10390625 0.46796875 0.03671875 0.04140625
0 0.509375 0.48125 0.04140625 0.03671875
0 0.08828125 0.4859375 0.028125 0.04140625
0 0.2890625 0.49296875 0.05078125 0.05078125
0 0.39140625 0.5046875 0.04609375 0.04609375
0 0.4859375 0.5140625 0.04140625 0.04140625
0 0.215625 0.05546875 0.04609375 0.028125
0 0.76171875 0.5625 0.04140625 0.05078125
0 0.15078125 0.56953125 0.04140625 0.04140625
0 0.4953125 0.56953125 0.04609375 0.04609375
0 0.27109375 0.5765625 0.03203125 0.04140625
0 0.36796875 0.58828125 0.03671875 0.04140625
0 0.571875 0.590625 0.04140625 0.0234375
0 0.03671875 0.59453125 0.05078125 0.05078125
0 0.64609375 0.60625 0.04140625 0.04609375
0 0.87265625 0.61328125 0.04140625 0.05078125
0 0.5625 0.62734375 0.04140625 0.04140625
0 0.46796875 0.634375 0.04140625 0.04140625
0 0.2640625 0.6484375 0.04140625 0.04609375
0 0.95859375 0.653125 0.04140625 0.05078125
0 0.35390625 0.653125 0.04140625 0.04609375
0 0.77109375 0.65546875 0.04140625 0.04609375
0 0.15703125 0.65703125 0.04140625 0.04140625
0 0.0625 0.659375 0.04609375 0.06484375
0 0.678125 0.67578125 0.03671875 0.05078125
0 0.30078125 0.06953125 0.04609375 0.05546875
0 0.01640625 0.69921875 0.03203125 0.05546875
0 0.41640625 0.70859375 0.05078125 0.04609375
0 0.14609375 0.71328125 0.04140625 0.04140625
0 0.79609375 0.7453125 0.04140625 0.05546875
0 0.528125 0.0765625 0.03203125 0.04140625
0 0.6296875 0.78203125 0.04140625 0.04140625
0 0.5046875 0.79609375 0.04609375 0.05078125
0 0.3125 0.81015625 0.04609375 0.04140625
0 0.93046875 0.81484375 0.04609375 0.05546875
0 0.215625 0.81484375 0.03203125 0.03671875
0 0.15703125 0.8171875 0.04140625 0.06015625
0 0.40703125 0.821875 0.03671875 0.03671875