0 0.40078125 0.44453125 0.0140625 0.0234375
0 0.5 0.44453125 0.0046875 0.0046875
0 0.50703125 0.446875 0.0046875 0.0046875
0 0.53046875 0.446875 0.0046875 0.0046875
0 0.51875 0.446875 0.0046875 0.0046875
0 0.5234375 0.44921875 0.0046875 0.0046875
0 0.45390625 0.44921875 0.0046875 0.009375
0 0.5046875 0.44921875 0.0046875 0.0046875
0 0.4765625 0.4515625 0.0046875 0.0046875
0 0.49296875 0.4515625 0.0046875 0.0046875
0 0.53671875 0.4515625 0.0046875 0.0046875
0 0.4859375 0.4515625 0.0046875 0.009375
0 0.465625 0.45390625 0.0046875 0.009375
0 0.49765625 0.45390625 0.0046875 0.0046875
0 0.43984375 0.45390625 0.009375 0.0140625
0 0.5625 0.45390625 0.0046875 0.0046875
0 0.471875 0.45390625 0.0046875 0.009375
0 0.528125 0.45625 0.0046875 0.0046875
0 0.5390625 0.45625 0.0046875 0.0046875
0 0.54609375 0.45859375 0.0046875 0.0046875
0 0.553125 0.45859375 0.0046875 0.0046875
0 0.57421875 0.45859375 0.0046875 0.009375
0 0.4765625 0.45859375 0.0046875 0.009375
0 0.49765625 0.45859375 0.0046875 0.009375
0 0.46796875 0.4609375 0.0046875 0.009375
0 0.50703125 0.4609375 0.0046875 0.009375
0 0.51875 0.4609375 0.0046875 0.0046875
0 0.65078125 0.4609375 0.03203125 0.05078125
0 0.5140625 0.4609375 0.0046875 0.009375
0 0.41640625 0.46328125 0.0046875 0.0046875
0 0.534375 0.46328125 0.0046875 0.0046875
0 0.5671875 0.46328125 0.0046875 0.009375
0 0.4328125 0.46328125 0.009375 0.0140625
0 0.46328125 0.46328125 0.0046875 0.009375
0 0.40703125 0.465625 0.0046875 0.009375
0 0.54609375 0.465625 0.009375 0.009375
0 0.58359375 0.465625 0.0046875 0.0046875
0 0.56015625 0.465625 0.0046875 0.0046875
0 0.446875 0.46796875 0.0140625 0.0140625
0 0.41875 0.46796875 0.0046875 0.0046875
0 0.48125 0.46796875 0.0046875 0.0046875
0 0.4234375 0.46796875 0.0046875 0.0046875
0 0.23125 0.46953125 0.03671875 0.05078125
0 0.59453125 0.471875 0.009375 0.0140625
0 0.3609375 0.471875 0.009375 0.0140625
0 0.5765625 0.471875 0.0046875 0.0046875
0 0.32421875 0.47421875 0.0140625 0.0234375
0 0.46953125 0.47421875 0.0046875 0.009375
0 0.49296875 0.4765625 0.0140625 0.01875
0 0.375 0.4765625 0.0234375 0.03203125
0 0.77578125 0.4765625 0.01875 0.028125
0 0.41171875 0.47890625 0.009375 0.0140625
0 0.4234375 0.47890625 0.009375 0.009375
0 0.553125 0.47890625 0.0140625 0.01875
0 0.45390625 0.47890625 0.0140625 0.0234375
0 0.09921875 0.48125 0.0140625 0.0234375
0 0.5765625 0.48125 0.0140625 0.0140625
0 0.56484375 0.48125 0.0046875 0.009375
0 0.6015625 0.48125 0.009375 0.009375
0 0.59453125 0.48359375 0.009375 0.0140625
0 0.53046875 0.48359375 0.01875 0.03203125
0 0.471875 0.48359375 0.009375 0.0140625
0 0.21328125 0.48359375 0.0140625 0.01875
0 0.51171875 0.4859375 0.01875 0.028125
0 0.125 0.4859375 0.01875 0.03203125
0 0.2546875 0.48828125 0.0140625 0.028125
0 0.34296875 0.48828125 0.0234375 0.04140625
0 0.321875 0.48828125 0.009375 0.0140625
0 0.16171875 0.48828125 0.0140625 0.01875
0 0.08359375 0.490625 0.01875 0.03203125
0 0.0140625 0.490625 0.0234375 0.03203125
0 0.44453125 0.490625 0.0140625 0.01875
0 0.15546875 0.490625 0.01875 0.0234375
0 0.20859375 0.49296875 0.0140625 0.0140625
0 0.27578125 0.49296875 0.0234375 0.03671875
0 0.61328125 0.49296875 0.0140625 0.0234375
0 0.803125 0.49296875 0.0234375 0.05078125
0 0.29609375 0.4953125 0.01875 0.0234375
0 0.42578125 0.4953125 0.0140625 0.0234375
0 0.84921875 0.4953125 0.01875 0.0234375
0 0.18984375 0.4953125 0.0140625 0.01875
0 0.58125 0.5 0.01875 0.01875
0 0.20859375 0.5 0.0140625 0.009375
0 0.721875 0.5 0.0140625 0.01875
0 0.284375 0.5 0.0140625 0.01875
0 0.028125 0.5 0.0140625 0.0234375
0 0.75234375 0.5 0.04609375 0.07421875
0 0.04375 0.5 0.0140625 0.0140625
0 0.6015625 0.5 0.0140625 0.01875
0 0.94453125 0.5046875 0.01875 0.028125
0 0.68515625 0.50703125 0.0140625 0.03203125
0 0.8171875 0.50703125 0.0234375 0.03671875
0 0.178125 0.509375 0.0140625 0.028125
0 0.69921875 0.509375 0.0140625 0.028125
0 0.40703125 0.509375 0.0234375 0.03203125
0 0.884375 0.51171875 0.01875 0.03671875
0 0.19921875 0.5140625 0.0140625 0.01875
0 0.509375 0.51640625 0.01875 0.028125
0 0.96953125 0.51875 0.03203125 0.05078125
0 0.03671875 0.51875 0.01875 0.028125
0 0.90078125 0.52109375 0.0140625 0.0140625
0 0.5484375 0.52109375 0.028125 0.04609375
0 0.11796875 0.52578125 0.01875 0.03671875
0 0.571875 0.52578125 0.01875 0.03203125
0 0.98828125 0.53046875 0.0234375 0.03671875
0 0.43046875 0.53046875 0.0234375 0.04140625
0 0.92109375 0.53046875 0.03203125 0.05078125
0 0.9515625 0.53203125 0.01875 0.028125
0 0.4609375 0.534375 0.028125 0.04140625
0 0.6203125 0.53671875 0.028125 0.05078125
0 0.68046875 0.5390625 0.03203125 0.04609375
0 0.21953125 0.54609375 0.03671875 0.05078125
0 0.596875 0.54609375 0.03671875 0.05546875
0 0.85859375 0.5625 0.05078125 0.08828125
0 0.0859375 0.5765625 0.03671875 0.06484375
0 0.40703125 0.59921875 0.04140625 0.06484375
0 0.990625 0.6015625 0.009375 0.08359375
0 0.9140625 0.60390625 0.05078125 0.06953125
0 0.3515625 0.62734375 0.04609375 0.06015625
0 0.9515625 0.66640625 0.03203125 0.04609375
0 0.14609375 0.66640625 0.03203125 0.05078125