0 0.84296875 0.1203125 0.04609375 0.07421875
0 0.1828125 0.125 0.05546875 0.06484375
0 0.56953125 0.125 0.04609375 0.07421875
0 0.48359375 0.13203125 0.05546875 0.06015625
0 0.29140625 0.13203125 0.06484375 0.07890625
0 0.759375 0.16171875 0.05078125 0.08359375
0 0.428125 0.17578125 0.04609375 0.05546875
0 0.0484375 0.18984375 0.06953125 0.07890625
0 0.59453125 0.196875 0.05078125 0.06953125
0 0.5046875 0.215625 0.05078125 0.06484375
0 0.94453125 0.22421875 0.05546875 0.08828125
0 0.16875 0.2265625 0.05546875 0.07890625
0 0.340625 0.22890625 0.06015625 0.07421875
0 0.634375 0.24765625 0.06015625 0.07421875
0 0.284375 0.02578125 0.05546875 0.05078125
0 0.6734375 0.259375 0.03203125 0.05546875
0 0.76171875 0.26640625 0.08359375 0.05546875
0 0.14609375 0.028125 0.05546875 0.05546875
0 0.26640625 0.28046875 0.05546875 0.06953125
0 0.4140625 0.303125 0.06015625 0.06484375
0 0.14609375 0.3078125 0.06953125 0.096875
0 0.8796875 0.31015625 0.05078125 0.07890625
0 0.98359375 0.321875 0.03203125 0.07890625
0 0.51875 0.33359375 0.04609375 0.06015625
0 0.73515625 0.034375 0.0421875 0.06875
0 0.346875 0.3609375 0.04609375 0.06015625
0 0.5140625 0.03671875 0.05078125 0.06953125
0 0.8515625 0.03671875 0.05078125 0.05546875
0 0.02109375 0.38203125 0.04140625 0.06953125
0 0.6921875 0.3890625 0.05078125 0.06484375
0 0.93046875 0.3984375 0.05546875 0.06015625
0 0.7984375 0.40078125 0.05546875 0.07421875
0 0.23828125 0.40546875 0.04609375 0.06953125
0 0.5484375 0.42578125 0.05078125 0.06015625
0 0.32890625 0.43046875 0.05546875 0.06484375
0 0.0765625 0.44921875 0.05546875 0.06953125
0 0.15546875 0.4609375 0.07421875 0.08828125
0 0.41640625 0.47890625 0.05546875 0.06484375
0 0.24296875 0.5 0.07421875 0.06484375
0 0.39140625 0.05546875 0.04609375 0.06953125
0 0.88671875 0.5390625 0.06015625 0.07890625
0 0.02109375 0.0578125 0.04140625 0.08828125
0 0.1875 0.57421875 0.06484375 0.06484375
0 0.98359375 0.5765625 0.0234375 0.08828125
0 0.34296875 0.57890625 0.07421875 0.06484375
0 0.0671875 0.59296875 0.06953125 0.07890625
0 0.48125 0.59921875 0.07421875 0.07890625
0 0.01875 0.6015625 0.03671875 0.07421875
0 0.7109375 0.60859375 0.06484375 0.06484375
0 0.63203125 0.0625 0.04140625 0.07421875
0 0.25 0.67109375 0.07421875 0.06953125
0 0.01875 0.68984375 0.03671875 0.06953125
0 0.63671875 0.00703125 0.03671875 0.0140625
0 0.93046875 0.70625 0.06484375 0.06953125
0 0.4859375 0.72890625 0.06015625 0.08359375
0 0.82421875 0.73359375 0.06015625 0.06953125
0 0.2640625 0.7640625 0.07890625 0.07421875
0 0.70625 0.79375 0.06015625 0.08828125
0 0.10390625 0.81484375 0.07890625 0.08828125
0 0.34296875 0.85390625 0.06953125 0.06484375
0 0.91640625 0.88671875 0.06953125 0.05546875
0 0.9515625 0.096875 0.04609375 0.06953125