0 0.3609375 0.153125 0.04140625 0.09296875
0 0.56484375 0.1734375 0.04140625 0.07890625
0 0.6734375 0.18984375 0.05078125 0.096875
0 0.44921875 0.21953125 0.04140625 0.096875
0 0.21953125 0.23359375 0.05078125 0.1015625
0 0.64609375 0.259375 0.03671875 0.08359375
0 0.51640625 0.26171875 0.04140625 0.08828125
0 0.14375 0.28671875 0.04609375 0.08359375
0 0.571875 0.29609375 0.04140625 0.07421875
0 0.784375 0.30078125 0.03671875 0.08828125
0 0.3984375 0.3078125 0.05078125 0.096875
0 0.2984375 0.31015625 0.05078125 0.09296875
0 0.72890625 0.3171875 0.04140625 0.096875
0 0.67578125 0.41640625 0.04609375 0.1015625
0 0.4421875 0.42578125 0.04140625 0.09296875
0 0.85625 0.4515625 0.04140625 0.07890625
0 0.78046875 0.45390625 0.04140625 0.07421875
0 0.23125 0.45625 0.04609375 0.08828125
0 0.34453125 0.47890625 0.04609375 0.09296875
0 0.69453125 0.48125 0.04140625 0.07890625
0 0.6015625 0.48359375 0.04609375 0.09296875
0 0.53203125 0.4859375 0.04609375 0.09296875
0 0.1734375 0.5 0.04609375 0.08828125
0 0.20390625 0.6296875 0.05078125 0.096875
0 0.778125 0.63203125 0.04140625 0.096875
0 0.55546875 0.63671875 0.05078125 0.10625
0 0.28203125 0.6390625 0.05078125 0.096875
0 0.44921875 0.6390625 0.04140625 0.08359375
0 0.340625 0.64140625 0.04609375 0.10625
0 0.13203125 0.65078125 0.04609375 0.07421875
0 0.65546875 0.65703125 0.05078125 0.096875
0 0.23828125 0.0859375 0.04609375 0.08828125
0 0.3078125 0.096875 0.04609375 0.1015625
0 0.62265625 0.09921875 0.04140625 0.07890625
0 0.5 0.10390625 0.03671875 0.07890625
0 0.41875 0.10859375 0.05078125 0.09296875
0 0.15078125 0.11796875 0.04140625 0.07890625
0 0.7453125 0.11796875 0.04609375 0.08359375
0 0.82890625 0.12734375 0.04609375 0.07890625