0 0.85390625 0.03046875 0.04140625 0.06015625
0 0.846875 0.3515625 0.07421875 0.19453125
0 0.0453125 0.04140625 0.040625 0.0828125
0 0.14375 0.41640625 0.08359375 0.221875
0 0.678125 0.4234375 0.07421875 0.17109375
0 0.22421875 0.43515625 0.06953125 0.16171875
0 0.21484375 0.04375 0.0453125 0.0875
0 0.3171875 0.04609375 0.05078125 0.08828125
0 0.47421875 0.4421875 0.08359375 0.17578125
0 0.8265625 0.45390625 0.06953125 0.18984375
0 0.52578125 0.471875 0.04140625 0.14375
0 0.96484375 0.4828125 0.0703125 0.165625
0 0.36328125 0.490625 0.096875 0.2359375
0 0.5046875 0.053125 0.08828125 0.10625
0 0.73359375 0.53046875 0.06015625 0.1390625
0 0.12734375 0.0578125 0.04609375 0.115625
0 0.6734375 0.06015625 0.04140625 0.1203125
0 0.67109375 0.61328125 0.08828125 0.19453125
0 0.17109375 0.65703125 0.08828125 0.2453125
0 0.95859375 0.66640625 0.06953125 0.18046875
0 0.27109375 0.68984375 0.07421875 0.18984375
0 0.87265625 0.71328125 0.07421875 0.18984375
0 0.07890625 0.7265625 0.08828125 0.19453125
0 0.45625 0.74296875 0.07890625 0.18984375
0 0.62265625 0.08359375 0.06015625 0.16640625
0 0.9609375 0.82890625 0.06953125 0.07421875
0 0.78046875 0.840625 0.06015625 0.1484375
0 0.71953125 0.84921875 0.07890625 0.134375
0 0.625 0.86328125 0.06484375 0.096875
0 0.35625 0.8703125 0.06953125 0.06015625
0 0.971875 0.8796875 0.05546875 0.06015625
0 0.51875 0.884375 0.06953125 0.06015625
0 0.0140625 0.09921875 0.028125 0.18984375
0 0.37265625 0.10390625 0.08359375 0.19921875
0 0.79375 0.14375 0.07890625 0.17109375
0 0.51640625 0.159375 0.07421875 0.20390625
0 0.9765625 0.16171875 0.04140625 0.2359375
0 0.096875 0.1640625 0.08828125 0.20390625
0 0.1640625 0.2359375 0.06484375 0.16640625
0 0.6828125 0.278125 0.08828125 0.16640625
0 0.27109375 0.284375 0.06953125 0.18515625