0 0.65078125 0.125 0.10625 0.16640625
0 0.09453125 0.3703125 0.06015625 0.07421875
0 0.1734375 0.37734375 0.08359375 0.06484375
0 0.89375 0.3890625 0.06484375 0.1109375
0 0.43984375 0.39140625 0.06484375 0.06484375
0 0.59921875 0.40078125 0.096875 0.18984375
0 0.02109375 0.409375 0.04140625 0.14375
0 0.365625 0.4234375 0.08828125 0.1484375
0 0.93515625 0.43984375 0.06015625 0.153125
0 0.23125 0.4421875 0.096875 0.134375
0 0.153125 0.446875 0.09296875 0.14375
0 0.32421875 0.45625 0.04609375 0.1203125
0 0.740625 0.5 0.125 0.18515625
0 0.43046875 0.51640625 0.07421875 0.1484375
0 0.8609375 0.51875 0.09296875 0.16640625
0 0.0765625 0.52578125 0.125 0.1390625
0 0.96328125 0.528125 0.06484375 0.20390625
0 0.5140625 0.5765625 0.1203125 0.17578125