0 0.6015625 0.38203125 0.03203125 0.04609375
0 0.240625 0.38671875 0.04140625 0.04609375
0 0.77109375 0.39140625 0.01875 0.028125
0 0.39140625 0.39609375 0.009375 0.0140625
0 0.8609375 0.3984375 0.03203125 0.028125
0 0.3796875 0.403125 0.009375 0.0140625
0 0.69921875 0.403125 0.03203125 0.04609375
0 0.9859375 0.40546875 0.028125 0.04140625
0 0.5765625 0.40703125 0.01875 0.0234375
0 0.35625 0.40703125 0.01875 0.01875
0 0.634375 0.40703125 0.01875 0.028125
0 0.03671875 0.40703125 0.04140625 0.06953125
0 0.37265625 0.40703125 0.0140625 0.01875
0 0.465625 0.41171875 0.009375 0.009375
0 0.2015625 0.4140625 0.03203125 0.05078125
0 0.44453125 0.4140625 0.01875 0.0234375
0 0.74296875 0.4140625 0.04609375 0.05546875
0 0.8078125 0.4140625 0.0234375 0.03203125
0 0.45859375 0.41640625 0.009375 0.009375
0 0.0859375 0.41875 0.06015625 0.08828125
0 0.33828125 0.41875 0.01875 0.0234375
0 0.3125 0.41875 0.028125 0.04140625
0 0.26171875 0.42109375 0.0234375 0.03203125
0 0.4328125 0.42109375 0.01875 0.0234375
0 0.13203125 0.4234375 0.03671875 0.04609375
0 0.7734375 0.4234375 0.0234375 0.03203125
0 0.40078125 0.428125 0.028125 0.04140625
0 0.4859375 0.428125 0.01875 0.0234375
0 0.58828125 0.43046875 0.03671875 0.04140625
0 0.66171875 0.4328125 0.01875 0.03203125
0 0.51640625 0.4328125 0.01875 0.028125
0 0.53671875 0.43984375 0.0234375 0.03203125
0 0.875 0.44453125 0.04609375 0.06484375
0 0.35390625 0.46328125 0.03671875 0.04609375
0 0.38203125 0.653125 0.03671875 0.03203125