0 0.19921875 0.125 0.04609375 0.08828125
0 0.31484375 0.1296875 0.05078125 0.08359375
0 0.47421875 0.15546875 0.04140625 0.06953125
0 0.009375 0.16171875 0.01875 0.07890625
0 0.0859375 0.1734375 0.04609375 0.08359375
0 0.41640625 0.18515625 0.04140625 0.06953125
0 0.678125 0.18984375 0.04609375 0.08828125
0 0.87734375 0.23125 0.05078125 0.08828125
0 0.04609375 0.240625 0.05078125 0.09296875
0 0.59296875 0.25 0.04609375 0.07421875
0 0.153125 0.2546875 0.05546875 0.08359375
0 0.73125 0.278125 0.05546875 0.08828125
0 0.94921875 0.284375 0.06484375 0.07421875
0 0.47421875 0.284375 0.04140625 0.05546875
0 0.63828125 0.03203125 0.0515625 0.0640625
0 0.865625 0.340625 0.06015625 0.09296875
0 0.33046875 0.034375 0.0546875 0.06875
0 0.6109375 0.3515625 0.05078125 0.09296875
0 0.490625 0.35625 0.05546875 0.07890625
0 0.16640625 0.36328125 0.05546875 0.096875
0 0.28671875 0.36328125 0.05546875 0.096875
0 0.375 0.38671875 0.04609375 0.08359375
0 0.03046875 0.39375 0.05078125 0.09296875
0 0.95390625 0.4421875 0.05078125 0.1015625
0 0.25 0.45625 0.07421875 0.1015625
0 0.2453125 0.04609375 0.04140625 0.07421875
0 0.54375 0.46328125 0.06015625 0.07890625
0 0.66171875 0.46328125 0.05078125 0.08828125
0 0.73125 0.46953125 0.05078125 0.07421875
0 0.43984375 0.4765625 0.07421875 0.1015625
0 0.846875 0.48828125 0.06484375 0.096875
0 0.0140625 0.48828125 0.028125 0.06953125
0 0.35859375 0.51640625 0.06015625 0.08828125
0 0.12265625 0.5390625 0.04609375 0.07421875
0 0.2109375 0.56484375 0.05546875 0.08828125
0 0.7265625 0.56953125 0.07890625 0.115625
0 0.89140625 0.58828125 0.08359375 0.1203125
0 0.08359375 0.659375 0.06015625 0.07421875
0 0.56953125 0.66640625 0.06484375 0.08828125
0 0.82421875 0.696875 0.07421875 0.08359375
0 0.08125 0.071875 0.04609375 0.06484375
0 0.98828125 0.75234375 0.0234375 0.06484375
0 0.34921875 0.75703125 0.05546875 0.096875
0 0.1640625 0.0765625 0.05546875 0.07421875
0 0.53046875 0.778125 0.05546875 0.08359375
0 0.471875 0.78671875 0.06015625 0.08359375
0 0.96796875 0.865625 0.05546875 0.08359375
0 0.6484375 0.86796875 0.05078125 0.06484375
0 0.38671875 0.875 0.07421875 0.06015625
0 0.18984375 0.87734375 0.05546875 0.05078125
0 0.31015625 0.88203125 0.05546875 0.04609375
0 0.09921875 0.88671875 0.05078125 0.04140625
0 0.01171875 0.08828125 0.0234375 0.06015625