0 0.94453125 0.2890625 0.05078125 0.06953125
0 0.22421875 0.29140625 0.03671875 0.07421875
0 0.42578125 0.2984375 0.03671875 0.07421875
0 0.10859375 0.30078125 0.03671875 0.06484375
0 0.0140625 0.30546875 0.028125 0.08828125
0 0.18515625 0.31015625 0.05078125 0.07890625
0 0.1640625 0.03203125 0.01875 0.04609375
0 0.053125 0.3265625 0.03203125 0.05546875
0 0.3171875 0.33359375 0.03671875 0.06484375
0 0.740625 0.340625 0.04609375 0.06953125
0 0.89609375 0.034375 0.0234375 0.05546875
0 0.57890625 0.3515625 0.05078125 0.09296875
0 0.1875 0.3609375 0.04140625 0.08359375
0 0.215625 0.03671875 0.01875 0.03671875
0 0.36328125 0.03671875 0.0234375 0.04609375
0 0.70625 0.3890625 0.06015625 0.1109375
0 0.9765625 0.39140625 0.04609375 0.1015625
0 0.39609375 0.0390625 0.028125 0.04609375
0 0.9515625 0.0390625 0.028125 0.04609375
0 0.5046875 0.04140625 0.0234375 0.05546875
0 0.5 0.40546875 0.07421875 0.115625
0 0.071875 0.41171875 0.06015625 0.096875
0 0.85859375 0.4234375 0.06953125 0.125
0 0.009375 0.04375 0.01875 0.03671875
0 0.66171875 0.04375 0.01875 0.05078125
0 0.3359375 0.4375 0.06015625 0.06953125
0 0.65703125 0.4375 0.06015625 0.1109375
0 0.43515625 0.04609375 0.0234375 0.05078125
0 0.3171875 0.05078125 0.028125 0.04609375
0 0.346875 0.05078125 0.0234375 0.04609375
0 0.10859375 0.05078125 0.028125 0.05078125
0 0.34921875 0.54375 0.07421875 0.096875
0 0.715625 0.0578125 0.028125 0.05078125
0 0.034375 0.61484375 0.06875 0.1765625
0 0.7640625 0.0625 0.028125 0.05078125
0 0.615625 0.06484375 0.03203125 0.06484375
0 0.85625 0.0671875 0.028125 0.05078125
0 0.83125 0.06953125 0.0234375 0.05078125
0 0.2015625 0.06953125 0.0234375 0.04609375
0 0.53671875 0.06953125 0.01875 0.03671875
0 0.39140625 0.70625 0.09296875 0.1390625
0 0.72421875 0.071875 0.028125 0.05546875
0 0.0625 0.071875 0.0234375 0.03671875
0 0.303125 0.73125 0.09296875 0.1484375
0 0.58828125 0.0765625 0.03203125 0.06015625
0 0.1390625 0.778125 0.08359375 0.15703125
0 0.18515625 0.08359375 0.0234375 0.04609375
0 0.47421875 0.08359375 0.028125 0.04609375
0 0.33828125 0.08828125 0.0234375 0.04609375
0 0.25703125 0.08828125 0.0234375 0.04140625
0 0.90703125 0.91875 0.1484375 0.15703125
0 0.40703125 0.09453125 0.028125 0.05546875
0 0.77578125 0.1015625 0.028125 0.04609375
0 0.65703125 0.10625 0.028125 0.06953125
0 0.14609375 0.11328125 0.0234375 0.028125
0 0.0234375 0.0140625 0.0234375 0.028125
0 0.76875 0.0140625 0.0234375 0.028125
0 0.01171875 0.12265625 0.0234375 0.04609375
0 0.97421875 0.125 0.0234375 0.05078125
0 0.740625 0.1296875 0.0234375 0.05078125
0 0.8796875 0.1296875 0.0234375 0.04609375
0 0.384375 0.13203125 0.0234375 0.05546875
0 0.23125 0.134375 0.0234375 0.04140625
0 0.7640625 0.134375 0.028125 0.05546875
0 0.84296875 0.134375 0.028125 0.05546875
0 0.45625 0.13671875 0.0234375 0.05078125
0 0.81953125 0.13671875 0.03671875 0.06484375
0 0.89375 0.1390625 0.03203125 0.06484375
0 0.43515625 0.0140625 0.0234375 0.028125
0 0.56015625 0.0140625 0.01875 0.028125
0 0.82421875 0.0140625 0.01875 0.028125
0 0.2359375 0.01640625 0.01875 0.03203125
0 0.340625 0.15078125 0.028125 0.05078125
0 0.159375 0.15078125 0.0234375 0.05078125
0 0.3078125 0.15078125 0.03671875 0.05078125
0 0.08359375 0.15546875 0.028125 0.05078125
0 0.259375 0.159375 0.028125 0.05546875
0 0.59453125 0.16171875 0.028125 0.06484375
0 0.2015625 0.16875 0.028125 0.05546875
0 0.1390625 0.01875 0.01875 0.03671875
0 0.66171875 0.01875 0.028125 0.03671875
0 0.71796875 0.1734375 0.03671875 0.05546875
0 0.15078125 0.1734375 0.03203125 0.06015625
0 0.43984375 0.178125 0.028125 0.05546875
0 0.86328125 0.178125 0.028125 0.04609375
0 0.215625 0.1828125 0.028125 0.04609375
0 0.07421875 0.1921875 0.028125 0.04609375
0 0.94453125 0.1921875 0.028125 0.06015625
0 0.909375 0.196875 0.03671875 0.06484375
0 0.52109375 0.19921875 0.028125 0.05546875
0 0.76640625 0.19921875 0.03671875 0.05546875
0 0.59921875 0.0234375 0.03203125 0.04609375
0 0.28203125 0.20390625 0.04140625 0.07890625
0 0.83359375 0.20390625 0.0234375 0.05546875
0 0.04609375 0.20625 0.03671875 0.06953125
0 0.01875 0.2109375 0.028125 0.06484375
0 0.4765625 0.215625 0.04609375 0.07890625
0 0.36328125 0.221875 0.03671875 0.06484375
0 0.31015625 0.2265625 0.03671875 0.07421875
0 0.54140625 0.0234375 0.0234375 0.04609375
0 0.2640625 0.02578125 0.028125 0.05078125
0 0.1734375 0.24296875 0.03671875 0.05546875
0 0.071875 0.2453125 0.03671875 0.06015625
0 0.11796875 0.25 0.028125 0.04609375
0 0.9765625 0.2546875 0.04140625 0.07421875
0 0.48828125 0.02578125 0.01875 0.028125
0 0.971875 0.02578125 0.0234375 0.05078125
0 0.7109375 0.259375 0.03203125 0.07421875
0 0.865625 0.259375 0.03671875 0.07890625
0 0.57890625 0.259375 0.03671875 0.06953125
0 0.63671875 0.2640625 0.03671875 0.08359375
0 0.52578125 0.27109375 0.03671875 0.06484375
0 0.74296875 0.27109375 0.03203125 0.06953125