0 0.4859375 0.1109375 0.0140625 0.01875
0 0.6109375 0.1203125 0.009375 0.01875
0 0.66640625 0.1203125 0.009375 0.0140625
0 0.53203125 0.12265625 0.01875 0.0234375
0 0.84453125 0.12265625 0.0140625 0.0234375
0 0.3796875 0.125 0.01875 0.028125
0 0.56953125 0.125 0.009375 0.01875
0 0.69921875 0.125 0.009375 0.0140625
0 0.6484375 0.125 0.009375 0.0140625
0 0.51640625 0.12734375 0.0140625 0.009375
0 0.79375 0.1296875 0.009375 0.0140625
0 0.76875 0.1296875 0.009375 0.0234375
0 0.67578125 0.1296875 0.0140625 0.0234375
0 0.78203125 0.13203125 0.0140625 0.01875
0 0.75703125 0.13203125 0.01875 0.0234375
0 0.41640625 0.13203125 0.0140625 0.028125
0 0.634375 0.13203125 0.009375 0.01875
0 0.39375 0.13671875 0.01875 0.0234375
0 0.6921875 0.13671875 0.009375 0.01875
0 0.55078125 0.1390625 0.0140625 0.01875
0 0.5625 0.14140625 0.0140625 0.0140625
0 0.4609375 0.14140625 0.0234375 0.03203125
0 0.58828125 0.14140625 0.0140625 0.01875
0 0.70859375 0.14375 0.0140625 0.01875
0 0.6015625 0.14609375 0.01875 0.01875
0 0.52109375 0.14609375 0.0140625 0.028125
0 0.534375 0.14609375 0.0140625 0.01875
0 0.64375 0.14609375 0.009375 0.0234375
0 0.81015625 0.1484375 0.01875 0.01875
0 0.79609375 0.1484375 0.009375 0.01875
0 0.784375 0.1484375 0.0140625 0.01875
0 0.91640625 0.15078125 0.01875 0.028125
0 0.7359375 0.15078125 0.0140625 0.0234375
0 0.303125 0.15546875 0.028125 0.03671875
0 0.66640625 0.15546875 0.0140625 0.03203125
0 0.43046875 0.15703125 0.0234375 0.03203125
0 0.39375 0.159375 0.0234375 0.0234375
0 0.56484375 0.159375 0.0140625 0.01875
0 0.625 0.16171875 0.0140625 0.028125
0 0.50234375 0.16171875 0.0234375 0.028125
0 0.3515625 0.16171875 0.01875 0.03203125
0 0.7109375 0.16875 0.0140625 0.0234375
0 0.55546875 0.17109375 0.01875 0.03203125
0 0.678125 0.17109375 0.01875 0.03203125
0 0.48359375 0.1828125 0.0140625 0.028125
0 0.590625 0.1875 0.01875 0.028125
0 0.51171875 0.1875 0.0234375 0.0234375
0 0.653125 0.19453125 0.0140625 0.028125
0 0.840625 0.196875 0.01875 0.028125
0 0.9421875 0.2015625 0.028125 0.04140625
0 0.365625 0.2015625 0.01875 0.028125
0 0.72421875 0.2015625 0.01875 0.0140625
0 0.64375 0.20625 0.0140625 0.03671875
0 0.625 0.20625 0.0234375 0.03671875
0 0.3890625 0.20625 0.0234375 0.04140625
0 0.54375 0.2109375 0.01875 0.01875
0 0.7453125 0.2109375 0.0234375 0.03203125
0 0.42109375 0.21328125 0.0234375 0.03671875
0 0.471875 0.21328125 0.0234375 0.028125
0 0.58828125 0.21953125 0.028125 0.028125
0 0.696875 0.221875 0.0234375 0.03671875
0 0.5 0.221875 0.01875 0.04140625
0 0.04609375 0.22421875 0.03671875 0.04609375
0 0.54140625 0.23359375 0.009375 0.01875
0 0.52578125 0.2359375 0.0234375 0.03203125
0 0.87265625 0.23828125 0.0234375 0.03671875
0 0.67578125 0.23828125 0.028125 0.05078125
0 0.8125 0.240625 0.01875 0.03671875
0 0.31953125 0.24296875 0.03671875 0.03203125
0 0.4609375 0.2546875 0.01875 0.04140625
0 0.91640625 0.2546875 0.03203125 0.04140625
0 0.284375 0.25703125 0.03671875 0.06953125
0 0.57890625 0.259375 0.03203125 0.04609375
0 0.7359375 0.26171875 0.04140625 0.08828125
0 0.4234375 0.26171875 0.0234375 0.04140625
0 0.88671875 0.2734375 0.04140625 0.028125
0 0.39140625 0.27578125 0.03203125 0.05546875
0 0.7734375 0.28671875 0.03203125 0.05078125
0 0.3359375 0.28671875 0.06015625 0.06953125
0 0.5390625 0.29140625 0.028125 0.05078125
0 0.96953125 0.31484375 0.04140625 0.06484375
0 0.8078125 0.31484375 0.03203125 0.03671875
0 0.2109375 0.3171875 0.028125 0.0234375
0 0.625 0.33125 0.04140625 0.06953125
0 0.8984375 0.3359375 0.03671875 0.08359375
0 0.14140625 0.33828125 0.04609375 0.08828125
0 0.1875 0.340625 0.03203125 0.04140625
0 0.4609375 0.346875 0.03203125 0.07421875
0 0.9328125 0.35390625 0.04140625 0.08359375
0 0.21796875 0.36796875 0.03671875 0.04609375
0 0.35625 0.3796875 0.04609375 0.07890625
0 0.4140625 0.39609375 0.06015625 0.10625
0 0.64609375 0.41171875 0.03671875 0.07890625
0 0.68046875 0.41171875 0.04609375 0.08828125
0 0.553125 0.4328125 0.04609375 0.07890625
0 0.034375 0.43984375 0.06015625 0.1109375