0 0.72890625 0.625 0.01875 0.028125
0 0.27578125 0.62734375 0.0234375 0.028125
0 0.384375 0.62734375 0.0234375 0.04140625
0 0.571875 0.62734375 0.028125 0.04140625
0 0.15546875 0.62734375 0.0234375 0.05546875
0 0.33125 0.6296875 0.0140625 0.028125
0 0.63671875 0.6296875 0.01875 0.03203125
0 0.1640625 0.6296875 0.0140625 0.028125
0 0.30078125 0.63203125 0.009375 0.01875
0 0.028125 0.634375 0.0234375 0.03671875
0 0.465625 0.634375 0.009375 0.01875
0 0.48828125 0.63671875 0.0234375 0.04140625
0 0.43984375 0.6390625 0.009375 0.0234375
0 0.51875 0.6390625 0.01875 0.03671875
0 0.596875 0.6390625 0.009375 0.0140625
0 0.12265625 0.6390625 0.0234375 0.028125
0 0.58828125 0.6390625 0.009375 0.0140625
0 0.3171875 0.64140625 0.0140625 0.028125
0 0.3078125 0.64140625 0.0140625 0.028125
0 0.42578125 0.64140625 0.009375 0.0140625
0 0.44921875 0.64140625 0.01875 0.03203125
0 0.35390625 0.64609375 0.0234375 0.03671875
0 0.54375 0.65078125 0.028125 0.04140625
0 0.7890625 0.65078125 0.0234375 0.04140625
0 0.27109375 0.653125 0.028125 0.05078125
0 0.2015625 0.653125 0.04140625 0.05546875
0 0.6203125 0.65546875 0.028125 0.03671875
0 0.409375 0.65703125 0.0234375 0.028125
0 0.01640625 0.6875 0.03203125 0.1203125
0 0.89375 0.6921875 0.03671875 0.06015625
0 0.0625 0.590625 0.03671875 0.05546875
0 0.625 0.60625 0.01875 0.028125
0 0.90703125 0.61328125 0.03203125 0.06484375
0 0.23359375 0.61328125 0.028125 0.03671875
0 0.2109375 0.61328125 0.01875 0.03203125
0 0.4859375 0.615625 0.01875 0.01875
0 0.14140625 0.61796875 0.03203125 0.05078125
0 0.44921875 0.61796875 0.0140625 0.0140625
0 0.67578125 0.61796875 0.01875 0.0234375
0 0.6921875 0.6203125 0.0234375 0.03671875
0 0.5234375 0.6203125 0.009375 0.01875
0 0.19453125 0.6203125 0.028125 0.03671875
0 0.409375 0.6203125 0.0140625 0.0234375
0 0.096875 0.62265625 0.028125 0.04140625
0 0.34453125 0.625 0.0140625 0.0140625