0 0.33125 0.02109375 0.04140625 0.04140625
0 0.4234375 0.25234375 0.06953125 0.08359375
0 0.15078125 0.2640625 0.06015625 0.09296875
0 0.02109375 0.2734375 0.04140625 0.1109375
0 0.43984375 0.03046875 0.06953125 0.06015625
0 0.30546875 0.3078125 0.06015625 0.10625
0 0.7265625 0.32890625 0.07890625 0.1296875
0 0.1921875 0.36796875 0.08828125 0.096875
0 0.23828125 0.04140625 0.04609375 0.06484375
0 0.41875 0.41640625 0.08359375 0.14375
0 0.76328125 0.04375 0.0640625 0.0875
0 0.52578125 0.428125 0.06484375 0.15703125
0 0.28203125 0.05078125 0.04609375 0.08359375
0 0.26171875 0.53046875 0.07890625 0.134375
0 0.95859375 0.68046875 0.07421875 0.23125
0 0.19453125 0.06953125 0.06015625 0.09296875
0 0.01640625 0.071875 0.03203125 0.115625
0 0.04609375 0.07421875 0.03203125 0.08828125
0 0.6296875 0.07890625 0.06015625 0.08359375
0 0.740625 0.90703125 0.15703125 0.18046875
0 0.58125 0.09453125 0.06484375 0.06484375
0 0.40703125 0.11796875 0.06015625 0.09296875
0 0.284375 0.14375 0.08359375 0.1109375
0 0.90078125 0.14609375 0.06484375 0.115625
0 0.13671875 0.02109375 0.06484375 0.04140625
0 0.57890625 0.19921875 0.07890625 0.125
0 0.06953125 0.2015625 0.04609375 0.08828125
0 0.2265625 0.20390625 0.03671875 0.06015625
0 0.6734375 0.2109375 0.08359375 0.1203125