0 0.8078125 0.30078125 0.0234375 0.04609375
0 0.49765625 0.321875 0.0234375 0.05546875
0 0.26640625 0.321875 0.0234375 0.04609375
0 0.29375 0.32421875 0.028125 0.05078125
0 0.97421875 0.3265625 0.0234375 0.03671875
0 0.41875 0.3515625 0.04609375 0.06484375
0 0.3609375 0.35390625 0.04609375 0.06953125
0 0.01875 0.35859375 0.03671875 0.096875
0 0.721875 0.365625 0.04609375 0.05078125
0 0.53203125 0.365625 0.05078125 0.06484375
0 0.6109375 0.3703125 0.05078125 0.06484375
0 0.31953125 0.38203125 0.03671875 0.05546875
0 0.16640625 0.38671875 0.03203125 0.05078125
0 0.79140625 0.39609375 0.03671875 0.06953125
0 0.928125 0.3984375 0.05546875 0.06953125
0 0.84296875 0.40703125 0.06015625 0.07421875
0 0.1484375 0.409375 0.05078125 0.096875
0 0.23828125 0.42578125 0.06015625 0.134375
0 0.56015625 0.42578125 0.06484375 0.05078125
0 0.7359375 0.45390625 0.05078125 0.09296875
0 0.3609375 0.45859375 0.07421875 0.09296875
0 0.96328125 0.46953125 0.06484375 0.1203125
0 0.62734375 0.48828125 0.06015625 0.10625
0 0.06484375 0.4953125 0.07890625 0.14375
0 0.54609375 0.51875 0.07421875 0.1296875
0 0.8984375 0.52109375 0.06953125 0.1203125
0 0.8265625 0.55078125 0.096875 0.14375
0 0.125 0.2109375 0.03671875 0.06484375