0 0.5859375 0.721875 0.08359375 0.06015625
0 0.31015625 0.07421875 0.03203125 0.01875
0 0.18515625 0.7359375 0.09296875 0.06484375
0 0.2109375 0.07421875 0.03203125 0.01875
0 0.35390625 0.07890625 0.03203125 0.0140625
0 0.31953125 0.00703125 0.0234375 0.0140625
0 0.471875 0.00703125 0.028125 0.0140625
0 0.05546875 0.81484375 0.1015625 0.06484375
0 0.18984375 0.0859375 0.03203125 0.01875
0 0.8078125 0.865625 0.1203125 0.07890625
0 0.4328125 0.090625 0.028125 0.01875
0 0.11328125 0.09453125 0.028125 0.0140625
0 0.73828125 0.096875 0.03203125 0.0234375
0 0.65546875 0.1015625 0.03203125 0.01875
0 0.1390625 0.10390625 0.028125 0.01875
0 0.60859375 0.10625 0.03671875 0.01875
0 0.36328125 0.10625 0.03203125 0.01875
0 0.115625 0.125 0.03671875 0.0234375
0 0.85859375 0.12734375 0.03203125 0.0234375
0 0.19453125 0.13203125 0.03671875 0.028125
0 0.33359375 0.134375 0.028125 0.01875
0 0.95859375 0.134375 0.04140625 0.0234375
0 0.89375 0.1390625 0.03203125 0.028125
0 0.759375 0.14140625 0.03671875 0.028125
0 0.45625 0.14140625 0.04140625 0.028125
0 0.9328125 0.14140625 0.03671875 0.028125
0 0.4859375 0.14140625 0.03671875 0.03203125
0 0.096875 0.14375 0.03203125 0.028125
0 0.38671875 0.1484375 0.03671875 0.028125
0 0.71953125 0.15078125 0.03671875 0.028125
0 0.5765625 0.01640625 0.028125 0.0140625
0 0.55078125 0.159375 0.04140625 0.028125
0 0.08828125 0.1640625 0.04609375 0.028125
0 0.36796875 0.01875 0.0234375 0.009375
0 0.653125 0.1734375 0.04140625 0.028125
0 0.625 0.17578125 0.03203125 0.028125
0 0.17578125 0.18046875 0.04609375 0.028125
0 0.6828125 0.01875 0.0234375 0.01875
0 0.41640625 0.02109375 0.028125 0.01875
0 0.25 0.02109375 0.0234375 0.0140625
0 0.23125 0.21328125 0.04140625 0.03203125
0 0.39140625 0.21328125 0.04609375 0.03203125
0 0.30078125 0.21328125 0.05546875 0.028125
0 0.81953125 0.221875 0.03203125 0.01875
0 0.19921875 0.0234375 0.0234375 0.0140625
0 0.79375 0.23359375 0.04609375 0.028125
0 0.465625 0.02578125 0.0234375 0.01875
0 0.88671875 0.26171875 0.05078125 0.04140625
0 0.93984375 0.26640625 0.05546875 0.03203125
0 0.47421875 0.26640625 0.03671875 0.0234375
0 0.50234375 0.26640625 0.04140625 0.0234375
0 0.7890625 0.26875 0.05546875 0.03671875
0 0.40703125 0.27109375 0.03671875 0.03203125
0 0.30078125 0.27109375 0.06953125 0.03671875
0 0.69921875 0.2734375 0.04609375 0.03671875
0 0.43984375 0.2734375 0.06015625 0.028125
0 0.1390625 0.2734375 0.06015625 0.0234375
0 0.2546875 0.27578125 0.04140625 0.0234375
0 0.64609375 0.27578125 0.05546875 0.03671875
0 0.53203125 0.278125 0.06015625 0.028125
0 0.83359375 0.2890625 0.05546875 0.03203125
0 0.596875 0.2890625 0.06015625 0.03671875
0 0.215625 0.29375 0.06953125 0.03671875
0 0.52578125 0.29375 0.06484375 0.03671875
0 0.74296875 0.2984375 0.06015625 0.03203125
0 0.1203125 0.30078125 0.06953125 0.03671875
0 0.0578125 0.3078125 0.06484375 0.04140625
0 0.30546875 0.31484375 0.06953125 0.05078125
0 0.26640625 0.3171875 0.06484375 0.03671875
0 0.446875 0.33125 0.06015625 0.04140625
0 0.56484375 0.03203125 0.03203125 0.028125
0 0.0390625 0.35625 0.05546875 0.04140625
0 0.12265625 0.03671875 0.0234375 0.0140625
0 0.72890625 0.03671875 0.028125 0.0140625
0 0.4375 0.03671875 0.0234375 0.01875
0 0.76171875 0.38671875 0.07421875 0.05546875
0 0.31015625 0.0390625 0.028125 0.01875
0 0.159375 0.40078125 0.06953125 0.05078125
0 0.06015625 0.403125 0.05078125 0.04140625
0 0.6390625 0.04140625 0.04140625 0.01875
0 0.096875 0.04140625 0.01875 0.0140625
0 0.178125 0.04140625 0.01875 0.0140625
0 0.7734375 0.04140625 0.028125 0.01875
0 0.39375 0.4328125 0.06015625 0.05078125
0 0.33828125 0.43515625 0.07421875 0.05546875
0 0.8609375 0.43984375 0.07421875 0.05078125
0 0.2015625 0.446875 0.07421875 0.03203125
0 0.70390625 0.45625 0.07421875 0.05078125
0 0.77578125 0.465625 0.06015625 0.03203125
0 0.13671875 0.04609375 0.01875 0.0140625
0 0.9609375 0.48125 0.06484375 0.05078125
0 0.5046875 0.0484375 0.028125 0.0234375
0 0.73828125 0.0484375 0.028125 0.01875
0 0.22421875 0.4953125 0.07890625 0.04609375
0 0.14140625 0.00703125 0.03203125 0.0140625
0 0.2109375 0.05078125 0.01875 0.01875
0 0.2359375 0.05078125 0.01875 0.01875
0 0.36796875 0.053125 0.03203125 0.01875
0 0.25 0.053125 0.03671875 0.0234375
0 0.96796875 0.5578125 0.06015625 0.06484375
0 0.70859375 0.05546875 0.01875 0.01875
0 0.13203125 0.0578125 0.0234375 0.01875
0 0.02578125 0.58125 0.05078125 0.03671875
0 0.58828125 0.0578125 0.03671875 0.01875
0 0.284375 0.00703125 0.0234375 0.0140625
0 0.2265625 0.65546875 0.09296875 0.06953125
0 0.64609375 0.0671875 0.04140625 0.0234375
0 0.43515625 0.66171875 0.07890625 0.05546875
0 0.94921875 0.68046875 0.08828125 0.06015625
0 0.778125 0.06953125 0.03203125 0.01875