0 0.68046875 0.1390625 0.03203125 0.05546875
0 0.98359375 0.14609375 0.03203125 0.06015625
0 0.79609375 0.01640625 0.028125 0.03203125
0 0.00703125 0.01875 0.0140625 0.03671875
0 0.77578125 0.01640625 0.01875 0.03203125
0 0.1921875 0.1640625 0.03671875 0.04609375
0 0.50234375 0.16875 0.028125 0.05546875
0 0.94453125 0.16875 0.03671875 0.05546875
0 0.86796875 0.17109375 0.028125 0.05546875
0 0.37734375 0.178125 0.028125 0.05546875
0 0.33359375 0.1828125 0.028125 0.05546875
0 0.053125 0.1921875 0.03671875 0.05078125
0 0.8078125 0.196875 0.03203125 0.06015625
0 0.43515625 0.2015625 0.03203125 0.05546875
0 0.1640625 0.2015625 0.03203125 0.05546875
0 0.2640625 0.20390625 0.028125 0.05546875
0 0.12265625 0.02109375 0.03203125 0.04140625
0 0.98828125 0.21328125 0.0140625 0.06484375
0 0.9140625 0.21328125 0.03203125 0.05078125
0 0.0234375 0.21796875 0.04140625 0.04140625
0 0.29375 0.21796875 0.03203125 0.04140625
0 0.840625 0.0234375 0.028125 0.04609375
0 0.2015625 0.0234375 0.03203125 0.04609375
0 0.83828125 0.22421875 0.03671875 0.05546875
0 0.10625 0.2265625 0.03203125 0.05546875
0 0.5625 0.22890625 0.03203125 0.06484375
0 0.92109375 0.0234375 0.028125 0.04609375
0 0.75703125 0.240625 0.03203125 0.05546875
0 0.9515625 0.240625 0.03671875 0.06015625
0 0.70390625 0.2453125 0.03203125 0.05546875
0 0.21796875 0.25 0.03203125 0.06015625
0 0.1484375 0.25 0.04140625 0.06015625
0 0.77578125 0.25234375 0.03671875 0.06015625
0 0.6484375 0.2546875 0.04609375 0.06953125
0 0.73125 0.02578125 0.028125 0.04140625
0 0.259375 0.259375 0.03203125 0.05078125
0 0.37734375 0.2640625 0.03671875 0.06484375
0 0.04140625 0.26640625 0.05546875 0.06953125
0 0.909375 0.284375 0.03671875 0.06015625
0 0.70625 0.29375 0.0234375 0.04140625
0 0.76171875 0.29375 0.03671875 0.05546875
0 0.54375 0.29609375 0.03203125 0.05078125
0 0.68515625 0.29609375 0.03203125 0.05078125
0 0.83828125 0.2984375 0.03671875 0.06953125
0 0.971875 0.2984375 0.028125 0.06015625
0 0.20859375 0.31484375 0.03671875 0.06953125
0 0.446875 0.321875 0.03671875 0.05546875
0 0.61328125 0.321875 0.03671875 0.05078125
0 0.428125 0.03203125 0.03671875 0.05078125
0 0.90703125 0.34296875 0.03671875 0.03671875
0 0.93984375 0.34453125 0.03671875 0.06015625
0 0.32421875 0.3515625 0.03671875 0.06015625
0 0.78203125 0.36328125 0.03671875 0.06015625
0 0.59453125 0.36328125 0.03203125 0.05546875
0 0.43515625 0.38203125 0.04140625 0.05546875
0 0.25234375 0.0390625 0.03671875 0.06953125
0 0.51875 0.39140625 0.03203125 0.06015625
0 0.88671875 0.39375 0.03671875 0.05546875
0 0.48125 0.39375 0.03203125 0.05546875
0 0.60390625 0.0390625 0.028125 0.05078125
0 0.98359375 0.40546875 0.03203125 0.06015625
0 0.034375 0.40703125 0.05078125 0.04609375
0 0.1875 0.40703125 0.03671875 0.07421875
0 0.79140625 0.41640625 0.03203125 0.07421875
0 0.8265625 0.41640625 0.03203125 0.05546875
0 0.16171875 0.41640625 0.028125 0.06015625
0 0.28671875 0.42109375 0.04140625 0.06484375
0 0.39140625 0.42578125 0.03203125 0.05546875
0 0.70625 0.428125 0.03671875 0.06484375
0 0.946875 0.04375 0.03671875 0.05546875
0 0.1296875 0.43984375 0.04140625 0.06015625
0 0.034375 0.44453125 0.03671875 0.07421875
0 0.48359375 0.44453125 0.04140625 0.06015625
0 0.196875 0.44921875 0.028125 0.04140625
0 0.60859375 0.45390625 0.03671875 0.06953125
0 0.07890625 0.4609375 0.03671875 0.06015625
0 0.8890625 0.46953125 0.03203125 0.05078125
0 0.40546875 0.471875 0.03203125 0.06015625
0 0.7109375 0.0484375 0.028125 0.05078125
0 0.75234375 0.4859375 0.04140625 0.06953125
0 0.54375 0.49296875 0.03203125 0.05078125
0 0.7015625 0.49765625 0.03671875 0.06953125
0 0.35390625 0.5 0.03671875 0.05546875
0 0.84296875 0.5046875 0.03671875 0.06953125
0 0.08828125 0.51640625 0.04140625 0.06953125
0 0.60625 0.52109375 0.04140625 0.06015625
0 0.86328125 0.53046875 0.04140625 0.06953125
0 0.946875 0.534375 0.04140625 0.07890625
0 0.13203125 0.53671875 0.04140625 0.06484375
0 0.53046875 0.5390625 0.03203125 0.05546875
0 0.45390625 0.54140625 0.03671875 0.06015625
0 0.240625 0.54375 0.04140625 0.05546875
0 0.55546875 0.54609375 0.03671875 0.06015625
0 0.77109375 0.5671875 0.04140625 0.06484375
0 0.31015625 0.0578125 0.028125 0.05078125
0 0.625 0.57890625 0.04609375 0.06015625
0 0.10390625 0.59296875 0.03671875 0.06015625
0 0.7984375 0.6109375 0.05078125 0.07421875
0 0.79609375 0.0625 0.03203125 0.06015625
0 0.47890625 0.0625 0.028125 0.05546875
0 0.06953125 0.0625 0.028125 0.04609375
0 0.278125 0.63203125 0.03671875 0.06484375
0 0.35859375 0.63203125 0.05078125 0.06015625
0 0.865625 0.6390625 0.05078125 0.08828125
0 0.69453125 0.65703125 0.04140625 0.06015625
0 0.6296875 0.0671875 0.028125 0.04140625
0 0.08828125 0.67578125 0.04609375 0.07421875
0 0.3515625 0.6875 0.05078125 0.06484375
0 0.04375 0.6875 0.04140625 0.06484375
0 0.92109375 0.7109375 0.04609375 0.07421875
0 0.7546875 0.71953125 0.04609375 0.06015625
0 0.8609375 0.721875 0.05078125 0.06953125
0 0.42578125 0.72421875 0.04140625 0.05078125
0 0.125 0.07421875 0.028125 0.05078125
0 0.29609375 0.74296875 0.03203125 0.06015625
0 0.68046875 0.74296875 0.04140625 0.06484375
0 0.97890625 0.74765625 0.04140625 0.06953125
0 0.16640625 0.74765625 0.04140625 0.06015625
0 0.86328125 0.7734375 0.04140625 0.06953125
0 0.528125 0.78046875 0.03671875 0.06484375
0 0.7734375 0.78203125 0.04609375 0.07421875
0 0.45625 0.78671875 0.04609375 0.06484375
0 0.34453125 0.79140625 0.04140625 0.07421875
0 0.259375 0.79609375 0.04140625 0.06015625
0 0.65078125 0.821875 0.05078125 0.08828125
0 0.71328125 0.83828125 0.05078125 0.06484375
0 0.446875 0.85859375 0.06015625 0.05546875
0 0.25703125 0.8609375 0.05546875 0.05078125
0 0.8515625 0.86328125 0.06015625 0.05546875
0 0.59921875 0.86328125 0.05078125 0.05078125
0 0.1734375 0.87265625 0.04140625 0.03203125
0 0.34296875 0.875 0.04140625 0.03671875
0 0.1390625 0.09921875 0.03203125 0.06484375
0 0.53671875 0.1015625 0.03671875 0.05546875
0 0.86796875 0.10625 0.03203125 0.05546875
0 0.215625 0.10859375 0.03671875 0.05546875
0 0.64375 0.1109375 0.028125 0.04609375
0 0.590625 0.11796875 0.03203125 0.05546875
0 0.8984375 0.11796875 0.03671875 0.05546875
0 0.34296875 0.1203125 0.028125 0.05078125