0 0.403125 0.13671875 0.03203125 0.04609375
0 0.5140625 0.13671875 0.028125 0.03671875
0 0.7109375 0.1484375 0.03671875 0.04609375
0 0.33125 0.153125 0.028125 0.04609375
0 0.45859375 0.159375 0.028125 0.04609375
0 0.88203125 0.1640625 0.03203125 0.04609375
0 0.25234375 0.16875 0.04609375 0.04140625
0 0.5671875 0.1734375 0.028125 0.04609375
0 0.40546875 0.1875 0.028125 0.05078125
0 0.70859375 0.1875 0.028125 0.05078125
0 0.8515625 0.1921875 0.03203125 0.04140625
0 0.6015625 0.1921875 0.028125 0.04140625
0 0.259375 0.20390625 0.03203125 0.05078125
0 0.83828125 0.21328125 0.028125 0.04609375
0 0.6640625 0.215625 0.03671875 0.05078125
0 0.82421875 0.2265625 0.028125 0.04140625
0 0.08125 0.2359375 0.028125 0.04609375
0 0.01640625 0.25234375 0.03203125 0.06953125
0 0.821875 0.259375 0.03203125 0.04609375
0 0.30078125 0.26171875 0.03671875 0.06015625
0 0.5859375 0.26171875 0.03203125 0.04140625
0 0.51875 0.27578125 0.03671875 0.06015625
0 0.17578125 0.28203125 0.03671875 0.05546875
0 0.97890625 0.29609375 0.03203125 0.07421875
0 0.46796875 0.321875 0.03671875 0.05078125
0 0.68046875 0.3515625 0.04140625 0.07421875
0 0.1015625 0.3515625 0.05078125 0.06484375
0 0.96953125 0.39375 0.05078125 0.08359375
0 0.43515625 0.39609375 0.04140625 0.06015625
0 0.7265625 0.4140625 0.04609375 0.06015625
0 0.3171875 0.428125 0.05078125 0.07421875
0 0.65078125 0.46953125 0.05078125 0.07890625
0 0.9859375 0.50703125 0.028125 0.08359375
0 0.25234375 0.52109375 0.05546875 0.08359375
0 0.6640625 0.60625 0.06015625 0.07890625