0 0.64140625 0.096875 0.009375 0.009375
0 0.69453125 0.09921875 0.01875 0.0140625
0 0.6015625 0.1015625 0.0140625 0.0140625
0 0.75703125 0.1015625 0.01875 0.0140625
0 0.784375 0.1015625 0.01875 0.0140625
0 0.54375 0.10390625 0.0140625 0.0140625
0 0.64609375 0.10390625 0.009375 0.009375
0 0.56015625 0.10625 0.0140625 0.009375
0 0.68046875 0.10625 0.0140625 0.0140625
0 0.5046875 0.10859375 0.0140625 0.01875
0 0.5765625 0.10859375 0.0140625 0.009375
0 0.52109375 0.1109375 0.01875 0.0140625
0 0.6203125 0.1109375 0.0140625 0.0140625
0 0.7359375 0.1109375 0.0140625 0.0140625
0 0.715625 0.11328125 0.0140625 0.0140625
0 0.53671875 0.11328125 0.0140625 0.0140625
0 0.66640625 0.115625 0.0140625 0.01875
0 0.76171875 0.11796875 0.0140625 0.0140625
0 0.69453125 0.1203125 0.0140625 0.009375
0 0.55078125 0.12265625 0.0140625 0.0140625
0 0.6296875 0.12265625 0.0140625 0.009375
0 0.52578125 0.12265625 0.0140625 0.0140625
0 0.64609375 0.125 0.01875 0.01875
0 0.80078125 0.12734375 0.01875 0.0140625
0 0.884375 0.12734375 0.01875 0.009375
0 0.61796875 0.12734375 0.01875 0.0140625
0 0.56015625 0.12734375 0.01875 0.01875
0 0.4765625 0.1296875 0.0140625 0.01875
0 0.74296875 0.1296875 0.0140625 0.0140625
0 0.490625 0.13203125 0.0140625 0.01875
0 0.51640625 0.134375 0.0140625 0.01875
0 0.8125 0.134375 0.01875 0.01875
0 0.90078125 0.13671875 0.01875 0.0140625
0 0.7546875 0.13671875 0.0140625 0.0140625
0 0.86796875 0.13671875 0.01875 0.01875
0 0.6828125 0.1390625 0.01875 0.0140625
0 0.59453125 0.1390625 0.0140625 0.0140625
0 0.7109375 0.14140625 0.0140625 0.0140625
0 0.63671875 0.14140625 0.01875 0.0140625
0 0.47421875 0.14375 0.0234375 0.0234375
0 0.72890625 0.14609375 0.01875 0.01875
0 0.54375 0.14609375 0.01875 0.0140625
0 0.88203125 0.1484375 0.01875 0.01875
0 0.615625 0.1484375 0.01875 0.0140625
0 0.84296875 0.15078125 0.01875 0.01875
0 0.56484375 0.153125 0.01875 0.0140625
0 0.64609375 0.153125 0.01875 0.01875
0 0.70625 0.153125 0.0234375 0.01875
0 0.9375 0.159375 0.0234375 0.01875
0 0.69453125 0.1640625 0.01875 0.01875
0 0.5 0.1734375 0.01875 0.0234375
0 0.571875 0.178125 0.01875 0.01875
0 0.803125 0.18046875 0.01875 0.01875
0 0.7109375 0.18046875 0.0234375 0.01875
0 0.66640625 0.1828125 0.01875 0.01875
0 0.88671875 0.18515625 0.028125 0.01875
0 0.7453125 0.18515625 0.028125 0.01875
0 0.5390625 0.1875 0.01875 0.01875
0 0.64140625 0.1875 0.0234375 0.0234375
0 0.821875 0.1921875 0.028125 0.01875
0 0.2890625 0.1921875 0.0234375 0.0234375
0 0.84921875 0.19453125 0.028125 0.0234375
0 0.6875 0.19453125 0.01875 0.01875
0 0.465625 0.19453125 0.0234375 0.01875
0 0.56015625 0.19453125 0.01875 0.01875
0 0.48359375 0.2015625 0.0234375 0.0140625
0 0.76875 0.20625 0.0234375 0.0234375
0 0.946875 0.20859375 0.03203125 0.028125
0 0.6296875 0.2109375 0.0234375 0.01875
0 0.68046875 0.21328125 0.01875 0.01875
0 0.51875 0.215625 0.028125 0.01875
0 0.990625 0.21796875 0.009375 0.03671875
0 0.37734375 0.21796875 0.0234375 0.0234375
0 0.43984375 0.21796875 0.0234375 0.0234375
0 0.40078125 0.221875 0.028125 0.01875
0 0.45859375 0.221875 0.01875 0.0234375
0 0.5390625 0.221875 0.01875 0.01875
0 0.48125 0.221875 0.0234375 0.01875
0 0.596875 0.221875 0.028125 0.01875
0 0.31484375 0.2265625 0.0234375 0.01875
0 0.76640625 0.23125 0.03671875 0.0234375
0 0.83828125 0.23828125 0.03203125 0.0234375
0 0.5 0.23828125 0.01875 0.0234375
0 0.51640625 0.240625 0.0140625 0.01875
0 0.95390625 0.24296875 0.03203125 0.028125
0 0.6484375 0.24296875 0.028125 0.0234375
0 0.596875 0.24296875 0.028125 0.028125
0 0.56484375 0.24296875 0.028125 0.028125
0 0.384375 0.2453125 0.0234375 0.028125
0 0.91875 0.2546875 0.028125 0.0234375
0 0.6921875 0.259375 0.028125 0.0234375
0 0.634375 0.259375 0.028125 0.01875
0 0.84921875 0.27109375 0.0234375 0.0234375
0 0.1921875 0.27109375 0.028125 0.0234375
0 0.4953125 0.27109375 0.0234375 0.0140625
0 0.93984375 0.27578125 0.03203125 0.0234375
0 0.01640625 0.27578125 0.03203125 0.0234375
0 0.1875 0.278125 0.03203125 0.0234375
0 0.784375 0.278125 0.03203125 0.028125
0 0.54609375 0.28046875 0.03203125 0.0234375
0 0.33359375 0.28046875 0.0234375 0.0234375
0 0.7640625 0.28046875 0.03203125 0.028125
0 0.68046875 0.28203125 0.028125 0.0234375
0 0.63203125 0.28203125 0.028125 0.0234375
0 0.71953125 0.28203125 0.03671875 0.028125
0 0.10390625 0.284375 0.0234375 0.01875
0 0.29140625 0.284375 0.028125 0.03203125
0 0.6640625 0.28671875 0.0234375 0.0234375
0 0.53671875 0.28671875 0.028125 0.01875
0 0.6484375 0.2890625 0.0234375 0.0234375
0 0.4953125 0.2890625 0.028125 0.028125
0 0.5859375 0.2890625 0.03671875 0.028125
0 0.8078125 0.29140625 0.03203125 0.0234375
0 0.31484375 0.29140625 0.01875 0.01875
0 0.23828125 0.29609375 0.04140625 0.03671875
0 0.36796875 0.29609375 0.028125 0.0234375
0 0.09921875 0.3078125 0.03203125 0.028125
0 0.81953125 0.3125 0.03203125 0.028125
0 0.89609375 0.3125 0.03203125 0.0234375
0 0.5140625 0.3125 0.028125 0.03203125
0 0.6828125 0.321875 0.04140625 0.03203125
0 0.1828125 0.321875 0.028125 0.03671875
0 0.759375 0.32421875 0.03671875 0.03671875
0 0.85859375 0.3265625 0.04140625 0.03203125
0 0.303125 0.33125 0.0234375 0.01875
0 0.64375 0.33359375 0.028125 0.028125
0 0.70390625 0.33359375 0.028125 0.0234375
0 0.62265625 0.3359375 0.04140625 0.03203125
0 0.965625 0.346875 0.03203125 0.03203125
0 0.01171875 0.35859375 0.0234375 0.04140625
0 0.3515625 0.36796875 0.03671875 0.028125
0 0.28203125 0.3703125 0.05078125 0.04140625
0 0.7734375 0.37265625 0.03671875 0.04140625
0 0.25703125 0.3796875 0.028125 0.0234375
0 0.86796875 0.38203125 0.04609375 0.04140625
0 0.81484375 0.3890625 0.03203125 0.03203125
0 0.346875 0.39140625 0.04140625 0.028125
0 0.73359375 0.39375 0.04140625 0.04609375
0 0.6390625 0.3984375 0.04609375 0.03671875
0 0.4609375 0.3984375 0.03671875 0.03671875
0 0.03671875 0.40078125 0.03203125 0.03671875
0 0.2265625 0.41875 0.04140625 0.03671875
0 0.803125 0.4328125 0.04140625 0.04140625
0 0.10390625 0.4515625 0.028125 0.0234375
0 0.3703125 0.4609375 0.04609375 0.04140625
0 0.1296875 0.46328125 0.05078125 0.04609375
0 0.01875 0.46328125 0.03671875 0.05546875
0 0.0625 0.47890625 0.04140625 0.04140625
0 0.60859375 0.49296875 0.05078125 0.04140625
0 0.028125 0.53046875 0.04609375 0.05078125