0 0.8609375 0.25234375 0.03203125 0.05078125
0 0.15546875 0.26171875 0.03203125 0.04609375
0 0.5671875 0.27109375 0.03671875 0.05078125
0 0.42578125 0.29609375 0.03203125 0.05546875
0 0.7109375 0.303125 0.03203125 0.04609375
0 0.97421875 0.3171875 0.03671875 0.05546875
0 0.803125 0.321875 0.03203125 0.05078125
0 0.36328125 0.340625 0.03203125 0.03203125
0 0.9609375 0.03671875 0.03203125 0.05546875
0 0.56953125 0.384375 0.03203125 0.05546875
0 0.9375 0.3890625 0.028125 0.05078125
0 0.090625 0.39375 0.03203125 0.05078125
0 0.60390625 0.04140625 0.03203125 0.06015625
0 0.84921875 0.41875 0.028125 0.05078125
0 0.4609375 0.4375 0.03671875 0.05078125
0 0.01171875 0.465625 0.0234375 0.05546875
0 0.72890625 0.48828125 0.03203125 0.04609375
0 0.6390625 0.5046875 0.03671875 0.06484375
0 0.42109375 0.5234375 0.03671875 0.06484375
0 0.28046875 0.53203125 0.03203125 0.05078125
0 0.53046875 0.54375 0.028125 0.05546875
0 0.965625 0.54375 0.028125 0.05078125
0 0.0765625 0.55546875 0.03671875 0.05078125
0 0.83359375 0.5671875 0.028125 0.05078125
0 0.196875 0.58125 0.03671875 0.06015625
0 0.73125 0.590625 0.03671875 0.06015625
0 0.19921875 0.06015625 0.03203125 0.04609375
0 0.01875 0.6296875 0.03671875 0.06484375
0 0.39609375 0.64140625 0.03671875 0.06953125
0 0.92109375 0.64375 0.03203125 0.05078125
0 0.65703125 0.659375 0.03671875 0.06015625
0 0.259375 0.67109375 0.03671875 0.05078125
0 0.7265625 0.6828125 0.028125 0.05078125
0 0.47890625 0.69453125 0.03671875 0.06015625
0 0.35390625 0.73359375 0.03671875 0.06015625
0 0.240625 0.7734375 0.03671875 0.04609375
0 0.84453125 0.78203125 0.03203125 0.05546875
0 0.6734375 0.79140625 0.03203125 0.05546875
0 0.95390625 0.79375 0.03671875 0.06015625
0 0.57890625 0.80546875 0.03671875 0.06015625
0 0.4859375 0.8078125 0.03671875 0.05078125
0 0.68046875 0.08125 0.03671875 0.05546875
0 0.75 0.8171875 0.03203125 0.05546875
0 0.9234375 0.85859375 0.03203125 0.04609375
0 0.81953125 0.865625 0.03671875 0.06015625
0 0.4140625 0.87265625 0.03671875 0.05078125
0 0.98828125 0.89609375 0.0140625 0.04140625
0 0.31484375 0.90703125 0.04140625 0.04609375
0 0.17578125 0.9421875 0.04140625 0.04140625
0 0.071875 0.96796875 0.05078125 0.05078125
0 0.659375 0.97890625 0.03671875 0.04140625
0 0.125 0.09921875 0.04140625 0.05078125
0 0.44453125 0.10625 0.028125 0.05078125
0 0.78203125 0.10859375 0.03203125 0.04609375
0 0.92109375 0.12734375 0.0234375 0.03203125
0 0.303125 0.15078125 0.03203125 0.05078125
0 0.596875 0.15078125 0.03203125 0.05546875
0 0.2109375 0.159375 0.03671875 0.04609375
0 0.3890625 0.16640625 0.03671875 0.05078125
0 0.51640625 0.2015625 0.03203125 0.05078125
0 0.4375 0.02109375 0.03671875 0.04140625
0 0.47421875 0.22890625 0.03203125 0.05078125
0 0.04375 0.2453125 0.03671875 0.06015625