0 0.32421875 0.49765625 0.0046875 0.0046875
0 0.40078125 0.50234375 0.009375 0.009375
0 0.46796875 0.5046875 0.0046875 0.0046875
0 0.39609375 0.50703125 0.0046875 0.0046875
0 0.40546875 0.50703125 0.0046875 0.009375
0 0.4375 0.50703125 0.009375 0.0046875
0 0.45390625 0.509375 0.009375 0.0046875
0 0.340625 0.509375 0.0046875 0.0046875
0 0.43046875 0.509375 0.0046875 0.0046875
0 0.28671875 0.509375 0.0046875 0.0046875
0 0.45859375 0.51171875 0.009375 0.009375
0 0.0625 0.51171875 0.009375 0.009375
0 0.30078125 0.51171875 0.0046875 0.009375
0 0.3078125 0.5140625 0.0046875 0.009375
0 0.31484375 0.5140625 0.0046875 0.009375
0 0.27578125 0.5140625 0.0046875 0.009375
0 0.35859375 0.5140625 0.0046875 0.009375
0 0.278125 0.51640625 0.0046875 0.009375
0 0.48359375 0.51640625 0.009375 0.009375
0 0.1921875 0.51875 0.0046875 0.0140625
0 0.26640625 0.51875 0.0046875 0.0140625
0 0.29140625 0.51875 0.0046875 0.0046875
0 0.92578125 0.51875 0.009375 0.009375
0 0.36796875 0.51875 0.0046875 0.0046875
0 0.4609375 0.52109375 0.0046875 0.009375
0 0.46953125 0.5234375 0.009375 0.0140625
0 0.93515625 0.5234375 0.009375 0.009375
0 0.40703125 0.5234375 0.0046875 0.0046875
0 0.4375 0.52578125 0.009375 0.009375
0 0.490625 0.52578125 0.009375 0.009375
0 0.94453125 0.52578125 0.0140625 0.009375
0 0.3078125 0.528125 0.0046875 0.009375
0 0.41640625 0.528125 0.009375 0.009375
0 0.4515625 0.528125 0.0046875 0.009375
0 0.22421875 0.53046875 0.009375 0.0140625
0 0.446875 0.53046875 0.009375 0.009375
0 0.3984375 0.53046875 0.009375 0.0046875
0 0.40546875 0.53046875 0.0046875 0.0046875
0 0.49765625 0.53046875 0.009375 0.009375
0 0.34921875 0.53046875 0.0046875 0.0046875
0 0.37734375 0.53046875 0.009375 0.0046875
0 0.35859375 0.53046875 0.0046875 0.0046875
0 0.5046875 0.53046875 0.009375 0.0140625
0 0.42578125 0.53203125 0.009375 0.009375
0 0.91640625 0.53203125 0.009375 0.0140625
0 0.26640625 0.53203125 0.0046875 0.009375
0 0.41171875 0.534375 0.009375 0.009375
0 0.29140625 0.534375 0.0046875 0.0140625
0 0.30078125 0.534375 0.009375 0.009375
0 0.31484375 0.53671875 0.009375 0.009375
0 0.36796875 0.53671875 0.0046875 0.009375
0 0.95390625 0.53671875 0.009375 0.0140625
0 0.58359375 0.53671875 0.009375 0.0140625
0 0.46328125 0.5390625 0.0046875 0.009375
0 0.30546875 0.54140625 0.009375 0.0046875
0 0.60625 0.54140625 0.0140625 0.009375
0 0.97421875 0.54375 0.0140625 0.01875
0 0.54140625 0.54609375 0.009375 0.009375
0 0.56484375 0.54609375 0.0046875 0.0140625
0 0.76171875 0.5484375 0.009375 0.0140625
0 0.51640625 0.5484375 0.009375 0.0140625
0 0.30078125 0.5484375 0.009375 0.0140625
0 0.28203125 0.55078125 0.0046875 0.0140625
0 0.125 0.55078125 0.009375 0.0140625
0 0.26171875 0.553125 0.009375 0.0140625
0 0.553125 0.553125 0.0046875 0.0140625
0 0.61328125 0.553125 0.009375 0.009375
0 0.659375 0.553125 0.009375 0.009375
0 0.82421875 0.55546875 0.009375 0.0140625
0 0.5859375 0.55546875 0.009375 0.0140625
0 0.67109375 0.55546875 0.009375 0.0046875
0 0.86796875 0.55546875 0.009375 0.0140625
0 0.10859375 0.55546875 0.009375 0.009375
0 0.2015625 0.5578125 0.0140625 0.01875
0 0.33359375 0.5625 0.009375 0.0140625
0 0.29375 0.5625 0.0046875 0.0140625
0 0.79375 0.5625 0.009375 0.009375
0 0.3125 0.56484375 0.009375 0.0140625
0 0.696875 0.56484375 0.0046875 0.0140625
0 0.803125 0.56484375 0.009375 0.01875
0 0.0859375 0.5671875 0.009375 0.0140625
0 0.62265625 0.5671875 0.009375 0.009375
0 0.5484375 0.5671875 0.009375 0.0140625
0 0.23359375 0.56953125 0.009375 0.0140625
0 0.6015625 0.56953125 0.009375 0.009375
0 0.215625 0.56953125 0.009375 0.0140625
0 0.37265625 0.57421875 0.0140625 0.01875
0 0.3984375 0.57421875 0.0140625 0.01875
0 0.59921875 0.5765625 0.009375 0.0140625
0 0.4515625 0.57890625 0.0140625 0.0140625
0 0.6828125 0.57890625 0.0140625 0.0140625
0 0.4765625 0.58125 0.0140625 0.0140625
0 0.0625 0.5859375 0.009375 0.0140625
0 0.70625 0.5859375 0.009375 0.0140625
0 0.79375 0.5859375 0.009375 0.0140625
0 0.22421875 0.590625 0.009375 0.0140625
0 0.01875 0.59453125 0.009375 0.01875
0 0.65546875 0.59453125 0.0140625 0.0140625
0 0.62265625 0.59921875 0.009375 0.0140625
0 0.87265625 0.60390625 0.0140625 0.0140625
0 0.48359375 0.60390625 0.009375 0.0140625
0 0.83828125 0.60390625 0.0140625 0.01875
0 0.79609375 0.6109375 0.0140625 0.0140625
0 0.74296875 0.6109375 0.0140625 0.01875
0 0.59296875 0.61328125 0.0140625 0.0140625
0 0.77109375 0.61796875 0.0140625 0.01875
0 0.071875 0.61796875 0.0140625 0.01875
0 0.99296875 0.625 0.0046875 0.028125
0 0.178125 0.6296875 0.0140625 0.01875
0 0.7015625 0.634375 0.0140625 0.0140625
0 0.63671875 0.63671875 0.01875 0.01875
0 0.96796875 0.6390625 0.01875 0.0234375
0 0.88203125 0.6390625 0.0140625 0.01875
0 0.33125 0.653125 0.0140625 0.01875
0 0.15078125 0.659375 0.009375 0.01875
0 0.81953125 0.66640625 0.01875 0.0234375
0 0.5859375 0.68046875 0.0140625 0.0234375
0 0.7015625 0.68515625 0.01875 0.01875
0 0.21328125 0.69453125 0.0140625 0.0140625
0 0.7890625 0.696875 0.0140625 0.01875
0 0.68984375 0.696875 0.01875 0.01875
0 0.78203125 0.70625 0.0140625 0.0234375
0 0.17578125 0.70625 0.0140625 0.0234375
0 0.384375 0.70859375 0.0140625 0.01875
0 0.42578125 0.715625 0.0140625 0.0234375
0 0.778125 0.721875 0.0140625 0.028125
0 0.35390625 0.74296875 0.01875 0.028125
0 0.875 0.75 0.01875 0.028125
0 0.88671875 0.7546875 0.0140625 0.0234375
0 0.16640625 0.79375 0.01875 0.028125
0 0.01171875 0.7984375 0.01875 0.028125
0 0.034375 0.8078125 0.01875 0.028125
0 0.88203125 0.81484375 0.01875 0.028125
0 0.90703125 0.821875 0.01875 0.028125
0 0.83125 0.83125 0.0234375 0.03203125
0 0.30546875 0.84296875 0.01875 0.0234375
0 0.34296875 0.85859375 0.0234375 0.028125
0 0.90546875 0.8609375 0.028125 0.03203125
0 0.04609375 0.8609375 0.04609375 0.06484375