0 0.4953125 0.4953125 0.03203125 0.0234375
0 0.634375 0.50234375 0.03203125 0.0234375
0 0.73828125 0.50234375 0.03203125 0.0234375
0 0.884375 0.5046875 0.028125 0.0234375
0 0.26640625 0.5046875 0.0234375 0.01875
0 0.95625 0.50703125 0.028125 0.01875
0 0.4234375 0.50703125 0.03203125 0.0234375
0 0.528125 0.509375 0.028125 0.0234375
0 0.81015625 0.509375 0.01875 0.01875
0 0.8359375 0.509375 0.03203125 0.01875
0 0.84453125 0.51171875 0.01875 0.01875
0 0.77109375 0.5140625 0.028125 0.01875
0 0.284375 0.51640625 0.028125 0.01875
0 0.90703125 0.51640625 0.028125 0.01875
0 0.36328125 0.51640625 0.0234375 0.0140625
0 0.340625 0.52109375 0.03203125 0.0140625
0 0.24765625 0.534375 0.0234375 0.0140625
0 0.06953125 0.534375 0.03203125 0.0234375
0 0.0859375 0.5484375 0.0234375 0.01875
0 0.18984375 0.571875 0.04140625 0.01875
0 0.40703125 0.57421875 0.028125 0.028125
0 0.1109375 0.57890625 0.0234375 0.009375
0 0.76640625 0.57890625 0.03671875 0.028125
0 0.2359375 0.57890625 0.028125 0.028125
0 0.4859375 0.57890625 0.04140625 0.03203125
0 0.09453125 0.58125 0.03203125 0.01875
0 0.2734375 0.58359375 0.04140625 0.028125
0 0.125 0.60390625 0.03671875 0.0234375
0 0.75234375 0.6390625 0.04140625 0.03671875
0 0.95625 0.65546875 0.04609375 0.03671875
0 0.47890625 0.65703125 0.05078125 0.03203125
0 0.02109375 0.66171875 0.04140625 0.04140625
0 0.5859375 0.67109375 0.04140625 0.03203125
0 0.303125 0.68046875 0.05546875 0.03671875