0 0.3984375 0.17578125 0.0046875 0.009375
0 0.39140625 0.178125 0.0046875 0.0046875
0 0.56015625 0.178125 0.0140625 0.01875
0 0.14609375 0.18046875 0.009375 0.009375
0 0.284375 0.18046875 0.009375 0.0140625
0 0.3703125 0.18046875 0.009375 0.009375
0 0.16171875 0.1828125 0.009375 0.0140625
0 0.07890625 0.1828125 0.009375 0.009375
0 0.3515625 0.18515625 0.0046875 0.0046875
0 0.034375 0.18515625 0.009375 0.0140625
0 0.30078125 0.1875 0.009375 0.009375
0 0.34296875 0.1875 0.0046875 0.009375
0 0.06953125 0.18984375 0.0140625 0.01875
0 0.0484375 0.1921875 0.009375 0.009375
0 0.884375 0.1921875 0.03203125 0.04140625
0 0.64609375 0.196875 0.01875 0.028125
0 0.8078125 0.20390625 0.03671875 0.04140625
0 0.75 0.20625 0.0140625 0.01875
0 0.56015625 0.20859375 0.01875 0.028125
0 0.6734375 0.2109375 0.028125 0.0234375
0 0.5 0.21328125 0.028125 0.0234375
0 0.9140625 0.21328125 0.03671875 0.05546875
0 0.46953125 0.215625 0.028125 0.04140625
0 0.71328125 0.221875 0.01875 0.028125
0 0.73125 0.221875 0.0234375 0.028125
0 0.60390625 0.2265625 0.0234375 0.04140625
0 0.590625 0.23125 0.028125 0.04140625
0 0.23125 0.23125 0.03203125 0.04609375
0 0.6921875 0.23359375 0.0234375 0.03671875
0 0.9328125 0.240625 0.03671875 0.05078125
0 0.75703125 0.240625 0.028125 0.04140625
0 0.634375 0.24296875 0.0234375 0.03671875
0 0.78203125 0.24296875 0.04140625 0.05546875
0 0.35625 0.24296875 0.03671875 0.05546875
0 0.49296875 0.24296875 0.028125 0.04140625
0 0.09921875 0.2453125 0.03671875 0.06015625
0 0.43515625 0.2453125 0.03671875 0.04140625
0 0.2984375 0.25 0.03203125 0.04609375
0 0.74296875 0.25 0.01875 0.03203125
0 0.26640625 0.25 0.03203125 0.04609375
0 0.71796875 0.25 0.028125 0.03671875
0 0.534375 0.25 0.03203125 0.05078125
0 0.66640625 0.25 0.03671875 0.05078125
0 0.4140625 0.25 0.04140625 0.05078125
0 0.134375 0.25234375 0.028125 0.04609375
0 0.428125 0.25234375 0.028125 0.03671875
0 0.89375 0.26171875 0.03203125 0.05546875
0 0.15703125 0.26171875 0.03203125 0.04140625
0 0.33125 0.2640625 0.04609375 0.05078125
0 0.98828125 0.26640625 0.0234375 0.07421875
0 0.96953125 0.26640625 0.04140625 0.05546875
0 0.19921875 0.26875 0.04609375 0.05078125
0 0.62265625 0.278125 0.028125 0.04609375
0 0.82421875 0.28203125 0.05078125 0.07421875
0 0.69921875 0.29375 0.03671875 0.05078125
0 0.48828125 0.3078125 0.04140625 0.06484375
0 0.090625 0.3125 0.04140625 0.06484375
0 0.18046875 0.32421875 0.04609375 0.05546875
0 0.409375 0.32890625 0.04140625 0.06953125
0 0.61796875 0.3609375 0.04140625 0.06015625