0 0.178125 0.10625 0.01875 0.01875
0 0.4765625 0.10625 0.01875 0.0234375
0 0.1296875 0.10859375 0.01875 0.0234375
0 0.73359375 0.1109375 0.01875 0.0140625
0 0.41875 0.11328125 0.01875 0.0234375
0 0.43046875 0.11328125 0.009375 0.0140625
0 0.153125 0.11328125 0.01875 0.0234375
0 0.778125 0.11796875 0.0234375 0.01875
0 0.02578125 0.1203125 0.0140625 0.01875
0 0.05078125 0.12265625 0.0140625 0.01875
0 0.8609375 0.12734375 0.0140625 0.0234375
0 0.009375 0.13203125 0.01875 0.0234375
0 0.7890625 0.15703125 0.0140625 0.01875
0 0.05078125 0.159375 0.01875 0.0234375
0 0.07421875 0.16640625 0.0140625 0.01875
0 0.1390625 0.16875 0.01875 0.028125
0 0.1640625 0.178125 0.0140625 0.01875
0 0.1921875 0.178125 0.01875 0.028125
0 0.034375 0.178125 0.01875 0.01875
0 0.0140625 0.2015625 0.01875 0.01875
0 0.08125 0.2453125 0.028125 0.028125
0 0.22890625 0.25234375 0.06953125 0.05546875
0 0.9625 0.26328125 0.075 0.1703125
0 0.39375 0.2640625 0.04609375 0.06015625
0 0.509375 0.27109375 0.04609375 0.09296875
0 0.096875 0.27578125 0.028125 0.03671875
0 0.69453125 0.278125 0.06015625 0.153125
0 0.3265625 0.2890625 0.06953125 0.14375
0 0.59453125 0.303125 0.09296875 0.16640625
0 0.8359375 0.303125 0.09296875 0.14375
0 0.14609375 0.30546875 0.06953125 0.08359375
0 0.47421875 0.34453125 0.08359375 0.15703125
0 0.78671875 0.40078125 0.1015625 0.16171875
0 0.09296875 0.403125 0.1109375 0.1390625
0 0.2453125 0.41640625 0.1109375 0.16640625
0 0.03046875 0.41640625 0.06015625 0.1484375
0 0.39375 0.4234375 0.09296875 0.15703125
0 0.44453125 0.09453125 0.01875 0.01875
0 0.01875 0.09921875 0.0140625 0.0140625
0 0.090625 0.10390625 0.0140625 0.01875