0 0.9375 0.13671875 0.0140625 0.0140625
0 0.98359375 0.13671875 0.0140625 0.0140625
0 0.92109375 0.14609375 0.0140625 0.0140625
0 0.99296875 0.1484375 0.0046875 0.01875
0 0.98359375 0.1484375 0.0140625 0.0140625
0 0.94921875 0.153125 0.0140625 0.0140625
0 0.8984375 0.159375 0.01875 0.01875
0 0.96328125 0.16875 0.0140625 0.01875
0 0.96328125 0.19921875 0.01875 0.0234375
0 0.90703125 0.2109375 0.01875 0.01875
0 0.92578125 0.21953125 0.01875 0.0234375
0 0.6734375 0.22890625 0.0140625 0.01875
0 0.07890625 0.2359375 0.009375 0.0140625
0 0.08828125 0.2359375 0.009375 0.0140625
0 0.79609375 0.24296875 0.0234375 0.0234375
0 0.70390625 0.24296875 0.009375 0.0140625
0 0.490625 0.24296875 0.0140625 0.0140625
0 0.48125 0.24296875 0.0140625 0.0140625
0 0.09453125 0.24296875 0.009375 0.009375
0 0.346875 0.24765625 0.0046875 0.0046875
0 0.55546875 0.24765625 0.0140625 0.009375
0 0.58359375 0.24765625 0.0140625 0.009375
0 0.21328125 0.24765625 0.0046875 0.0046875
0 0.29140625 0.24765625 0.0046875 0.0046875
0 0.68515625 0.24765625 0.0140625 0.01875
0 0.21953125 0.24765625 0.0046875 0.0046875
0 0.5046875 0.25 0.009375 0.0140625
0 0.26875 0.25234375 0.009375 0.009375
0 0.3359375 0.25234375 0.009375 0.009375
0 0.14140625 0.25234375 0.0046875 0.0046875
0 0.134375 0.25234375 0.0046875 0.0046875
0 0.2984375 0.2546875 0.009375 0.0046875
0 0.72421875 0.2546875 0.0140625 0.0140625
0 0.31484375 0.2546875 0.009375 0.0046875
0 0.42109375 0.25703125 0.0140625 0.0140625
0 0.1640625 0.25703125 0.0046875 0.0046875
0 0.68046875 0.25703125 0.0140625 0.0140625
0 0.3703125 0.25703125 0.0046875 0.0046875
0 0.35625 0.25703125 0.0046875 0.0046875
0 0.5859375 0.25703125 0.0140625 0.0140625
0 0.70859375 0.25703125 0.0140625 0.0140625
0 0.59453125 0.25703125 0.009375 0.0140625
0 0.54140625 0.259375 0.01875 0.01875
0 0.13671875 0.259375 0.0046875 0.0046875
0 0.40546875 0.259375 0.0046875 0.009375
0 0.4609375 0.259375 0.009375 0.009375
0 0.1484375 0.259375 0.0140625 0.009375
0 0.178125 0.259375 0.0046875 0.0046875
0 0.52109375 0.259375 0.0140625 0.01875
0 0.58125 0.259375 0.0140625 0.01875
0 0.15703125 0.259375 0.0046875 0.009375
0 0.2546875 0.259375 0.0046875 0.0046875
0 0.48125 0.259375 0.0140625 0.009375
0 0.19921875 0.26171875 0.0140625 0.0140625
0 0.38203125 0.26171875 0.009375 0.009375
0 0.74296875 0.26171875 0.0140625 0.0234375
0 0.5671875 0.26171875 0.0140625 0.0140625
0 0.05078125 0.26171875 0.009375 0.009375
0 0.24296875 0.26171875 0.009375 0.009375
0 0.125 0.2640625 0.009375 0.0140625
0 0.16875 0.2640625 0.0046875 0.0046875
0 0.26171875 0.2640625 0.0140625 0.0140625
0 0.69453125 0.2640625 0.0140625 0.0140625
0 0.946875 0.2640625 0.01875 0.0234375
0 0.20859375 0.2640625 0.0046875 0.0140625
0 0.18515625 0.26640625 0.0046875 0.0046875
0 0.22421875 0.26640625 0.009375 0.009375
0 0.1109375 0.26640625 0.009375 0.0140625
0 0.41171875 0.26640625 0.009375 0.0046875
0 0.61328125 0.26640625 0.01875 0.01875
0 0.21796875 0.26640625 0.0046875 0.009375
0 0.32421875 0.26875 0.009375 0.0046875
0 0.34921875 0.26875 0.009375 0.009375
0 0.91875 0.26875 0.0140625 0.01875
0 0.4421875 0.26875 0.0140625 0.0140625
0 0.3984375 0.26875 0.009375 0.0046875
0 0.153125 0.27109375 0.009375 0.0140625
0 0.23125 0.27109375 0.009375 0.009375
0 0.14375 0.27109375 0.009375 0.0140625
0 0.4234375 0.27109375 0.009375 0.0140625
0 0.340625 0.27109375 0.009375 0.009375
0 0.1734375 0.2734375 0.0046875 0.0140625
0 0.28203125 0.2734375 0.0140625 0.009375
0 0.30078125 0.2734375 0.0140625 0.0140625
0 0.06015625 0.2734375 0.009375 0.0046875
0 0.25234375 0.2734375 0.0140625 0.0140625
0 0.45859375 0.2734375 0.0140625 0.0140625
0 0.134375 0.27578125 0.0140625 0.0140625
0 0.18046875 0.27578125 0.009375 0.0140625
0 0.3703125 0.27578125 0.0140625 0.0140625
0 0.59453125 0.27578125 0.0140625 0.0140625
0 0.0671875 0.27578125 0.009375 0.009375
0 0.26640625 0.27578125 0.0046875 0.009375
0 0.70625 0.27578125 0.0140625 0.01875
0 0.58359375 0.27578125 0.0140625 0.01875
0 0.38203125 0.278125 0.0140625 0.0140625
0 0.08359375 0.278125 0.009375 0.009375
0 0.09453125 0.278125 0.009375 0.0046875
0 0.3515625 0.278125 0.0140625 0.0140625
0 0.1203125 0.28046875 0.0140625 0.01875
0 0.0390625 0.28046875 0.009375 0.009375
0 0.721875 0.28046875 0.0140625 0.01875
0 0.1640625 0.28046875 0.0046875 0.0140625
0 0.3984375 0.28203125 0.009375 0.0046875
0 0.5484375 0.28203125 0.0140625 0.01875
0 0.1734375 0.28203125 0.0046875 0.009375
0 0.18515625 0.28203125 0.0046875 0.009375
0 0.32421875 0.28203125 0.0140625 0.01875
0 0.5671875 0.28203125 0.0140625 0.0140625
0 0.20859375 0.284375 0.0140625 0.0140625
0 0.053125 0.284375 0.009375 0.0140625
0 0.28203125 0.284375 0.0140625 0.0140625
0 0.6015625 0.284375 0.0140625 0.0140625
0 0.1484375 0.28671875 0.009375 0.0140625
0 0.196875 0.28671875 0.009375 0.009375
0 0.02109375 0.28671875 0.0140625 0.0140625
0 0.24296875 0.28671875 0.009375 0.009375
0 0.61796875 0.2890625 0.0140625 0.009375
0 0.07421875 0.2890625 0.0140625 0.0140625
0 0.13671875 0.2890625 0.009375 0.009375
0 0.08828125 0.2890625 0.009375 0.009375
0 0.09921875 0.2890625 0.0140625 0.01875
0 0.215625 0.2890625 0.0140625 0.009375
0 0.3984375 0.29140625 0.0140625 0.009375
0 0.07890625 0.29140625 0.009375 0.009375
0 0.03046875 0.29140625 0.0140625 0.01875
0 0.33828125 0.29375 0.0140625 0.0140625
0 0.04375 0.29375 0.0140625 0.01875
0 0.17578125 0.29609375 0.0140625 0.0140625
0 0.63671875 0.29609375 0.01875 0.009375
0 0.11796875 0.2984375 0.0140625 0.0140625
0 0.2359375 0.2984375 0.009375 0.0140625
0 0.48828125 0.2984375 0.0140625 0.0140625
0 0.61328125 0.2984375 0.01875 0.01875
0 0.1296875 0.30078125 0.0140625 0.01875
0 0.221875 0.30078125 0.0140625 0.0140625
0 0.57421875 0.30078125 0.0140625 0.01875
0 0.58828125 0.30078125 0.0140625 0.0140625
0 0.26171875 0.303125 0.0140625 0.01875
0 0.01875 0.303125 0.01875 0.0234375
0 0.65703125 0.303125 0.0140625 0.0140625
0 0.284375 0.30546875 0.0140625 0.01875
0 0.4609375 0.30546875 0.0140625 0.01875
0 0.06484375 0.30546875 0.009375 0.0140625
0 0.303125 0.3078125 0.0140625 0.0140625
0 0.403125 0.3078125 0.0234375 0.01875
0 0.64140625 0.3078125 0.01875 0.01875
0 0.4328125 0.3078125 0.0140625 0.0140625
0 0.3703125 0.31015625 0.01875 0.0140625
0 0.51875 0.31015625 0.01875 0.0234375
0 0.215625 0.31015625 0.0140625 0.01875
0 0.19453125 0.3125 0.0140625 0.0140625
0 0.471875 0.3125 0.01875 0.0140625
0 0.08125 0.31484375 0.0140625 0.01875
0 0.125 0.31484375 0.01875 0.0234375
0 0.6015625 0.31484375 0.0140625 0.0140625
0 0.66875 0.31484375 0.01875 0.0234375
0 0.53203125 0.31484375 0.01875 0.01875
0 0.35859375 0.31484375 0.0140625 0.0140625
0 0.5859375 0.3171875 0.01875 0.01875
0 0.49765625 0.3171875 0.01875 0.0234375
0 0.7015625 0.31953125 0.0140625 0.0140625
0 0.41640625 0.31953125 0.0140625 0.0234375
0 0.615625 0.31953125 0.0140625 0.01875
0 0.6296875 0.31953125 0.01875 0.0140625
0 0.428125 0.321875 0.0140625 0.0234375
0 0.68046875 0.321875 0.0140625 0.0140625
0 0.5484375 0.321875 0.0140625 0.0140625
0 0.44453125 0.32421875 0.01875 0.0234375
0 0.71953125 0.32421875 0.0140625 0.0140625
0 0.60625 0.32421875 0.0140625 0.009375
0 0.3703125 0.3265625 0.0140625 0.01875
0 0.696875 0.3265625 0.0140625 0.0140625
0 0.4609375 0.3265625 0.01875 0.01875
0 0.64609375 0.32890625 0.01875 0.0234375
0 0.54140625 0.33359375 0.01875 0.01875
0 0.6296875 0.33359375 0.0140625 0.01875
0 0.7015625 0.340625 0.01875 0.0234375
0 0.56953125 0.340625 0.01875 0.0140625
0 0.7546875 0.34296875 0.0234375 0.0234375
0 0.76640625 0.34296875 0.01875 0.01875
0 0.61328125 0.34453125 0.01875 0.0234375
0 0.72421875 0.34453125 0.028125 0.028125
0 0.8078125 0.346875 0.028125 0.0234375
0 0.59453125 0.346875 0.0234375 0.03203125
0 0.4328125 0.346875 0.01875 0.01875
0 0.5390625 0.346875 0.01875 0.01875
0 0.17109375 0.346875 0.009375 0.009375
0 0.928125 0.34921875 0.0234375 0.028125
0 0.94921875 0.34921875 0.028125 0.03671875
0 0.528125 0.34921875 0.01875 0.01875
0 0.678125 0.34921875 0.01875 0.01875
0 0.5046875 0.3515625 0.01875 0.01875
0 0.64375 0.35390625 0.01875 0.0234375
0 0.8609375 0.35625 0.028125 0.028125
0 0.83125 0.35625 0.028125 0.028125
0 0.5765625 0.35625 0.01875 0.01875
0 0.50234375 0.3609375 0.028125 0.028125
0 0.803125 0.36328125 0.0234375 0.0234375
0 0.63203125 0.365625 0.0234375 0.03203125
0 0.5625 0.365625 0.0140625 0.01875
0 0.69921875 0.365625 0.0234375 0.0234375
0 0.41640625 0.36796875 0.01875 0.03203125
0 0.778125 0.3703125 0.0234375 0.028125
0 0.65546875 0.37265625 0.01875 0.0234375
0 0.91875 0.37265625 0.01875 0.0234375
0 0.72890625 0.37265625 0.01875 0.028125
0 0.60625 0.375 0.0234375 0.01875
0 0.4328125 0.37734375 0.0234375 0.03671875
0 0.68515625 0.37734375 0.028125 0.03203125
0 0.75 0.3796875 0.03203125 0.01875
0 0.85859375 0.3796875 0.028125 0.028125
0 0.6734375 0.384375 0.028125 0.028125
0 0.53203125 0.38671875 0.028125 0.04140625
0 0.4953125 0.38671875 0.0234375 0.028125
0 0.8359375 0.3890625 0.028125 0.03671875
0 0.7890625 0.39140625 0.0234375 0.03203125
0 0.81015625 0.39140625 0.03203125 0.03671875
0 0.465625 0.39375 0.028125 0.028125
0 0.75703125 0.403125 0.03203125 0.04140625
0 0.59921875 0.40546875 0.0140625 0.03203125
0 0.92578125 0.40703125 0.0234375 0.03671875
0 0.875 0.409375 0.0234375 0.03203125
0 0.56484375 0.41171875 0.028125 0.05546875
0 0.62265625 0.4140625 0.04140625 0.05546875
0 0.50703125 0.4140625 0.028125 0.0234375
0 0.30078125 0.41640625 0.03203125 0.03671875
0 0.19453125 0.42109375 0.028125 0.03671875
0 0.67109375 0.4234375 0.03203125 0.04609375
0 0.94921875 0.42578125 0.03203125 0.04140625
0 0.9859375 0.42578125 0.028125 0.05546875
0 0.45625 0.4328125 0.01875 0.03203125
0 0.43984375 0.4375 0.028125 0.04140625
0 0.4765625 0.4421875 0.03203125 0.04140625
0 0.5765625 0.44453125 0.028125 0.04609375
0 0.8125 0.4609375 0.0234375 0.04609375
0 0.8359375 0.4609375 0.03671875 0.05078125
0 0.29140625 0.46953125 0.04609375 0.05078125
0 0.73359375 0.49296875 0.03203125 0.03671875
0 0.98828125 0.56484375 0.0234375 0.04140625