0 0.0484375 0.46328125 0.028125 0.03203125
0 0.53046875 0.4765625 0.0046875 0.009375
0 0.490625 0.4765625 0.0046875 0.0046875
0 0.48359375 0.47890625 0.0046875 0.009375
0 0.52578125 0.47890625 0.0046875 0.0046875
0 0.4859375 0.47890625 0.0046875 0.0046875
0 0.5 0.48125 0.0046875 0.0046875
0 0.51875 0.48125 0.0046875 0.0046875
0 0.471875 0.48125 0.0046875 0.0046875
0 0.4953125 0.48359375 0.0046875 0.0046875
0 0.53046875 0.48359375 0.0046875 0.009375
0 0.4859375 0.48359375 0.0046875 0.009375
0 0.46796875 0.48359375 0.0046875 0.009375
0 0.51171875 0.48359375 0.009375 0.009375
0 0.5578125 0.4859375 0.0046875 0.009375
0 0.47421875 0.4859375 0.0046875 0.009375
0 0.50234375 0.4859375 0.0046875 0.009375
0 0.471875 0.48828125 0.0046875 0.009375
0 0.51875 0.48828125 0.0046875 0.009375
0 0.5390625 0.48828125 0.0046875 0.009375
0 0.52109375 0.48828125 0.0046875 0.009375
0 0.47890625 0.490625 0.0046875 0.009375
0 0.490625 0.490625 0.0046875 0.009375
0 0.571875 0.490625 0.0046875 0.0140625
0 0.58359375 0.490625 0.0046875 0.009375
0 0.56484375 0.490625 0.0046875 0.009375
0 0.59921875 0.490625 0.009375 0.009375
0 0.57890625 0.49296875 0.009375 0.009375
0 0.48359375 0.49296875 0.0046875 0.009375
0 0.4515625 0.49296875 0.009375 0.009375
0 0.5484375 0.49296875 0.009375 0.0046875
0 0.55546875 0.49296875 0.0046875 0.009375
0 0.46953125 0.4953125 0.0046875 0.0140625
0 0.5046875 0.4953125 0.009375 0.009375
0 0.534375 0.4953125 0.009375 0.009375
0 0.5234375 0.4953125 0.0046875 0.009375
0 0.5 0.49765625 0.009375 0.0140625
0 0.59296875 0.49765625 0.009375 0.0140625
0 0.4765625 0.49765625 0.0046875 0.009375
0 0.528125 0.5 0.009375 0.009375
0 0.48125 0.5 0.0046875 0.009375
0 0.5140625 0.5 0.0046875 0.009375
0 0.59921875 0.5 0.009375 0.009375
0 0.51875 0.5 0.0046875 0.009375
0 0.58125 0.50234375 0.009375 0.0140625
0 0.54609375 0.50234375 0.009375 0.0140625
0 0.490625 0.50234375 0.009375 0.0140625
0 0.50703125 0.5046875 0.0046875 0.0140625
0 0.59453125 0.50703125 0.0046875 0.009375
0 0.53203125 0.50703125 0.009375 0.0140625
0 0.4515625 0.50703125 0.009375 0.01875
0 0.5234375 0.509375 0.009375 0.0140625
0 0.51171875 0.509375 0.009375 0.0140625
0 0.6484375 0.509375 0.009375 0.0140625
0 0.46328125 0.51171875 0.009375 0.0140625
0 0.46953125 0.51171875 0.009375 0.0140625
0 0.58125 0.51171875 0.009375 0.009375
0 0.56015625 0.51171875 0.0046875 0.0140625
0 0.55078125 0.51171875 0.009375 0.0140625
0 0.60625 0.51171875 0.009375 0.009375
0 0.590625 0.51171875 0.009375 0.0140625
0 0.5765625 0.51640625 0.009375 0.0140625
0 0.47421875 0.51640625 0.009375 0.0140625
0 0.48359375 0.51640625 0.009375 0.0140625
0 0.61328125 0.51875 0.009375 0.0140625
0 0.26171875 0.51875 0.0140625 0.028125
0 0.63203125 0.51875 0.0140625 0.01875
0 0.53671875 0.51875 0.009375 0.0140625
0 0.25234375 0.5234375 0.0140625 0.01875
0 0.509375 0.52578125 0.009375 0.0140625
0 0.5 0.52578125 0.0140625 0.01875
0 0.7265625 0.52578125 0.01875 0.03203125
0 0.3703125 0.52578125 0.0140625 0.028125
0 0.60390625 0.52578125 0.009375 0.01875
0 0.23828125 0.528125 0.01875 0.0234375
0 0.75703125 0.528125 0.0140625 0.03203125
0 0.59296875 0.528125 0.009375 0.01875
0 0.42109375 0.53203125 0.01875 0.01875
0 0.65546875 0.53203125 0.01875 0.0140625
0 0.53671875 0.534375 0.0140625 0.01875
0 0.39609375 0.534375 0.0140625 0.01875
0 0.56484375 0.5390625 0.009375 0.0140625
0 0.47890625 0.54140625 0.0140625 0.01875
0 0.09453125 0.54140625 0.03203125 0.04140625
0 0.78046875 0.54375 0.01875 0.01875
0 0.79140625 0.54375 0.01875 0.028125
0 0.48828125 0.54375 0.01875 0.0140625
0 0.61796875 0.54375 0.0140625 0.01875
0 0.553125 0.54375 0.0140625 0.01875
0 0.57421875 0.54375 0.0140625 0.028125
0 0.15703125 0.54609375 0.028125 0.04140625
0 0.8609375 0.5484375 0.01875 0.028125
0 0.9375 0.5484375 0.0234375 0.028125
0 0.58828125 0.5484375 0.0140625 0.01875
0 0.634375 0.5484375 0.0140625 0.01875
0 0.12734375 0.55078125 0.028125 0.03671875
0 0.65546875 0.55078125 0.0140625 0.028125
0 0.5671875 0.55078125 0.009375 0.0140625
0 0.60390625 0.55078125 0.01875 0.028125
0 0.49765625 0.55078125 0.0140625 0.01875
0 0.29609375 0.553125 0.0234375 0.04140625
0 0.44453125 0.553125 0.01875 0.01875
0 0.740625 0.553125 0.01875 0.03203125
0 0.90703125 0.553125 0.028125 0.03203125
0 0.36796875 0.55546875 0.0234375 0.028125
0 0.3078125 0.55546875 0.0234375 0.03203125
0 0.48359375 0.55546875 0.01875 0.01875
0 0.40703125 0.5578125 0.01875 0.01875
0 0.2265625 0.56015625 0.028125 0.03203125
0 0.85625 0.56015625 0.028125 0.028125
0 0.5390625 0.5625 0.0140625 0.0234375
0 0.5484375 0.5625 0.01875 0.028125
0 0.52109375 0.56484375 0.01875 0.028125
0 0.56484375 0.56484375 0.0140625 0.01875
0 0.8078125 0.56484375 0.01875 0.01875
0 0.721875 0.5671875 0.0234375 0.028125
0 0.27578125 0.5671875 0.0234375 0.028125
0 0.59296875 0.5671875 0.01875 0.028125
0 0.784375 0.5671875 0.0234375 0.01875
0 0.471875 0.56953125 0.0140625 0.028125
0 0.66640625 0.56953125 0.0234375 0.04140625
0 0.58359375 0.56953125 0.01875 0.028125
0 0.3515625 0.571875 0.01875 0.028125
0 0.98828125 0.571875 0.0140625 0.03203125
0 0.50234375 0.5765625 0.0140625 0.028125
0 0.19921875 0.5765625 0.0234375 0.028125
0 0.615625 0.57890625 0.01875 0.03203125
0 0.42578125 0.57890625 0.0234375 0.03203125
0 0.55546875 0.57890625 0.01875 0.0234375
0 0.64609375 0.58125 0.0234375 0.03671875
0 0.40078125 0.58359375 0.01875 0.0234375
0 0.7109375 0.58359375 0.028125 0.028125
0 0.96796875 0.58359375 0.0234375 0.028125
0 0.91640625 0.5859375 0.028125 0.04609375
0 0.1109375 0.590625 0.028125 0.03203125
0 0.77109375 0.590625 0.028125 0.028125
0 0.16875 0.59296875 0.03203125 0.04609375
0 0.38671875 0.59453125 0.0234375 0.01875
0 0.25234375 0.59453125 0.0234375 0.01875
0 0.82890625 0.59453125 0.03203125 0.05078125
0 0.365625 0.596875 0.0234375 0.03203125
0 0.321875 0.596875 0.0234375 0.04609375
0 0.73125 0.596875 0.0234375 0.03203125
0 0.85625 0.596875 0.028125 0.04609375
0 0.875 0.59921875 0.028125 0.03671875
0 0.46796875 0.59921875 0.01875 0.01875
0 0.34453125 0.6015625 0.0234375 0.03203125
0 0.9421875 0.6015625 0.03203125 0.04140625
0 0.53046875 0.6015625 0.028125 0.04140625
0 0.70625 0.60390625 0.028125 0.04140625
0 0.44453125 0.60859375 0.0234375 0.03203125
0 0.965625 0.61328125 0.028125 0.04140625
0 0.21328125 0.61328125 0.03671875 0.05078125
0 0.5578125 0.615625 0.01875 0.03203125
0 0.19453125 0.615625 0.01875 0.03203125
0 0.1828125 0.61796875 0.0234375 0.04609375
0 0.2546875 0.6203125 0.0234375 0.04140625
0 0.39140625 0.62265625 0.0234375 0.04140625
0 0.60859375 0.62265625 0.028125 0.05078125
0 0.99296875 0.62734375 0.0140625 0.06015625
0 0.77578125 0.62734375 0.028125 0.05078125
0 0.67109375 0.6296875 0.04140625 0.06015625
0 0.11796875 0.6390625 0.03203125 0.04140625
0 0.69921875 0.6390625 0.01875 0.03671875
0 0.01640625 0.64140625 0.03203125 0.05078125
0 0.80546875 0.64375 0.03671875 0.05078125
0 0.47421875 0.64375 0.04609375 0.06484375
0 0.08828125 0.65078125 0.0234375 0.0234375
0 0.240625 0.6640625 0.05078125 0.06015625
0 0.0625 0.66640625 0.03203125 0.05546875
0 0.44921875 0.67578125 0.028125 0.04609375
0 0.6390625 0.68046875 0.03203125 0.04140625
0 0.7359375 0.6828125 0.03203125 0.06015625
0 0.096875 0.69921875 0.04140625 0.05546875
0 0.43046875 0.70390625 0.05078125 0.06484375
0 0.51171875 0.70390625 0.03671875 0.05078125
0 0.01875 0.7109375 0.03671875 0.07421875
0 0.83359375 0.715625 0.04609375 0.08359375
0 0.91171875 0.71953125 0.05078125 0.08828125
0 0.55078125 0.7265625 0.03203125 0.05078125
0 0.24765625 0.7359375 0.05078125 0.06953125
0 0.94921875 0.7734375 0.03671875 0.06953125
0 0.70390625 0.846875 0.06953125 0.125
0 0.87734375 0.884375 0.08828125 0.1203125