0 0.4765625 0.37265625 0.0046875 0.0046875
0 0.5578125 0.3796875 0.009375 0.009375
0 0.41875 0.38203125 0.0046875 0.0046875
0 0.60390625 0.38203125 0.0046875 0.0046875
0 0.240625 0.38203125 0.0046875 0.0046875
0 0.62265625 0.38203125 0.0046875 0.0046875
0 0.43984375 0.384375 0.0046875 0.009375
0 0.70859375 0.384375 0.0046875 0.0046875
0 0.4234375 0.384375 0.0046875 0.0046875
0 0.4328125 0.384375 0.0046875 0.009375
0 0.490625 0.384375 0.0046875 0.009375
0 0.61796875 0.384375 0.0046875 0.009375
0 0.64609375 0.384375 0.0046875 0.009375
0 0.70625 0.384375 0.0046875 0.009375
0 0.5859375 0.38671875 0.0046875 0.0046875
0 0.35625 0.38671875 0.0046875 0.009375
0 0.52578125 0.38671875 0.0046875 0.0046875
0 0.53046875 0.38671875 0.0046875 0.009375
0 0.56953125 0.38671875 0.0046875 0.009375
0 0.57890625 0.38671875 0.0046875 0.009375
0 0.63671875 0.38671875 0.0046875 0.009375
0 0.6640625 0.38671875 0.0046875 0.0046875
0 0.715625 0.38671875 0.0046875 0.0046875
0 0.34921875 0.38671875 0.009375 0.0046875
0 0.36328125 0.38671875 0.0046875 0.0046875
0 0.38671875 0.38671875 0.0046875 0.0046875
0 0.68046875 0.38671875 0.0046875 0.0046875
0 0.7453125 0.38671875 0.0046875 0.0046875
0 0.34296875 0.38671875 0.0046875 0.009375
0 0.4765625 0.38671875 0.0046875 0.009375
0 0.60859375 0.38671875 0.0046875 0.0046875
0 0.65546875 0.38671875 0.0046875 0.0046875
0 0.68515625 0.38671875 0.0046875 0.009375
0 0.6296875 0.3890625 0.0046875 0.0046875
0 0.3359375 0.3890625 0.009375 0.009375
0 0.66875 0.3890625 0.0046875 0.009375
0 0.68984375 0.3890625 0.0046875 0.009375
0 0.21953125 0.3890625 0.009375 0.0140625
0 0.3515625 0.3890625 0.0046875 0.0046875
0 0.3984375 0.3890625 0.009375 0.009375
0 0.409375 0.3890625 0.009375 0.009375
0 0.41875 0.3890625 0.0046875 0.009375
0 0.465625 0.3890625 0.009375 0.009375
0 0.48359375 0.3890625 0.0046875 0.0046875
0 0.5046875 0.3890625 0.009375 0.009375
0 0.54140625 0.3890625 0.0046875 0.009375
0 0.55078125 0.3890625 0.009375 0.0140625
0 0.3703125 0.3890625 0.009375 0.009375
0 0.446875 0.3890625 0.0046875 0.009375
0 0.15078125 0.3890625 0.009375 0.009375
0 0.23828125 0.3890625 0.009375 0.0046875
0 0.375 0.3890625 0.009375 0.0140625
0 0.4953125 0.3890625 0.0046875 0.009375
0 0.51640625 0.3890625 0.0046875 0.0046875
0 0.28046875 0.39140625 0.009375 0.009375
0 0.29140625 0.39140625 0.009375 0.0140625
0 0.51171875 0.39140625 0.0046875 0.0046875
0 0.01171875 0.39140625 0.0140625 0.0140625
0 0.3890625 0.39140625 0.009375 0.009375
0 0.4234375 0.39140625 0.009375 0.009375
0 0.490625 0.39140625 0.0046875 0.009375
0 0.2734375 0.39140625 0.0046875 0.009375
0 0.43046875 0.39375 0.0046875 0.0046875
0 0.528125 0.39375 0.0046875 0.0046875
0 0.571875 0.39375 0.0046875 0.009375
0 0.26171875 0.39375 0.009375 0.009375
0 0.43984375 0.39375 0.0046875 0.0046875
0 0.1015625 0.39375 0.028125 0.0234375
0 0.1875 0.39375 0.0140625 0.0140625
0 0.3265625 0.39375 0.009375 0.0140625
0 0.4609375 0.39375 0.0046875 0.009375
0 0.6203125 0.39609375 0.009375 0.0140625
0 0.64609375 0.39609375 0.009375 0.0046875
0 0.5671875 0.39609375 0.009375 0.0140625
0 0.59453125 0.39609375 0.0046875 0.009375
0 0.6734375 0.39609375 0.009375 0.009375
0 0.69453125 0.39609375 0.009375 0.009375
0 0.071875 0.39609375 0.0140625 0.0140625
0 0.20859375 0.39609375 0.009375 0.009375
0 0.23828125 0.39609375 0.0046875 0.009375
0 0.31484375 0.39609375 0.009375 0.0140625
0 0.46953125 0.39609375 0.009375 0.009375
0 0.17578125 0.39609375 0.0140625 0.0140625
0 0.5765625 0.39609375 0.0046875 0.009375
0 0.60625 0.39609375 0.0046875 0.009375
0 0.76640625 0.39609375 0.009375 0.009375
0 0.51640625 0.3984375 0.0046875 0.0046875
0 0.65703125 0.3984375 0.009375 0.0046875
0 0.75703125 0.3984375 0.009375 0.0140625
0 0.34921875 0.3984375 0.009375 0.0140625
0 0.78046875 0.3984375 0.009375 0.0140625
0 0.4140625 0.3984375 0.009375 0.0140625
0 0.625 0.3984375 0.0046875 0.009375
0 0.63203125 0.3984375 0.009375 0.009375
0 0.821875 0.3984375 0.01875 0.01875
0 0.54609375 0.3984375 0.0046875 0.009375
0 0.15078125 0.40078125 0.0140625 0.0140625
0 0.36328125 0.40078125 0.009375 0.0140625
0 0.48359375 0.40078125 0.009375 0.009375
0 0.52578125 0.40078125 0.009375 0.0046875
0 0.03671875 0.40078125 0.0140625 0.0140625
0 0.68046875 0.40078125 0.009375 0.009375
0 0.23125 0.40078125 0.0140625 0.01875
0 0.50703125 0.40078125 0.0046875 0.009375
0 0.5390625 0.40078125 0.009375 0.0140625
0 0.1640625 0.403125 0.01875 0.0140625
0 0.45390625 0.403125 0.0140625 0.0140625
0 0.340625 0.403125 0.009375 0.0140625
0 0.4375 0.403125 0.009375 0.009375
0 0.70390625 0.403125 0.009375 0.0046875
0 0.428125 0.403125 0.009375 0.009375
0 0.64140625 0.403125 0.009375 0.009375
0 0.67109375 0.403125 0.009375 0.009375
0 0.5140625 0.40546875 0.009375 0.0046875
0 0.41171875 0.40546875 0.009375 0.009375
0 0.4765625 0.40546875 0.009375 0.0140625
0 0.6484375 0.40546875 0.009375 0.0046875
0 0.721875 0.40546875 0.0140625 0.0140625
0 0.32421875 0.40546875 0.009375 0.0140625
0 0.528125 0.40546875 0.009375 0.009375
0 0.49296875 0.40546875 0.009375 0.0140625
0 0.35390625 0.40703125 0.0140625 0.01875
0 0.55546875 0.40703125 0.0046875 0.0046875
0 0.3703125 0.40703125 0.009375 0.0140625
0 0.59296875 0.40703125 0.009375 0.009375
0 0.5671875 0.40703125 0.0140625 0.01875
0 0.58359375 0.40703125 0.0140625 0.0140625
0 0.384375 0.40703125 0.009375 0.0046875
0 0.625 0.40703125 0.009375 0.0140625
0 0.0765625 0.409375 0.0140625 0.009375
0 0.76875 0.409375 0.0140625 0.0140625
0 0.50234375 0.409375 0.0046875 0.0140625
0 0.6875 0.409375 0.009375 0.0140625
0 0.73828125 0.409375 0.009375 0.0140625
0 0.74765625 0.409375 0.009375 0.009375
0 0.215625 0.409375 0.0140625 0.01875
0 0.31484375 0.409375 0.0140625 0.0140625
0 0.66171875 0.409375 0.009375 0.0140625
0 0.678125 0.409375 0.009375 0.009375
0 0.2453125 0.409375 0.0140625 0.01875
0 0.7265625 0.409375 0.009375 0.009375
0 0.67109375 0.409375 0.009375 0.009375
0 0.70625 0.409375 0.009375 0.009375
0 0.3984375 0.41171875 0.009375 0.0140625
0 0.053125 0.41171875 0.0140625 0.01875
0 0.09921875 0.4140625 0.01875 0.03203125
0 0.1875 0.4140625 0.0234375 0.01875
0 0.0234375 0.4140625 0.0234375 0.0234375
0 0.8515625 0.4140625 0.0234375 0.0234375
0 0.26171875 0.4140625 0.009375 0.01875
0 0.61796875 0.41640625 0.0140625 0.0234375
0 0.125 0.41640625 0.01875 0.028125
0 0.553125 0.41640625 0.0140625 0.0140625
0 0.278125 0.41640625 0.01875 0.01875
0 0.82421875 0.41640625 0.01875 0.01875
0 0.48359375 0.41640625 0.0140625 0.0140625
0 0.1640625 0.41875 0.01875 0.0234375
0 0.71796875 0.41875 0.009375 0.0140625
0 0.009375 0.42109375 0.01875 0.03671875
0 0.465625 0.41875 0.0140625 0.0234375
0 0.740625 0.41875 0.0140625 0.0140625
0 0.41171875 0.41875 0.0140625 0.01875
0 0.90546875 0.41875 0.028125 0.0234375
0 0.65078125 0.41875 0.0140625 0.01875
0 0.76171875 0.42109375 0.0140625 0.0140625
0 0.6828125 0.42109375 0.0140625 0.009375
0 0.30078125 0.4234375 0.0234375 0.028125
0 0.50234375 0.4234375 0.009375 0.0140625
0 0.60859375 0.4234375 0.0140625 0.0140625
0 0.07421875 0.4234375 0.01875 0.0140625
0 0.38203125 0.4234375 0.0140625 0.01875
0 0.696875 0.42578125 0.009375 0.0140625
0 0.47421875 0.42578125 0.009375 0.0234375
0 0.9421875 0.42578125 0.028125 0.028125
0 0.58359375 0.42578125 0.01875 0.01875
0 0.63671875 0.42578125 0.0140625 0.0140625
0 0.528125 0.428125 0.0140625 0.01875
0 0.70859375 0.428125 0.0140625 0.01875
0 0.553125 0.43046875 0.0140625 0.01875
0 0.19921875 0.4328125 0.03203125 0.028125
0 0.403125 0.4328125 0.01875 0.0234375
0 0.75703125 0.4328125 0.0140625 0.01875
0 0.8515625 0.43515625 0.01875 0.0234375
0 0.678125 0.43515625 0.0140625 0.01875
0 0.5140625 0.43515625 0.0140625 0.01875
0 0.56484375 0.43515625 0.01875 0.028125
0 0.72890625 0.4375 0.0140625 0.0140625
0 0.23359375 0.43984375 0.0140625 0.0140625
0 0.04609375 0.4421875 0.0234375 0.028125
0 0.6875 0.4421875 0.0140625 0.0140625
0 0.37265625 0.4421875 0.0140625 0.01875
0 0.24765625 0.4421875 0.01875 0.0234375
0 0.92109375 0.44453125 0.028125 0.03203125
0 0.16875 0.44453125 0.028125 0.0234375
0 0.4953125 0.44921875 0.0234375 0.03671875
0 0.215625 0.44921875 0.028125 0.0234375
0 0.73359375 0.44921875 0.01875 0.01875
0 0.596875 0.44921875 0.01875 0.03671875
0 0.95625 0.4515625 0.03671875 0.04140625
0 0.659375 0.4515625 0.0234375 0.03203125
0 0.70390625 0.4515625 0.0234375 0.028125
0 0.81015625 0.4515625 0.028125 0.03203125
0 0.54609375 0.4515625 0.0234375 0.03203125
0 0.3890625 0.45390625 0.0234375 0.03203125
0 0.0859375 0.45625 0.028125 0.04609375
0 0.88671875 0.45625 0.028125 0.028125
0 0.465625 0.45859375 0.028125 0.03671875
0 0.73828125 0.465625 0.0234375 0.0234375
0 0.61796875 0.46796875 0.01875 0.03203125
0 0.22890625 0.471875 0.028125 0.03671875
0 0.63671875 0.471875 0.03203125 0.04140625
0 0.77109375 0.48828125 0.028125 0.03203125
0 0.40703125 0.49296875 0.03203125 0.03671875
0 0.26875 0.49296875 0.04140625 0.05546875
0 0.5625 0.49765625 0.028125 0.03671875
0 0.18984375 0.5 0.05078125 0.06484375
0 0.73359375 0.5 0.028125 0.04140625
0 0.07890625 0.50234375 0.04140625 0.05078125
0 0.81015625 0.51171875 0.03671875 0.05078125
0 0.909375 0.52109375 0.04140625 0.05078125
0 0.76640625 0.52578125 0.03203125 0.04140625
0 0.40703125 0.54140625 0.04140625 0.05078125
0 0.70390625 0.590625 0.05078125 0.08828125
0 0.04609375 0.590625 0.07421875 0.07421875
0 0.534375 0.60390625 0.04609375 0.07421875
0 0.0140625 0.64375 0.028125 0.07421875
0 0.91640625 0.64609375 0.06484375 0.096875
0 0.5859375 0.6734375 0.06484375 0.096875
0 0.4140625 0.6875 0.05078125 0.096875