0 0.5140625 0.534375 0.009375 0.009375
0 0.5390625 0.534375 0.009375 0.009375
0 0.4375 0.53671875 0.0046875 0.0046875
0 0.4953125 0.53671875 0.009375 0.0140625
0 0.46796875 0.5390625 0.0046875 0.009375
0 0.16875 0.5390625 0.009375 0.0140625
0 0.37734375 0.5390625 0.009375 0.0140625
0 0.39140625 0.5390625 0.009375 0.0140625
0 0.403125 0.5390625 0.009375 0.01875
0 0.428125 0.5390625 0.009375 0.01875
0 0.259375 0.54140625 0.009375 0.0140625
0 0.31953125 0.54375 0.0046875 0.009375
0 0.32890625 0.54375 0.009375 0.009375
0 0.36796875 0.54375 0.0046875 0.01875
0 0.0484375 0.54375 0.009375 0.01875
0 0.178125 0.54375 0.0140625 0.028125
0 0.20625 0.54375 0.0140625 0.01875
0 0.21953125 0.54609375 0.009375 0.01875
0 0.35625 0.54609375 0.009375 0.0140625
0 0.24296875 0.54609375 0.009375 0.028125
0 0.15703125 0.5484375 0.01875 0.01875
0 0.0140625 0.5484375 0.0140625 0.0140625
0 0.26640625 0.5484375 0.0140625 0.0234375
0 0.57421875 0.5484375 0.0140625 0.0234375
0 0.78671875 0.5484375 0.0140625 0.0234375
0 0.23125 0.55078125 0.0140625 0.01875
0 0.6203125 0.55078125 0.01875 0.028125
0 0.00703125 0.55078125 0.0140625 0.028125
0 0.81015625 0.55078125 0.0234375 0.01875
0 0.52109375 0.553125 0.009375 0.0140625
0 0.3078125 0.553125 0.0140625 0.03203125
0 0.66171875 0.553125 0.0140625 0.01875
0 0.28671875 0.55546875 0.0140625 0.01875
0 0.3265625 0.55546875 0.009375 0.009375
0 0.39609375 0.55546875 0.01875 0.03203125
0 0.1390625 0.55546875 0.0140625 0.028125
0 0.56015625 0.55546875 0.009375 0.0140625
0 0.37734375 0.5578125 0.009375 0.0140625
0 0.73125 0.5578125 0.0140625 0.028125
0 0.446875 0.5578125 0.009375 0.01875
0 0.10859375 0.5578125 0.0234375 0.03671875
0 0.7734375 0.56015625 0.01875 0.028125
0 0.2109375 0.56015625 0.0140625 0.01875
0 0.0765625 0.5625 0.0140625 0.028125
0 0.25703125 0.5625 0.0140625 0.028125
0 0.74765625 0.56484375 0.0140625 0.028125
0 0.79609375 0.56484375 0.01875 0.028125
0 0.03203125 0.56484375 0.0140625 0.01875
0 0.715625 0.56484375 0.01875 0.028125
0 0.45859375 0.56484375 0.009375 0.0234375
0 0.090625 0.5671875 0.01875 0.03203125
0 0.27109375 0.56953125 0.009375 0.0234375
0 0.63671875 0.56953125 0.01875 0.028125
0 0.84296875 0.56953125 0.028125 0.03671875
0 0.5484375 0.56953125 0.0140625 0.01875
0 0.35390625 0.571875 0.0140625 0.0140625
0 0.59921875 0.571875 0.0140625 0.028125
0 0.8078125 0.57421875 0.028125 0.03203125
0 0.4140625 0.57421875 0.01875 0.03203125
0 0.6875 0.57421875 0.0140625 0.028125
0 0.67109375 0.5765625 0.01875 0.01875
0 0.58125 0.57890625 0.009375 0.01875
0 0.33359375 0.58125 0.0140625 0.0234375
0 0.384375 0.58125 0.0140625 0.028125
0 0.528125 0.58125 0.01875 0.028125
0 0.5 0.58828125 0.028125 0.05078125
0 0.2109375 0.58828125 0.01875 0.03671875
0 0.3703125 0.58828125 0.01875 0.028125
0 0.56015625 0.590625 0.01875 0.0234375
0 0.61796875 0.59296875 0.01875 0.03203125
0 0.16640625 0.59453125 0.028125 0.04609375
0 0.2359375 0.59453125 0.028125 0.028125
0 0.346875 0.596875 0.01875 0.03671875
0 0.64609375 0.59921875 0.0140625 0.028125
0 0.278125 0.59921875 0.028125 0.03671875
0 0.72890625 0.6015625 0.028125 0.04140625
0 0.88671875 0.6015625 0.0140625 0.03203125
0 0.865625 0.60390625 0.028125 0.05546875
0 0.58125 0.60859375 0.01875 0.03671875
0 0.66640625 0.60859375 0.01875 0.028125
0 0.11796875 0.6109375 0.04140625 0.05078125
0 0.4421875 0.61328125 0.028125 0.04609375
0 0.0234375 0.61328125 0.04609375 0.06015625
0 0.31953125 0.61328125 0.028125 0.03671875
0 0.54375 0.61796875 0.028125 0.04609375
0 0.30078125 0.6203125 0.0140625 0.028125
0 0.81953125 0.6296875 0.04140625 0.06015625
0 0.071875 0.63203125 0.05078125 0.09296875
0 0.61328125 0.63671875 0.03671875 0.06015625
0 0.27578125 0.64140625 0.028125 0.04140625
0 0.653125 0.653125 0.03671875 0.05546875
0 0.70625 0.65546875 0.04140625 0.06484375
0 0.2359375 0.66171875 0.04609375 0.07421875
0 0.90078125 0.66171875 0.03671875 0.07421875
0 0.9328125 0.66875 0.04140625 0.08828125
0 0.46953125 0.6734375 0.04140625 0.06484375
0 0.85390625 0.6734375 0.028125 0.04609375
0 0.38671875 0.68046875 0.05546875 0.09296875
0 0.58125 0.7015625 0.04140625 0.06484375
0 0.95859375 0.7015625 0.05546875 0.08359375
0 0.64140625 0.70625 0.03671875 0.06484375
0 0.1296875 0.7453125 0.05078125 0.07890625
0 0.30546875 0.7640625 0.07890625 0.16171875
0 0.865625 0.846875 0.1109375 0.18515625
0 0.590625 0.86328125 0.08359375 0.1390625
0 0.340625 0.95625 0.15703125 0.08359375