0 0.82421875 0.15078125 0.0140625 0.03203125
0 0.83828125 0.15078125 0.01875 0.04609375
0 0.8171875 0.153125 0.0140625 0.03203125
0 0.8078125 0.16875 0.01875 0.03203125
0 0.63203125 0.21953125 0.0140625 0.03671875
0 0.69453125 0.22890625 0.01875 0.03203125
0 0.62265625 0.23125 0.009375 0.0234375
0 0.66171875 0.23125 0.0140625 0.0234375
0 0.61328125 0.2359375 0.009375 0.03203125
0 0.875 0.240625 0.01875 0.03671875
0 0.59921875 0.2453125 0.01875 0.03671875
0 0.8359375 0.24765625 0.01875 0.03203125
0 0.821875 0.25234375 0.01875 0.03203125
0 0.93984375 0.25703125 0.01875 0.03671875
0 0.90703125 0.25703125 0.0140625 0.03203125
0 0.96328125 0.26171875 0.01875 0.03671875
0 0.80546875 0.2640625 0.0140625 0.0234375
0 0.6203125 0.3265625 0.01875 0.03203125
0 0.71796875 0.32890625 0.01875 0.04140625
0 0.07421875 0.32890625 0.0140625 0.0234375
0 0.64609375 0.33125 0.0140625 0.028125
0 0.60390625 0.33359375 0.0140625 0.03203125
0 0.6734375 0.33359375 0.0140625 0.03203125
0 0.596875 0.3359375 0.009375 0.028125
0 0.5765625 0.340625 0.01875 0.0234375
0 0.09921875 0.340625 0.0140625 0.028125
0 0.12734375 0.346875 0.0140625 0.028125
0 0.58828125 0.346875 0.0140625 0.03203125
0 0.70390625 0.34921875 0.0234375 0.03671875
0 0.56015625 0.34921875 0.0140625 0.03671875
0 0.659375 0.35390625 0.01875 0.028125
0 0.571875 0.35390625 0.009375 0.028125
0 0.553125 0.37734375 0.0140625 0.028125
0 0.615625 0.40703125 0.01875 0.04140625
0 0.6390625 0.4140625 0.01875 0.03203125
0 0.71796875 0.41875 0.01875 0.028125
0 0.67109375 0.4234375 0.01875 0.03203125
0 0.11796875 0.42578125 0.0140625 0.028125
0 0.98359375 0.4328125 0.0234375 0.04140625
0 0.28203125 0.52109375 0.0140625 0.03671875
0 0.20859375 0.53046875 0.0140625 0.03671875
0 0.26640625 0.5390625 0.01875 0.03203125
0 0.153125 0.54140625 0.009375 0.01875
0 0.16171875 0.55546875 0.0140625 0.028125
0 0.10390625 0.5578125 0.0140625 0.028125
0 0.92578125 0.56484375 0.028125 0.028125
0 0.23125 0.56484375 0.0140625 0.03203125
0 0.2453125 0.5671875 0.0140625 0.028125
0 0.1828125 0.571875 0.0140625 0.028125
0 0.92578125 0.590625 0.0234375 0.04140625
0 0.90703125 0.60859375 0.0234375 0.04140625
0 0.99296875 0.615625 0.0140625 0.03203125
0 0.1109375 0.615625 0.0140625 0.028125
0 0.028125 0.61796875 0.0234375 0.04140625
0 0.18515625 0.61796875 0.01875 0.028125
0 0.06015625 0.61796875 0.0234375 0.03671875
0 0.07421875 0.6203125 0.0140625 0.03671875
0 0.56953125 0.62265625 0.01875 0.028125
0 0.00703125 0.62265625 0.0140625 0.05546875
0 0.15703125 0.625 0.01875 0.03203125
0 0.8609375 0.625 0.01875 0.0234375
0 0.47890625 0.625 0.01875 0.03671875
0 0.09921875 0.6296875 0.01875 0.03671875
0 0.14140625 0.6296875 0.01875 0.03203125
0 0.26640625 0.6296875 0.01875 0.03671875
0 0.34453125 0.6296875 0.0140625 0.03671875
0 0.04609375 0.6296875 0.01875 0.03671875
0 0.52109375 0.6296875 0.01875 0.04140625
0 0.19453125 0.63203125 0.0140625 0.03671875
0 0.97890625 0.634375 0.01875 0.04140625
0 0.2265625 0.634375 0.01875 0.03671875
0 0.4375 0.63671875 0.01875 0.05078125
0 0.12734375 0.63671875 0.01875 0.03203125
0 0.20859375 0.6390625 0.01875 0.028125
0 0.18046875 0.64375 0.0140625 0.03203125
0 0.30546875 0.64375 0.0140625 0.03671875
0 0.41875 0.64609375 0.01875 0.03671875
0 0.50234375 0.6484375 0.0234375 0.05078125
0 0.31484375 0.65078125 0.0140625 0.03203125
0 0.240625 0.65078125 0.01875 0.03203125
0 0.62734375 0.653125 0.01875 0.06953125
0 0.3609375 0.653125 0.0140625 0.03671875
0 0.384375 0.65546875 0.0140625 0.04140625
0 0.5859375 0.65546875 0.0234375 0.05078125
0 0.81015625 0.65546875 0.0234375 0.06015625
0 0.41171875 0.65703125 0.0140625 0.03671875
0 0.45859375 0.65703125 0.0234375 0.05546875
0 0.39609375 0.659375 0.028125 0.05078125
0 0.78046875 0.659375 0.01875 0.0234375
0 0.56953125 0.659375 0.01875 0.04609375
0 0.60859375 0.66171875 0.0234375 0.04140625
0 0.53671875 0.66875 0.0234375 0.03671875
0 0.65078125 0.67109375 0.01875 0.05546875
0 0.66875 0.67109375 0.0140625 0.04609375
0 0.715625 0.6734375 0.0234375 0.06015625
0 0.73359375 0.6734375 0.01875 0.05078125
0 0.83125 0.6734375 0.0234375 0.06484375
0 0.68984375 0.6734375 0.01875 0.04140625
0 0.759375 0.67578125 0.01875 0.04609375
0 0.74765625 0.678125 0.01875 0.05546875
0 0.95390625 0.6828125 0.04609375 0.096875
0 0.88671875 0.68515625 0.028125 0.05546875
0 0.86328125 0.68515625 0.04140625 0.07421875
0 0.91875 0.6875 0.03671875 0.07421875
0 0.78671875 0.696875 0.01875 0.05546875
0 0.76640625 0.7109375 0.01875 0.04609375
0 0.26171875 0.7453125 0.0234375 0.03671875
0 0.29375 0.75 0.0234375 0.04140625
0 0.3609375 0.75234375 0.0234375 0.04140625
0 0.06484375 0.7546875 0.0234375 0.03203125
0 0.10390625 0.75703125 0.0140625 0.028125
0 0.08125 0.75703125 0.01875 0.03203125
0 0.14140625 0.759375 0.0234375 0.03203125
0 0.02578125 0.76171875 0.0234375 0.028125
0 0.27109375 0.76875 0.0234375 0.01875
0 0.05078125 0.7734375 0.0234375 0.03671875
0 0.215625 0.77578125 0.01875 0.01875
0 0.18046875 0.77578125 0.0140625 0.0234375
0 0.11796875 0.778125 0.01875 0.03203125
0 0.24296875 0.778125 0.0234375 0.0234375
0 0.19921875 0.78203125 0.01875 0.028125
0 0.15078125 0.78671875 0.01875 0.03671875
0 0.26875 0.78671875 0.0234375 0.028125
0 0.45390625 0.7890625 0.028125 0.04609375
0 0.32890625 0.79609375 0.028125 0.03671875
0 0.24765625 0.7984375 0.01875 0.0234375
0 0.36796875 0.7984375 0.0234375 0.03203125
0 0.62265625 0.7984375 0.03203125 0.05078125
0 0.06015625 0.80078125 0.03671875 0.04140625
0 0.534375 0.803125 0.0234375 0.0234375
0 0.1875 0.803125 0.0140625 0.03203125
0 0.39609375 0.803125 0.0234375 0.0234375
0 0.00703125 0.8078125 0.0140625 0.03671875
0 0.1015625 0.81015625 0.0234375 0.04140625
0 0.2640625 0.81015625 0.028125 0.01875
0 0.215625 0.81015625 0.01875 0.01875
0 0.03671875 0.81015625 0.01875 0.03203125
0 0.16640625 0.8125 0.01875 0.04609375
0 0.221875 0.8125 0.01875 0.03671875
0 0.4234375 0.81484375 0.0234375 0.03203125
0 0.2015625 0.81484375 0.0234375 0.028125
0 0.465625 0.81484375 0.01875 0.01875
0 0.29609375 0.81953125 0.028125 0.04140625
0 0.13203125 0.821875 0.03203125 0.06015625
0 0.54375 0.82890625 0.028125 0.03203125
0 0.08359375 0.82890625 0.028125 0.03671875
0 0.50703125 0.82890625 0.0234375 0.05546875
0 0.57890625 0.83125 0.028125 0.05546875
0 0.2546875 0.83125 0.03203125 0.03203125
0 0.03203125 0.83125 0.03671875 0.03203125
0 0.384375 0.8359375 0.03671875 0.03671875
0 0.15078125 0.8359375 0.03203125 0.0140625
0 0.35625 0.8359375 0.03203125 0.01875
0 0.446875 0.8359375 0.028125 0.028125
0 0.31953125 0.83828125 0.0234375 0.028125
0 0.7109375 0.84296875 0.04140625 0.07890625
0 0.4140625 0.84296875 0.028125 0.04140625
0 0.10859375 0.84453125 0.03671875 0.04140625
0 0.68046875 0.846875 0.03671875 0.06953125
0 0.53203125 0.84921875 0.03671875 0.05078125
0 0.06015625 0.84921875 0.03203125 0.04609375
0 0.30546875 0.8515625 0.028125 0.05078125
0 0.1921875 0.8515625 0.0234375 0.04609375
0 0.48359375 0.85625 0.03203125 0.05078125
0 0.2734375 0.85859375 0.03203125 0.04609375
0 0.2265625 0.865625 0.01875 0.0234375
0 0.43515625 0.865625 0.01875 0.03203125
0 0.76875 0.8703125 0.03203125 0.06484375
0 0.51171875 0.87265625 0.04140625 0.04140625
0 0.4234375 0.87265625 0.03671875 0.028125
0 0.38671875 0.875 0.03203125 0.03203125
0 0.159375 0.875 0.03203125 0.06484375
0 0.096875 0.87734375 0.03671875 0.06015625
0 0.07890625 0.87734375 0.028125 0.04140625
0 0.35390625 0.8796875 0.028125 0.05078125
0 0.01875 0.88203125 0.03671875 0.06484375
0 0.45390625 0.88203125 0.03203125 0.05546875
0 0.615625 0.89140625 0.03671875 0.03671875
0 0.2109375 0.89140625 0.03203125 0.03203125
0 0.259375 0.89609375 0.04140625 0.028125
0 0.30078125 0.89609375 0.01875 0.04140625
0 0.590625 0.8984375 0.01875 0.01875
0 0.5671875 0.90078125 0.03671875 0.05078125
0 0.32421875 0.90546875 0.03203125 0.05546875
0 0.634375 0.90703125 0.04609375 0.05078125
0 0.3890625 0.9140625 0.03203125 0.05546875
0 0.42109375 0.92109375 0.028125 0.04609375
0 0.49296875 0.9234375 0.03203125 0.06484375
0 0.28046875 0.92578125 0.0234375 0.04140625
0 0.321875 0.928125 0.04140625 0.028125
0 0.721875 0.93046875 0.04140625 0.05546875
0 0.35390625 0.93046875 0.028125 0.04140625
0 0.20859375 0.9328125 0.03671875 0.04609375
0 0.4609375 0.9328125 0.05546875 0.05546875
0 0.51171875 0.9328125 0.03203125 0.07890625
0 0.12734375 0.93515625 0.06015625 0.06484375
0 0.63203125 0.9375 0.03671875 0.04140625
0 0.66171875 0.93984375 0.04140625 0.04140625
0 0.2453125 0.946875 0.04140625 0.05546875
0 0.534375 0.94921875 0.03203125 0.04140625
0 0.0671875 0.9515625 0.04140625 0.09296875
0 0.34453125 0.95390625 0.028125 0.03203125
0 0.58359375 0.95390625 0.03671875 0.07890625
0 0.8078125 0.95859375 0.028125 0.06484375
0 0.028125 0.9609375 0.05078125 0.07421875
0 0.303125 0.965625 0.05078125 0.04140625
0 0.76640625 0.971875 0.04140625 0.05546875
0 0.19453125 0.971875 0.06015625 0.05546875
0 0.70625 0.97421875 0.04609375 0.05078125
0 0.2640625 0.9765625 0.04140625 0.04609375
0 0.86328125 0.9765625 0.06015625 0.04140625
0 0.6484375 0.97890625 0.05546875 0.04140625
0 0.3703125 0.97890625 0.06484375 0.03203125
0 0.55078125 0.97890625 0.05546875 0.03203125
0 0.42578125 0.98125 0.03671875 0.03203125
0 0.47890625 0.98359375 0.07421875 0.03203125
0 0.3125 0.9859375 0.05078125 0.0234375
0 0.86328125 0.134375 0.0140625 0.03671875