0 0.52109375 0.11328125 0.009375 0.0140625
0 0.5046875 0.1203125 0.009375 0.0140625
0 0.69453125 0.12265625 0.009375 0.0140625
0 0.7015625 0.12265625 0.0046875 0.0140625
0 0.75234375 0.125 0.009375 0.0140625
0 0.58359375 0.125 0.009375 0.0140625
0 0.4234375 0.125 0.009375 0.009375
0 0.76640625 0.12734375 0.009375 0.009375
0 0.5140625 0.1296875 0.009375 0.0140625
0 0.625 0.1296875 0.0140625 0.009375
0 0.40546875 0.1296875 0.009375 0.009375
0 0.6640625 0.1296875 0.009375 0.009375
0 0.74296875 0.1296875 0.009375 0.009375
0 0.56953125 0.1296875 0.0046875 0.009375
0 0.778125 0.13203125 0.009375 0.0140625
0 0.596875 0.13203125 0.0140625 0.009375
0 0.09921875 0.13203125 0.0140625 0.0140625
0 0.60859375 0.13203125 0.009375 0.0140625
0 0.759375 0.13203125 0.009375 0.0140625
0 0.7359375 0.134375 0.009375 0.01875
0 0.6734375 0.134375 0.009375 0.01875
0 0.52578125 0.134375 0.0140625 0.01875
0 0.7890625 0.13671875 0.009375 0.0140625
0 0.0859375 0.13671875 0.0140625 0.0140625
0 0.20625 0.13671875 0.009375 0.0046875
0 0.35859375 0.13671875 0.009375 0.0140625
0 0.6203125 0.13671875 0.009375 0.0140625
0 0.7546875 0.13671875 0.009375 0.01875
0 0.40078125 0.1390625 0.0046875 0.0046875
0 0.571875 0.1390625 0.009375 0.0140625
0 0.58359375 0.1390625 0.009375 0.0140625
0 0.70625 0.1390625 0.0140625 0.0140625
0 0.32890625 0.1390625 0.009375 0.0140625
0 0.6484375 0.14140625 0.009375 0.0140625
0 0.71796875 0.14140625 0.0140625 0.01875
0 0.2359375 0.14140625 0.009375 0.01875
0 0.134375 0.14140625 0.0140625 0.0140625
0 0.20625 0.14140625 0.0140625 0.009375
0 0.409375 0.14140625 0.0046875 0.0046875
0 0.43984375 0.14140625 0.0140625 0.01875
0 0.6875 0.14140625 0.0140625 0.0140625
0 0.6015625 0.14140625 0.009375 0.0140625
0 0.7734375 0.14375 0.009375 0.0140625
0 0.81484375 0.14375 0.009375 0.0140625
0 0.16640625 0.14375 0.009375 0.0140625
0 0.37734375 0.14375 0.0140625 0.01875
0 0.3984375 0.14375 0.009375 0.0046875
0 0.15703125 0.14375 0.009375 0.0140625
0 0.0140625 0.14609375 0.01875 0.01875
0 0.39140625 0.14609375 0.0140625 0.009375
0 0.18984375 0.1484375 0.0140625 0.0140625
0 0.14609375 0.1484375 0.009375 0.01875
0 0.43046875 0.1484375 0.009375 0.0140625
0 0.5859375 0.1484375 0.009375 0.0140625
0 0.6484375 0.15078125 0.009375 0.01875
0 0.73359375 0.15078125 0.0140625 0.01875
0 0.79609375 0.153125 0.009375 0.009375
0 0.42109375 0.153125 0.0140625 0.01875
0 0.11328125 0.153125 0.0140625 0.009375
0 0.17578125 0.153125 0.009375 0.0140625
0 0.2015625 0.153125 0.0140625 0.0140625
0 0.34453125 0.15546875 0.0234375 0.028125
0 0.06484375 0.15546875 0.01875 0.0234375
0 0.36328125 0.15546875 0.0140625 0.0234375
0 0.22421875 0.15546875 0.009375 0.0140625
0 0.07890625 0.15703125 0.0140625 0.01875
0 0.12734375 0.15703125 0.0140625 0.01875
0 0.840625 0.15703125 0.009375 0.01875
0 0.721875 0.15703125 0.0140625 0.01875
0 0.75703125 0.15703125 0.01875 0.01875
0 0.09453125 0.15703125 0.0140625 0.01875
0 0.3125 0.15703125 0.0140625 0.01875
0 0.65703125 0.159375 0.009375 0.0140625
0 0.80546875 0.159375 0.01875 0.01875
0 0.40546875 0.159375 0.0140625 0.01875
0 0.821875 0.159375 0.0140625 0.01875
0 0.2890625 0.159375 0.0140625 0.0234375
0 0.61328125 0.16171875 0.0140625 0.0234375
0 0.32421875 0.16171875 0.0140625 0.0140625
0 0.43046875 0.16171875 0.0140625 0.0140625
0 0.38671875 0.1640625 0.01875 0.01875
0 0.6390625 0.1640625 0.009375 0.028125
0 0.01875 0.1640625 0.01875 0.0234375
0 0.159375 0.16640625 0.0140625 0.01875
0 0.20625 0.16875 0.0140625 0.0140625
0 0.49765625 0.16875 0.0140625 0.01875
0 0.653125 0.17109375 0.0140625 0.01875
0 0.7109375 0.17109375 0.0140625 0.0140625
0 0.69453125 0.1734375 0.0140625 0.0140625
0 0.85390625 0.1734375 0.0234375 0.0234375
0 0.46953125 0.17578125 0.01875 0.0234375
0 0.1296875 0.17578125 0.0140625 0.01875
0 0.4421875 0.17578125 0.0140625 0.0140625
0 0.45390625 0.178125 0.01875 0.01875
0 0.759375 0.178125 0.0140625 0.01875
0 0.4234375 0.178125 0.0140625 0.01875
0 0.71953125 0.178125 0.01875 0.01875
0 0.82421875 0.18046875 0.01875 0.0234375
0 0.375 0.1828125 0.0140625 0.0234375
0 0.178125 0.18515625 0.01875 0.01875
0 0.340625 0.1875 0.01875 0.028125
0 0.40546875 0.1875 0.0234375 0.0234375
0 0.125 0.18984375 0.01875 0.0140625
0 0.25 0.18984375 0.0140625 0.0140625
0 0.70390625 0.18984375 0.01875 0.01875
0 0.2109375 0.1921875 0.01875 0.0234375
0 0.3609375 0.1921875 0.01875 0.0234375
0 0.51171875 0.1921875 0.01875 0.0234375
0 0.33359375 0.1921875 0.01875 0.0234375
0 0.31953125 0.19453125 0.0140625 0.0234375
0 0.4375 0.196875 0.01875 0.028125
0 0.38203125 0.19921875 0.01875 0.01875
0 0.65703125 0.19921875 0.0234375 0.03203125
0 0.41875 0.19921875 0.01875 0.028125
0 0.74765625 0.20390625 0.01875 0.0234375
0 0.1875 0.20390625 0.0140625 0.01875
0 0.73359375 0.20390625 0.01875 0.0234375
0 0.4515625 0.20390625 0.0140625 0.01875
0 0.67578125 0.20390625 0.0234375 0.03203125
0 0.06953125 0.20625 0.009375 0.01875
0 0.23125 0.20625 0.0140625 0.01875
0 0.25 0.20625 0.01875 0.0140625
0 0.85625 0.20625 0.028125 0.03671875
0 0.990625 0.21328125 0.01875 0.0234375
0 0.59453125 0.21328125 0.01875 0.028125
0 0.89140625 0.215625 0.03671875 0.04609375
0 0.13203125 0.21796875 0.0234375 0.028125
0 0.5578125 0.21796875 0.01875 0.028125
0 0.2015625 0.21796875 0.01875 0.01875
0 0.0234375 0.21796875 0.01875 0.028125
0 0.0046875 0.21953125 0.009375 0.0234375
0 0.34296875 0.21953125 0.01875 0.028125
0 0.07890625 0.21953125 0.01875 0.028125
0 0.8078125 0.221875 0.028125 0.028125
0 0.2359375 0.221875 0.0140625 0.01875
0 0.09921875 0.22421875 0.028125 0.03203125
0 0.6390625 0.22421875 0.028125 0.028125
0 0.7546875 0.22421875 0.0234375 0.028125
0 0.5140625 0.2265625 0.028125 0.03203125
0 0.8359375 0.2265625 0.0234375 0.028125
0 0.06015625 0.2265625 0.01875 0.028125
0 0.44453125 0.22890625 0.01875 0.01875
0 0.36328125 0.22890625 0.01875 0.0234375
0 0.9859375 0.2359375 0.01875 0.028125
0 0.28671875 0.23359375 0.0234375 0.03671875
0 0.58125 0.23359375 0.01875 0.03203125
0 0.784375 0.2359375 0.0234375 0.028125
0 0.215625 0.2359375 0.01875 0.0234375
0 0.6875 0.2359375 0.01875 0.0140625
0 0.034375 0.2359375 0.01875 0.01875
0 0.18984375 0.2359375 0.0234375 0.0234375
0 0.6296875 0.23828125 0.01875 0.01875
0 0.259375 0.240625 0.0234375 0.03203125
0 0.15546875 0.24296875 0.0234375 0.03671875
0 0.12265625 0.2453125 0.0140625 0.028125
0 0.31015625 0.25 0.028125 0.04609375
0 0.06484375 0.2546875 0.0234375 0.03203125
0 0.49296875 0.25703125 0.028125 0.04140625
0 0.67109375 0.26171875 0.0234375 0.0234375
0 0.4375 0.26171875 0.0234375 0.03671875
0 0.72890625 0.26171875 0.03203125 0.05078125
0 0.028125 0.26875 0.03203125 0.03671875
0 0.0765625 0.26875 0.0234375 0.04609375
0 0.346875 0.27109375 0.0234375 0.03203125
0 0.70625 0.27109375 0.03203125 0.04609375
0 0.00703125 0.2734375 0.0140625 0.04140625
0 0.59453125 0.2734375 0.028125 0.04140625
0 0.9765625 0.27578125 0.03671875 0.05546875
0 0.21328125 0.28046875 0.028125 0.04140625
0 0.8125 0.28046875 0.04609375 0.05546875
0 0.76875 0.28046875 0.04140625 0.05078125
0 0.178125 0.28203125 0.03203125 0.04609375
0 0.6203125 0.28203125 0.03203125 0.06484375
0 0.903125 0.28203125 0.03203125 0.04609375
0 0.10625 0.28203125 0.028125 0.05078125
0 0.65078125 0.29140625 0.028125 0.05078125
0 0.8703125 0.2984375 0.04140625 0.06484375
0 0.51875 0.30078125 0.03203125 0.04140625
0 0.57890625 0.3078125 0.04609375 0.06953125
0 0.55078125 0.3125 0.03203125 0.05078125
0 0.6921875 0.3125 0.04140625 0.04609375
0 0.98125 0.3265625 0.03671875 0.05078125
0 0.48125 0.33125 0.03671875 0.04140625
0 0.41640625 0.33125 0.06015625 0.06953125
0 0.80078125 0.340625 0.03671875 0.06015625
0 0.01875 0.34453125 0.03671875 0.06015625
0 0.8359375 0.35859375 0.04609375 0.06953125
0 0.30078125 0.36328125 0.03671875 0.04609375
0 0.76171875 0.36328125 0.04609375 0.06015625
0 0.66171875 0.37265625 0.04609375 0.06484375
0 0.86796875 0.37734375 0.03203125 0.04609375
0 0.2015625 0.3796875 0.07421875 0.06484375
0 0.60859375 0.3796875 0.05078125 0.06484375
0 0.48828125 0.38671875 0.03671875 0.06484375
0 0.1296875 0.39140625 0.05546875 0.07421875
0 0.9765625 0.40078125 0.03671875 0.06953125
0 0.26875 0.40078125 0.05546875 0.08828125
0 0.5140625 0.41171875 0.04609375 0.06015625
0 0.75703125 0.4421875 0.06484375 0.08828125
0 0.58125 0.44453125 0.05546875 0.07421875
0 0.88671875 0.4609375 0.06015625 0.07890625
0 0.9859375 0.46328125 0.028125 0.09296875
0 0.303125 0.46328125 0.05546875 0.08828125
0 0.66875 0.4859375 0.07421875 0.1015625
0 0.21953125 0.49765625 0.07421875 0.10625
0 0.5390625 0.509375 0.06484375 0.09296875
0 0.36796875 0.553125 0.05546875 0.08828125
0 0.85625 0.58125 0.07421875 0.1109375
0 0.76171875 0.5859375 0.07421875 0.1015625
0 0.0578125 0.60625 0.06953125 0.096875