0 0.66875 0.11796875 0.04140625 0.07890625
0 0.63671875 0.12265625 0.04140625 0.07421875
0 0.115625 0.12265625 0.04140625 0.06953125
0 0.45859375 0.12734375 0.05078125 0.06953125
0 0.5390625 0.1390625 0.05078125 0.06953125
0 0.740625 0.14609375 0.03671875 0.06015625
0 0.04609375 0.153125 0.05078125 0.07421875
0 0.80546875 0.16171875 0.04609375 0.07890625
0 0.97890625 0.1640625 0.03203125 0.07890625
0 0.46796875 0.16640625 0.06015625 0.08359375
0 0.7640625 0.16875 0.03203125 0.06953125
0 0.2734375 0.1734375 0.05078125 0.08828125
0 0.55078125 0.17578125 0.03671875 0.06953125
0 0.06953125 0.01875 0.04609375 0.03671875
0 0.15078125 0.18984375 0.05078125 0.07890625
0 0.0140625 0.196875 0.028125 0.07890625
0 0.4328125 0.2015625 0.05546875 0.07421875
0 0.58359375 0.20625 0.03671875 0.06015625
0 0.07890625 0.2109375 0.05546875 0.08828125
0 0.96796875 0.2265625 0.04140625 0.05546875
0 0.3890625 0.02578125 0.04140625 0.05078125
0 0.7546875 0.2546875 0.04609375 0.06953125
0 0.92578125 0.25703125 0.05078125 0.07421875
0 0.51875 0.259375 0.05078125 0.06953125
0 0.71953125 0.26875 0.04140625 0.04609375
0 0.15078125 0.27578125 0.05078125 0.07890625
0 0.02109375 0.29140625 0.04140625 0.08359375
0 0.4765625 0.29140625 0.05078125 0.08359375
0 0.3265625 0.2984375 0.06484375 0.09296875
0 0.08359375 0.30078125 0.06015625 0.07890625
0 0.21328125 0.303125 0.07890625 0.1015625
0 0.73125 0.3265625 0.06015625 0.06484375
0 0.840625 0.32890625 0.06484375 0.08828125
0 0.41640625 0.33125 0.06484375 0.1015625
0 0.96796875 0.33359375 0.05078125 0.1015625
0 0.528125 0.340625 0.06953125 0.09296875
0 0.65546875 0.346875 0.06015625 0.06484375
0 0.27109375 0.34921875 0.05078125 0.07890625
0 0.3609375 0.3515625 0.03671875 0.07421875
0 0.26875 0.03671875 0.04609375 0.06953125
0 0.01875 0.3703125 0.03671875 0.06484375
0 0.5859375 0.3890625 0.06484375 0.07421875
0 0.9234375 0.3984375 0.04140625 0.07421875
0 0.490625 0.43515625 0.06953125 0.10625
0 0.096875 0.45390625 0.06484375 0.1015625
0 0.60859375 0.45625 0.05078125 0.06015625
0 0.44453125 0.45859375 0.05546875 0.07421875
0 0.28671875 0.4765625 0.06015625 0.06484375
0 0.81484375 0.48125 0.05078125 0.07890625
0 0.5625 0.490625 0.07421875 0.07890625
0 0.9765625 0.5 0.03671875 0.1015625
0 0.178125 0.50703125 0.06953125 0.096875
0 0.2359375 0.51875 0.06015625 0.08359375
0 0.86796875 0.52109375 0.05546875 0.06484375
0 0.43984375 0.534375 0.05546875 0.07890625
0 0.31953125 0.54140625 0.06015625 0.10625
0 0.678125 0.0578125 0.06015625 0.07890625
0 0.03203125 0.57890625 0.05546875 0.10625
0 0.7546875 0.58359375 0.04609375 0.08359375
0 0.159375 0.06015625 0.03671875 0.07890625
0 0.82421875 0.59453125 0.05078125 0.07421875
0 0.43515625 0.62734375 0.08828125 0.1109375
0 0.92578125 0.06484375 0.05078125 0.07890625
0 0.67109375 0.66640625 0.06484375 0.10625
0 0.85859375 0.68046875 0.07421875 0.08828125
0 0.21796875 0.06953125 0.05078125 0.08828125
0 0.47421875 0.715625 0.06015625 0.10625
0 0.471875 0.071875 0.03671875 0.06484375
0 0.06484375 0.7265625 0.08828125 0.115625
0 0.84453125 0.73359375 0.05546875 0.10625
0 0.29140625 0.73828125 0.06953125 0.1109375
0 0.75234375 0.759375 0.07421875 0.1203125
0 0.4421875 0.79375 0.06484375 0.08828125
0 0.1734375 0.7984375 0.096875 0.096875
0 0.64609375 0.80078125 0.07421875 0.115625
0 0.8984375 0.8125 0.07421875 0.134375
0 0.36796875 0.08359375 0.05546875 0.08828125
0 0.42109375 0.84921875 0.09296875 0.1203125
0 0.8703125 0.08828125 0.04609375 0.06484375
0 0.02109375 0.090625 0.03671875 0.04140625
0 0.42109375 0.090625 0.04609375 0.06484375
0 0.803125 0.09453125 0.04609375 0.06015625
0 0.57421875 0.09921875 0.04140625 0.06484375