0 0.7265625 0.19453125 0.0234375 0.03203125
0 0.01640625 0.19921875 0.028125 0.03671875
0 0.2109375 0.2015625 0.0234375 0.03203125
0 0.24296875 0.2015625 0.0234375 0.03671875
0 0.2015625 0.0234375 0.0234375 0.028125
0 0.865625 0.21328125 0.0234375 0.04140625
0 0.990625 0.2265625 0.01875 0.04609375
0 0.6015625 0.2265625 0.01875 0.03203125
0 0.65703125 0.22890625 0.0234375 0.03671875
0 0.76171875 0.23125 0.01875 0.03671875
0 0.03671875 0.23359375 0.028125 0.03671875
0 0.971875 0.23359375 0.0234375 0.03203125
0 0.11328125 0.2359375 0.0234375 0.03671875
0 0.15078125 0.2453125 0.028125 0.03671875
0 0.31015625 0.25 0.0234375 0.04140625
0 0.81953125 0.25 0.01875 0.03203125
0 0.36328125 0.2546875 0.028125 0.03203125
0 0.18046875 0.259375 0.0234375 0.03203125
0 0.05546875 0.259375 0.028125 0.04140625
0 0.93984375 0.259375 0.01875 0.03203125
0 0.4859375 0.26875 0.028125 0.04609375
0 0.803125 0.278125 0.028125 0.04140625
0 0.909375 0.278125 0.0234375 0.04140625
0 0.74296875 0.28046875 0.028125 0.03203125
0 0.2453125 0.28203125 0.028125 0.028125
0 0.178125 0.03046875 0.0140625 0.01875
0 0.93046875 0.03046875 0.01875 0.028125
0 0.62265625 0.2890625 0.03203125 0.04609375
0 0.64609375 0.2890625 0.01875 0.028125
0 0.090625 0.29609375 0.03203125 0.04609375
0 0.70625 0.30078125 0.0234375 0.04140625
0 0.12265625 0.30078125 0.03203125 0.05078125
0 0.321875 0.303125 0.0234375 0.04140625
0 0.83125 0.303125 0.0234375 0.028125
0 0.38203125 0.303125 0.0234375 0.03203125
0 0.88671875 0.31015625 0.0234375 0.03671875
0 0.15703125 0.32421875 0.028125 0.05078125
0 0.7984375 0.3265625 0.0234375 0.03671875
0 0.59296875 0.03203125 0.0140625 0.028125
0 0.86328125 0.03203125 0.01875 0.028125
0 0.375 0.034375 0.0140625 0.028125
0 0.02109375 0.33125 0.0140625 0.04140625
0 0.9515625 0.3359375 0.0234375 0.04140625
0 0.97890625 0.33828125 0.028125 0.03671875
0 0.7453125 0.33828125 0.028125 0.06484375
0 0.33359375 0.35390625 0.0234375 0.04140625
0 0.034375 0.35625 0.028125 0.04140625
0 0.21953125 0.35859375 0.03203125 0.05078125
0 0.696875 0.36328125 0.03203125 0.03671875
0 0.625 0.3703125 0.0234375 0.04140625
0 0.26171875 0.375 0.0234375 0.03671875
0 0.91640625 0.38203125 0.03203125 0.04609375
0 0.8609375 0.384375 0.0234375 0.04140625
0 0.12265625 0.40703125 0.028125 0.04140625
0 0.07421875 0.409375 0.028125 0.04140625
0 0.821875 0.409375 0.028125 0.04609375
0 0.9421875 0.04140625 0.01875 0.028125
0 0.06484375 0.04375 0.028125 0.028125
0 0.6484375 0.42578125 0.028125 0.04140625
0 0.7265625 0.42578125 0.03203125 0.04140625
0 0.778125 0.43046875 0.028125 0.03671875
0 0.159375 0.4328125 0.03203125 0.05078125
0 0.965625 0.43984375 0.028125 0.04609375
0 0.009375 0.4421875 0.01875 0.05078125
0 0.278125 0.4515625 0.028125 0.04609375
0 0.3265625 0.4609375 0.03203125 0.04140625
0 0.909375 0.465625 0.0234375 0.03671875
0 0.05078125 0.465625 0.03203125 0.04140625
0 0.22890625 0.46953125 0.03203125 0.04609375
0 0.65546875 0.0484375 0.01875 0.03203125
0 0.8515625 0.48828125 0.028125 0.04140625
0 0.24296875 0.05078125 0.01875 0.03203125
0 0.36328125 0.05078125 0.0234375 0.028125
0 0.9609375 0.05078125 0.01875 0.03203125
0 0.74765625 0.05078125 0.01875 0.028125
0 0.74765625 0.5 0.03203125 0.05078125
0 0.1296875 0.509375 0.03203125 0.04609375
0 0.59453125 0.51171875 0.03671875 0.05078125
0 0.81015625 0.51640625 0.028125 0.04609375
0 0.69453125 0.51640625 0.03671875 0.04140625
0 0.20390625 0.52109375 0.03203125 0.05078125
0 0.240625 0.53203125 0.03203125 0.04609375
0 0.13203125 0.053125 0.01875 0.03203125
0 0.9859375 0.54140625 0.01875 0.04609375
0 0.3125 0.54609375 0.028125 0.04140625
0 0.9328125 0.57421875 0.028125 0.04140625
0 0.384375 0.0578125 0.0234375 0.0234375
0 0.02578125 0.57890625 0.028125 0.04140625
0 0.35625 0.5859375 0.028125 0.04140625
0 0.259375 0.06015625 0.0234375 0.028125
0 0.00703125 0.0625 0.0140625 0.03203125
0 0.590625 0.6015625 0.03203125 0.04140625
0 0.19453125 0.0625 0.0234375 0.03203125
0 0.79375 0.615625 0.03203125 0.05078125
0 0.86796875 0.615625 0.028125 0.05078125
0 0.14375 0.62265625 0.028125 0.05078125
0 0.09453125 0.6296875 0.03203125 0.04609375
0 0.43046875 0.0625 0.0234375 0.03203125
0 0.05546875 0.0625 0.01875 0.01875
0 0.63203125 0.0625 0.01875 0.03671875
0 0.87734375 0.0625 0.01875 0.028125
0 0.71953125 0.6484375 0.03203125 0.05546875
0 0.21953125 0.653125 0.028125 0.04140625
0 0.29140625 0.653125 0.03203125 0.05546875
0 0.615625 0.6734375 0.03203125 0.05078125
0 0.36328125 0.70390625 0.03203125 0.05078125
0 0.01171875 0.70625 0.0234375 0.05546875
0 0.071875 0.7453125 0.03203125 0.05078125
0 0.13671875 0.7546875 0.04140625 0.05546875
0 0.97421875 0.76171875 0.028125 0.05078125
0 0.86796875 0.009375 0.0234375 0.01875
0 0.94921875 0.009375 0.01875 0.01875
0 0.2109375 0.7734375 0.03671875 0.04609375
0 0.80546875 0.803125 0.03203125 0.05078125
0 0.740625 0.8125 0.03671875 0.05078125
0 0.909375 0.08828125 0.0234375 0.03203125
0 0.875 0.8796875 0.03671875 0.04140625
0 0.07421875 0.096875 0.01875 0.03671875
0 0.30546875 0.10390625 0.01875 0.03203125
0 0.71796875 0.10625 0.01875 0.03671875
0 0.1921875 0.10859375 0.0234375 0.03671875
0 0.81015625 0.10859375 0.01875 0.028125
0 0.03203125 0.01171875 0.01875 0.0234375
0 0.0859375 0.01171875 0.01875 0.0234375
0 0.875 0.115625 0.01875 0.03203125
0 0.9328125 0.115625 0.01875 0.028125
0 0.64140625 0.12265625 0.01875 0.03671875
0 0.6109375 0.125 0.0234375 0.03671875
0 0.68984375 0.125 0.01875 0.028125
0 0.40546875 0.125 0.01875 0.03671875
0 0.34921875 0.12734375 0.01875 0.03203125
0 0.2265625 0.1296875 0.0234375 0.03203125
0 0.85625 0.134375 0.0234375 0.028125
0 0.78046875 0.13671875 0.01875 0.04140625
0 0.73359375 0.1390625 0.0140625 0.028125
0 0.840625 0.14609375 0.0234375 0.028125
0 0.81484375 0.1484375 0.028125 0.03671875
0 0.01640625 0.01640625 0.0234375 0.03203125
0 0.26171875 0.01640625 0.01875 0.03203125
0 0.42109375 0.01640625 0.01875 0.028125
0 0.0671875 0.01640625 0.0234375 0.03203125
0 0.75234375 0.01640625 0.01875 0.03203125
0 0.72421875 0.01640625 0.0140625 0.028125
0 0.91640625 0.15546875 0.01875 0.03671875
0 0.93515625 0.15546875 0.01875 0.04140625
0 0.14375 0.16171875 0.028125 0.04140625
0 0.05546875 0.1640625 0.0234375 0.04140625
0 0.715625 0.1640625 0.0234375 0.04140625
0 0.00703125 0.16875 0.0140625 0.03671875
0 0.18984375 0.17109375 0.0234375 0.03671875
0 0.14609375 0.01875 0.01875 0.03203125
0 0.66171875 0.18046875 0.01875 0.03671875
0 0.60625 0.18515625 0.0234375 0.03203125
0 0.09453125 0.18984375 0.03203125 0.04140625
0 0.8984375 0.1921875 0.028125 0.04140625