0 0.01640625 0.196875 0.03203125 0.06484375
0 0.14609375 0.2265625 0.04140625 0.05078125
0 0.10390625 0.23125 0.03671875 0.05078125
0 0.58359375 0.23125 0.028125 0.03671875
0 0.41171875 0.23359375 0.03671875 0.06015625
0 0.18984375 0.23359375 0.04140625 0.04140625
0 0.37734375 0.23828125 0.04609375 0.06484375
0 0.240625 0.2453125 0.04140625 0.06953125
0 0.490625 0.25234375 0.03203125 0.05546875
0 0.53046875 0.2546875 0.04609375 0.05078125
0 0.596875 0.25703125 0.028125 0.03203125
0 0.3078125 0.26171875 0.04140625 0.05078125
0 0.0390625 0.26171875 0.04609375 0.06484375
0 0.3359375 0.2640625 0.03203125 0.05078125
0 0.45390625 0.26640625 0.04140625 0.05078125
0 0.27109375 0.27109375 0.028125 0.04609375
0 0.09921875 0.278125 0.04140625 0.06953125
0 0.134375 0.28203125 0.028125 0.06015625
0 0.55546875 0.28203125 0.04140625 0.04140625
0 0.20625 0.284375 0.04140625 0.05078125
0 0.715625 0.340625 0.03203125 0.04140625
0 0.61796875 0.34453125 0.028125 0.04609375
0 0.6640625 0.346875 0.028125 0.03671875
0 0.4421875 0.34921875 0.04140625 0.04609375
0 0.3703125 0.35859375 0.04140625 0.05078125
0 0.5859375 0.365625 0.03203125 0.04609375
0 0.51171875 0.365625 0.03671875 0.04140625
0 0.5671875 0.365625 0.03671875 0.04609375
0 0.7359375 0.36796875 0.03671875 0.028125
0 0.53671875 0.36796875 0.03203125 0.04609375
0 0.69453125 0.3703125 0.03671875 0.05078125
0 0.78671875 0.3796875 0.03671875 0.04609375
0 0.8125 0.3796875 0.028125 0.04140625
0 0.840625 0.3796875 0.028125 0.05078125
0 0.42578125 0.39375 0.05078125 0.06953125
0 0.62265625 0.39609375 0.03203125 0.04609375
0 0.17578125 0.39609375 0.03671875 0.04140625
0 0.31953125 0.39609375 0.04140625 0.05078125
0 0.76875 0.403125 0.028125 0.03203125
0 0.66171875 0.403125 0.03671875 0.06484375
0 0.58828125 0.409375 0.04140625 0.05546875
0 0.07421875 0.409375 0.06015625 0.08828125
0 0.365625 0.41640625 0.04609375 0.05078125
0 0.9234375 0.41875 0.028125 0.03203125
0 0.490625 0.41875 0.03671875 0.05078125
0 0.89609375 0.42109375 0.028125 0.04609375
0 0.71328125 0.428125 0.03671875 0.06015625
0 0.759375 0.43046875 0.04140625 0.04609375
0 0.27109375 0.43984375 0.03671875 0.04609375
0 0.21953125 0.446875 0.04140625 0.06484375
0 0.6109375 0.446875 0.04140625 0.06484375
0 0.90546875 0.44921875 0.028125 0.06015625
0 0.56484375 0.4515625 0.05078125 0.06015625
0 0.403125 0.45625 0.03671875 0.06484375
0 0.8703125 0.45859375 0.028125 0.05078125
0 0.840625 0.46328125 0.04609375 0.06484375
0 0.73359375 0.465625 0.028125 0.06953125
0 0.15703125 0.465625 0.04140625 0.06953125
0 0.53046875 0.46796875 0.04609375 0.06953125
0 0.48828125 0.46953125 0.04140625 0.06015625
0 0.346875 0.47421875 0.06484375 0.096875
0 0.678125 0.48359375 0.04140625 0.06015625
0 0.77109375 0.48359375 0.05546875 0.08828125
0 0.8171875 0.48828125 0.03671875 0.05546875
0 0.21328125 0.4953125 0.05078125 0.06484375
0 0.715625 0.50234375 0.04140625 0.06015625
0 0.09921875 0.5140625 0.05546875 0.06953125
0 0.65703125 0.51640625 0.04140625 0.06484375
0 0.30546875 0.51875 0.06015625 0.09296875
0 0.01640625 0.51875 0.03203125 0.07421875
0 0.625 0.54375 0.04609375 0.07421875
0 0.5140625 0.5578125 0.05078125 0.07421875
0 0.2109375 0.571875 0.05546875 0.07890625
0 0.60390625 0.571875 0.05546875 0.06484375
0 0.4953125 0.596875 0.06484375 0.07890625
0 0.44453125 0.61796875 0.05546875 0.09296875
0 0.3984375 0.6390625 0.07890625 0.10625