0 0.7890625 0.10859375 0.06953125 0.1015625
0 0.34921875 0.11328125 0.07421875 0.1015625
0 0.9609375 0.125 0.06953125 0.1203125
0 0.571875 0.13671875 0.06015625 0.07890625
0 0.278125 0.1390625 0.06015625 0.06484375
0 0.03203125 0.15546875 0.06015625 0.08828125
0 0.88203125 0.159375 0.06953125 0.07890625
0 0.1015625 0.159375 0.06015625 0.08828125
0 0.23125 0.178125 0.04140625 0.06015625
0 0.096875 0.01875 0.04140625 0.03671875
0 0.45859375 0.1921875 0.06484375 0.1015625
0 0.27109375 0.19921875 0.06484375 0.07890625
0 0.19921875 0.02109375 0.03203125 0.04140625
0 0.1921875 0.20625 0.06484375 0.08359375
0 0.3984375 0.20859375 0.05546875 0.07890625
0 0.82890625 0.22421875 0.06015625 0.09296875
0 0.76171875 0.2359375 0.06484375 0.06484375
0 0.40546875 0.25234375 0.05546875 0.08359375
0 0.89140625 0.25703125 0.06015625 0.09296875
0 0.57421875 0.26171875 0.06015625 0.07890625
0 0.31484375 0.26171875 0.05546875 0.09296875
0 0.57890625 0.028125 0.06953125 0.05546875
0 0.1390625 0.278125 0.06484375 0.08359375
0 0.05078125 0.284375 0.06953125 0.07890625
0 0.240625 0.28671875 0.05546875 0.07890625
0 0.93984375 0.29375 0.07421875 0.06484375
0 0.490625 0.29375 0.06015625 0.07890625
0 0.0578125 0.31484375 0.06015625 0.06953125
0 0.165625 0.03203125 0.065625 0.0640625
0 0.784375 0.3265625 0.08359375 0.115625
0 0.096875 0.3359375 0.06015625 0.07890625
0 0.7109375 0.34296875 0.07421875 0.1015625
0 0.86796875 0.346875 0.06484375 0.07421875
0 0.59921875 0.346875 0.06484375 0.096875
0 0.30546875 0.35859375 0.07421875 0.096875
0 0.365625 0.36796875 0.05078125 0.07421875
0 0.009375 0.03671875 0.01875 0.04609375
0 0.0484375 0.03671875 0.06484375 0.06484375
0 0.653125 0.38203125 0.07421875 0.09296875
0 0.21953125 0.39140625 0.07890625 0.096875
0 0.48828125 0.39140625 0.07421875 0.096875
0 0.26640625 0.0390625 0.05078125 0.06015625
0 0.9421875 0.3984375 0.06484375 0.1109375
0 0.840625 0.40546875 0.06484375 0.1015625
0 0.0671875 0.409375 0.06015625 0.07421875
0 0.76171875 0.04609375 0.06015625 0.05546875
0 0.62265625 0.45859375 0.08359375 0.06953125
0 0.91171875 0.4765625 0.07421875 0.096875
0 0.221875 0.48359375 0.07421875 0.06484375
0 0.80078125 0.48359375 0.07890625 0.08828125
0 0.66640625 0.528125 0.07421875 0.1203125
0 0.446875 0.528125 0.07890625 0.1109375
0 0.1640625 0.53203125 0.06484375 0.096875
0 0.96328125 0.53203125 0.06953125 0.08359375
0 0.03203125 0.53671875 0.0640625 0.1015625
0 0.59296875 0.5390625 0.05078125 0.096875
0 0.490625 0.053125 0.05546875 0.06484375
0 0.88203125 0.54140625 0.07890625 0.07890625
0 0.31015625 0.5484375 0.06953125 0.115625
0 0.2359375 0.56484375 0.06953125 0.1109375
0 0.77578125 0.5671875 0.06015625 0.09296875
0 0.534375 0.57421875 0.05546875 0.07890625
0 0.634375 0.615625 0.06484375 0.10625
0 0.85859375 0.6203125 0.096875 0.1109375
0 0.9625 0.634375 0.075 0.096875
0 0.571875 0.653125 0.06484375 0.1109375
0 0.053125 0.65546875 0.06015625 0.07890625
0 0.7359375 0.65546875 0.06484375 0.115625
0 0.01640625 0.66640625 0.03203125 0.07890625
0 0.9234375 0.0671875 0.05078125 0.07890625
0 0.1828125 0.6921875 0.07421875 0.08828125
0 0.590625 0.071875 0.06015625 0.06015625
0 0.67578125 0.071875 0.04140625 0.07890625
0 0.865625 0.7265625 0.08359375 0.125
0 0.1296875 0.7359375 0.06484375 0.1109375
0 0.04140625 0.75 0.07890625 0.1109375
0 0.9375 0.75234375 0.06484375 0.096875
0 0.3171875 0.75703125 0.09296875 0.096875
0 0.215625 0.76640625 0.05546875 0.08828125
0 0.74765625 0.78671875 0.05546875 0.1109375
0 0.4515625 0.79140625 0.06484375 0.10625
0 0.54140625 0.79375 0.07421875 0.08359375
0 0.8171875 0.80078125 0.08359375 0.115625
0 0.25703125 0.84453125 0.07421875 0.10625
0 0.5 0.85859375 0.08828125 0.09296875
0 0.65078125 0.85859375 0.09296875 0.096875
0 0.365625 0.8703125 0.08359375 0.06953125
0 0.01875 0.08828125 0.03671875 0.05078125
0 0.71796875 0.090625 0.07890625 0.1203125
0 0.41640625 0.090625 0.06015625 0.09296875
0 0.14140625 0.09453125 0.06953125 0.08359375
0 0.24296875 0.09921875 0.05546875 0.06953125
0 0.071875 0.1015625 0.06015625 0.06015625