0 0.7109375 0.01875 0.01875 0.028125
0 0.3078125 0.178125 0.0234375 0.04609375
0 0.73359375 0.178125 0.028125 0.03203125
0 0.3609375 0.18046875 0.0234375 0.05546875
0 0.44921875 0.1875 0.0234375 0.04609375
0 0.403125 0.18984375 0.01875 0.03671875
0 0.71953125 0.1921875 0.01875 0.03671875
0 0.48828125 0.19453125 0.01875 0.028125
0 0.53671875 0.196875 0.01875 0.03203125
0 0.58359375 0.196875 0.0140625 0.03203125
0 0.6296875 0.19921875 0.0234375 0.03671875
0 0.6734375 0.19921875 0.01875 0.03671875
0 0.28046875 0.19921875 0.0234375 0.04609375
0 0.77109375 0.2015625 0.01875 0.04140625
0 0.91171875 0.20390625 0.03671875 0.05546875
0 0.51640625 0.20859375 0.01875 0.03203125
0 0.22421875 0.02109375 0.01875 0.04140625
0 0.79140625 0.2109375 0.03203125 0.05078125
0 0.196875 0.21328125 0.01875 0.03671875
0 0.46953125 0.21328125 0.0234375 0.03671875
0 0.42109375 0.215625 0.0234375 0.03203125
0 0.6015625 0.215625 0.01875 0.04140625
0 0.23828125 0.21796875 0.01875 0.03671875
0 0.3265625 0.21796875 0.0234375 0.04140625
0 0.653125 0.21796875 0.0234375 0.04140625
0 0.3796875 0.21796875 0.01875 0.03671875
0 0.6921875 0.21796875 0.028125 0.03671875
0 0.74765625 0.21796875 0.01875 0.03671875
0 0.16875 0.0234375 0.01875 0.028125
0 0.5671875 0.23125 0.01875 0.03203125
0 0.8078125 0.2359375 0.028125 0.04140625
0 0.13671875 0.0234375 0.01875 0.0234375
0 0.553125 0.2453125 0.01875 0.04140625
0 0.221875 0.24765625 0.0234375 0.04609375
0 0.28046875 0.25 0.0234375 0.03671875
0 0.1734375 0.25234375 0.0234375 0.03671875
0 0.5 0.2546875 0.0234375 0.03203125
0 0.39375 0.25703125 0.0234375 0.04609375
0 0.60625 0.25703125 0.0234375 0.03671875
0 0.446875 0.25703125 0.0234375 0.04140625
0 0.65546875 0.259375 0.028125 0.03671875
0 0.71796875 0.2640625 0.0234375 0.03671875
0 0.8609375 0.2640625 0.03203125 0.04609375
0 0.76171875 0.2640625 0.028125 0.04609375
0 0.33359375 0.26875 0.0234375 0.04609375
0 0.6875 0.028125 0.01875 0.03203125
0 0.35390625 0.2890625 0.028125 0.05078125
0 0.153125 0.2890625 0.01875 0.04140625
0 0.41875 0.29140625 0.0234375 0.04609375
0 0.47421875 0.29609375 0.028125 0.04609375
0 0.221875 0.30078125 0.0234375 0.05078125
0 0.28671875 0.30078125 0.028125 0.05078125
0 0.66640625 0.30546875 0.028125 0.05078125
0 0.60390625 0.3078125 0.028125 0.04609375
0 0.73359375 0.3125 0.0234375 0.05078125
0 0.77578125 0.3125 0.028125 0.05078125
0 0.5390625 0.31484375 0.028125 0.04140625
0 0.9234375 0.31484375 0.03203125 0.05546875
0 0.15703125 0.03203125 0.01875 0.04140625
0 0.18046875 0.034375 0.0140625 0.028125
0 0.85859375 0.34453125 0.03671875 0.05078125
0 0.1296875 0.346875 0.028125 0.04609375
0 0.2546875 0.346875 0.028125 0.04609375
0 0.38671875 0.34921875 0.01875 0.04609375
0 0.1921875 0.35859375 0.03671875 0.06015625
0 0.81953125 0.36328125 0.03671875 0.06484375
0 0.196875 0.03671875 0.01875 0.03671875
0 0.3265625 0.37265625 0.0234375 0.06015625
0 0.625 0.375 0.03203125 0.05078125
0 0.75703125 0.375 0.03203125 0.05546875
0 0.696875 0.37734375 0.028125 0.04609375
0 0.92109375 0.3796875 0.028125 0.06015625
0 0.76640625 0.03671875 0.01875 0.028125
0 0.56953125 0.384375 0.0234375 0.04609375
0 0.44921875 0.384375 0.03671875 0.05078125
0 0.51640625 0.38671875 0.028125 0.04609375
0 0.740625 0.04140625 0.01875 0.028125
0 0.259375 0.43515625 0.03203125 0.07421875
0 0.178125 0.43984375 0.028125 0.05078125
0 0.10859375 0.4421875 0.03203125 0.05078125
0 0.7109375 0.44453125 0.0234375 0.04609375
0 0.7890625 0.44921875 0.03671875 0.05078125
0 0.4765625 0.44921875 0.03671875 0.06484375
0 0.96953125 0.4515625 0.03671875 0.06484375
0 0.13671875 0.04609375 0.0140625 0.028125
0 0.32890625 0.45390625 0.03671875 0.06484375
0 0.5625 0.45390625 0.03203125 0.05078125
0 0.403125 0.45859375 0.0234375 0.06015625
0 0.6296875 0.45859375 0.0234375 0.05078125
0 0.85859375 0.46796875 0.03671875 0.05078125
0 0.1734375 0.05078125 0.01875 0.03671875
0 0.26171875 0.5484375 0.03203125 0.06484375
0 0.35859375 0.55078125 0.03671875 0.06484375
0 0.45390625 0.553125 0.03203125 0.05078125
0 0.21796875 0.05546875 0.01875 0.028125
0 0.7109375 0.05546875 0.01875 0.028125
0 0.071875 0.56015625 0.03671875 0.06484375
0 0.7265625 0.56015625 0.04140625 0.06484375
0 0.54375 0.56015625 0.03203125 0.04609375
0 0.63203125 0.5625 0.03203125 0.06015625
0 0.92578125 0.571875 0.03671875 0.07890625
0 0.16640625 0.57421875 0.03203125 0.06015625
0 0.803125 0.58125 0.04140625 0.07421875
0 0.13203125 0.06015625 0.0140625 0.03203125
0 0.7265625 0.06015625 0.0140625 0.0234375
0 0.79375 0.0625 0.01875 0.03671875
0 0.1109375 0.06484375 0.0140625 0.03671875
0 0.69453125 0.06953125 0.0234375 0.028125
0 0.25234375 0.06953125 0.01875 0.028125
0 0.7546875 0.06953125 0.01875 0.028125
0 0.278125 0.69921875 0.05078125 0.08828125
0 0.95859375 0.69921875 0.04140625 0.09296875
0 0.39375 0.70859375 0.04609375 0.1015625
0 0.14375 0.72421875 0.04609375 0.09296875
0 0.03203125 0.72890625 0.04609375 0.08828125
0 0.62265625 0.7359375 0.04609375 0.096875
0 0.846875 0.73828125 0.04140625 0.08359375
0 0.73359375 0.7546875 0.04609375 0.08359375
0 0.50234375 0.759375 0.04140625 0.08828125
0 0.1640625 0.0765625 0.0140625 0.0234375
0 0.1484375 0.07890625 0.01875 0.03671875
0 0.7359375 0.07890625 0.0140625 0.0234375
0 0.09921875 0.07890625 0.01875 0.03671875
0 0.66640625 0.08359375 0.01875 0.04140625
0 0.82890625 0.090625 0.028125 0.05546875
0 0.2984375 0.096875 0.01875 0.0234375
0 0.3703125 0.10625 0.01875 0.03671875
0 0.865625 0.10859375 0.028125 0.04609375
0 0.40703125 0.1203125 0.01875 0.03671875
0 0.740625 0.0140625 0.01875 0.028125
0 0.446875 0.12265625 0.0234375 0.04140625
0 0.51875 0.1296875 0.01875 0.03203125
0 0.48359375 0.134375 0.0234375 0.03203125
0 0.1390625 0.0140625 0.01875 0.028125
0 0.6015625 0.1390625 0.0140625 0.0234375
0 0.5625 0.1390625 0.01875 0.03203125
0 0.86328125 0.14140625 0.0234375 0.04609375
0 0.26640625 0.14140625 0.009375 0.03671875
0 0.23359375 0.14375 0.0140625 0.03203125
0 0.65703125 0.14609375 0.01875 0.028125
0 0.303125 0.1484375 0.0234375 0.03203125
0 0.5484375 0.15078125 0.01875 0.03203125
0 0.384375 0.15078125 0.0234375 0.03671875
0 0.80546875 0.01640625 0.0234375 0.03203125
0 0.46796875 0.15703125 0.0140625 0.028125
0 0.615625 0.15703125 0.01875 0.028125
0 0.33828125 0.159375 0.01875 0.04140625
0 0.58359375 0.159375 0.01875 0.03203125
0 0.66171875 0.16171875 0.0140625 0.0234375
0 0.428125 0.16171875 0.01875 0.04140625
0 0.26171875 0.1640625 0.01875 0.04609375
0 0.696875 0.1640625 0.01875 0.03671875
0 0.50234375 0.16640625 0.0140625 0.03203125
0 0.76171875 0.16875 0.01875 0.0234375
0 0.2109375 0.1734375 0.01875 0.03671875