0 0.06484375 0.45625 0.01875 0.0234375
0 0.01875 0.45859375 0.01875 0.01875
0 0.053125 0.4609375 0.0140625 0.01875
0 0.16875 0.46796875 0.01875 0.0234375
0 0.03203125 0.46796875 0.0140625 0.0234375
0 0.134375 0.47421875 0.0234375 0.028125
0 0.2015625 0.47421875 0.01875 0.0234375
0 0.21328125 0.47890625 0.009375 0.01875
0 0.1484375 0.47890625 0.0140625 0.0234375
0 0.096875 0.48125 0.0140625 0.0140625
0 0.18984375 0.48125 0.01875 0.0234375
0 0.240625 0.4859375 0.01875 0.01875
0 0.2890625 0.4859375 0.0140625 0.01875
0 0.346875 0.4859375 0.0234375 0.03671875
0 0.22421875 0.48828125 0.0140625 0.01875
0 0.30546875 0.490625 0.0234375 0.03203125
0 0.45390625 0.490625 0.0140625 0.01875
0 0.32890625 0.4953125 0.009375 0.01875
0 0.40703125 0.4953125 0.0140625 0.01875
0 0.4609375 0.4953125 0.009375 0.009375
0 0.28203125 0.4953125 0.01875 0.0234375
0 0.39609375 0.4953125 0.009375 0.01875
0 0.42109375 0.49765625 0.009375 0.0140625
0 0.43515625 0.5 0.009375 0.01875
0 0.48125 0.50234375 0.009375 0.01875
0 0.43046875 0.5046875 0.0046875 0.0234375
0 0.08828125 0.50703125 0.0140625 0.0234375
0 0.471875 0.50703125 0.009375 0.0234375
0 0.09921875 0.51171875 0.009375 0.01875
0 0.21953125 0.5140625 0.01875 0.0234375
0 0.9765625 0.51640625 0.0140625 0.0140625
0 0.1921875 0.51640625 0.0140625 0.0140625
0 0.965625 0.51640625 0.009375 0.0140625
0 0.40078125 0.51640625 0.01875 0.028125
0 0.2453125 0.52109375 0.028125 0.028125
0 0.9234375 0.52109375 0.01875 0.0234375
0 0.490625 0.5234375 0.009375 0.0140625
0 0.009375 0.528125 0.01875 0.03671875
0 0.0390625 0.52578125 0.028125 0.028125
0 0.95859375 0.53046875 0.0140625 0.01875
0 0.4609375 0.53203125 0.0140625 0.01875
0 0.43515625 0.53203125 0.01875 0.01875
0 0.5046875 0.534375 0.0140625 0.01875
0 0.090625 0.534375 0.01875 0.028125
0 0.54609375 0.53671875 0.0140625 0.01875
0 0.2015625 0.54375 0.0234375 0.028125
0 0.64609375 0.54375 0.01875 0.0234375
0 0.4859375 0.54609375 0.009375 0.01875
0 0.4953125 0.54609375 0.0140625 0.0234375
0 0.52109375 0.54609375 0.0140625 0.0234375
0 0.29375 0.5484375 0.0234375 0.04140625
0 0.0484375 0.5484375 0.03203125 0.03203125
0 0.27578125 0.5484375 0.0234375 0.04140625
0 0.47421875 0.553125 0.0234375 0.028125
0 0.7546875 0.56484375 0.0234375 0.028125
0 0.0140625 0.56484375 0.028125 0.05078125
0 0.64609375 0.56484375 0.01875 0.03203125
0 0.16171875 0.56953125 0.03671875 0.06015625
0 0.48359375 0.56953125 0.01875 0.03671875
0 0.78203125 0.56953125 0.01875 0.0234375
0 0.5859375 0.571875 0.0234375 0.03203125
0 0.83828125 0.57421875 0.01875 0.03203125
0 0.70859375 0.57421875 0.0140625 0.03203125
0 0.7453125 0.57421875 0.028125 0.04140625
0 0.509375 0.5765625 0.0234375 0.03671875
0 0.89375 0.57890625 0.0234375 0.03671875
0 0.86328125 0.57890625 0.028125 0.03671875
0 0.61328125 0.58125 0.028125 0.04140625
0 0.715625 0.58125 0.009375 0.03203125
0 0.30546875 0.5859375 0.03203125 0.04140625
0 0.9140625 0.58828125 0.028125 0.04609375
0 0.9859375 0.590625 0.01875 0.04140625
0 0.73125 0.59921875 0.03203125 0.04609375
0 0.4328125 0.60625 0.04140625 0.06953125
0 0.85390625 0.61796875 0.03203125 0.05078125
0 0.19921875 0.63203125 0.05546875 0.09296875