0 0.43046875 0.2984375 0.0234375 0.03203125
0 0.93984375 0.30078125 0.03203125 0.04140625
0 0.86796875 0.303125 0.0234375 0.03203125
0 0.68515625 0.31015625 0.028125 0.03671875
0 0.40078125 0.3125 0.0234375 0.04609375
0 0.86328125 0.31484375 0.0140625 0.0234375
0 0.2890625 0.31953125 0.01875 0.03671875
0 0.5140625 0.321875 0.028125 0.05078125
0 0.4765625 0.3265625 0.0234375 0.03671875
0 0.4140625 0.32890625 0.0234375 0.04140625
0 0.73125 0.3359375 0.028125 0.04609375
0 0.55078125 0.33828125 0.028125 0.05078125
0 0.12734375 0.340625 0.028125 0.04609375
0 0.51171875 0.034375 0.01875 0.04609375
0 0.909375 0.034375 0.0234375 0.03671875
0 0.14140625 0.34453125 0.0140625 0.03671875
0 0.10390625 0.34453125 0.0140625 0.03671875
0 0.09453125 0.34921875 0.0140625 0.03671875
0 0.33828125 0.35625 0.0234375 0.04609375
0 0.86796875 0.3609375 0.0234375 0.05078125
0 0.21328125 0.36328125 0.0234375 0.05078125
0 0.1828125 0.36328125 0.028125 0.05078125
0 0.428125 0.365625 0.0234375 0.04140625
0 0.68984375 0.365625 0.028125 0.06015625
0 0.7734375 0.37265625 0.03203125 0.06015625
0 0.3796875 0.375 0.0234375 0.04609375
0 0.8515625 0.38203125 0.03203125 0.05546875
0 0.2546875 0.39609375 0.01875 0.03203125
0 0.8890625 0.3984375 0.03203125 0.06015625
0 0.54140625 0.04140625 0.01875 0.03671875
0 0.93515625 0.409375 0.04140625 0.07421875
0 0.83125 0.409375 0.04140625 0.06484375
0 0.51875 0.41640625 0.03671875 0.05078125
0 0.55078125 0.41875 0.01875 0.04140625
0 0.3984375 0.42109375 0.03671875 0.06015625
0 0.75234375 0.4234375 0.04140625 0.07421875
0 0.7890625 0.4234375 0.04140625 0.06484375
0 0.35390625 0.04375 0.0140625 0.01875
0 0.40078125 0.04375 0.0234375 0.03671875
0 0.990625 0.43046875 0.01875 0.07421875
0 0.6109375 0.43046875 0.03203125 0.06953125
0 0.97890625 0.4328125 0.028125 0.05078125
0 0.16875 0.43515625 0.04140625 0.07890625
0 0.4765625 0.4375 0.03671875 0.06015625
0 0.26640625 0.44453125 0.0234375 0.06015625
0 0.64609375 0.44453125 0.028125 0.06484375
0 0.115625 0.46796875 0.04609375 0.06484375
0 0.321875 0.471875 0.03671875 0.06953125
0 0.5625 0.47421875 0.03203125 0.06015625
0 0.84453125 0.4765625 0.05078125 0.08359375
0 0.715625 0.4765625 0.03203125 0.06953125
0 0.38203125 0.48359375 0.05546875 0.096875
0 0.5046875 0.48359375 0.03671875 0.07421875
0 0.303125 0.05078125 0.01875 0.03203125
0 0.04140625 0.4859375 0.03671875 0.06953125
0 0.20625 0.5046875 0.03671875 0.07421875
0 0.75 0.50703125 0.05546875 0.06484375
0 0.44453125 0.509375 0.04140625 0.06953125
0 0.990625 0.5140625 0.0140625 0.07421875
0 0.6640625 0.52109375 0.03203125 0.07421875
0 0.2640625 0.5234375 0.0234375 0.06484375
0 0.2890625 0.52578125 0.028125 0.06953125
0 0.99296875 0.0578125 0.0140625 0.04609375
0 0.31953125 0.553125 0.03671875 0.096875
0 0.375 0.0578125 0.01875 0.03671875
0 0.4765625 0.57890625 0.04609375 0.096875
0 0.071875 0.58125 0.04140625 0.08828125
0 0.096875 0.58359375 0.05078125 0.08359375
0 0.1875 0.58359375 0.03203125 0.06015625
0 0.51875 0.5859375 0.04140625 0.08828125
0 0.79375 0.59453125 0.05078125 0.1203125
0 0.24765625 0.60390625 0.04140625 0.1015625
0 0.73828125 0.61328125 0.06484375 0.1296875
0 0.884375 0.61328125 0.06953125 0.125
0 0.42109375 0.61796875 0.04609375 0.096875
0 0.278125 0.0625 0.01875 0.028125
0 0.571875 0.63671875 0.04140625 0.08359375
0 0.38203125 0.6390625 0.06484375 0.125
0 0.678125 0.64140625 0.06484375 0.10625
0 0.10625 0.65078125 0.05546875 0.08359375
0 0.1921875 0.66640625 0.05078125 0.1203125
0 0.16875 0.071875 0.0234375 0.03203125
0 0.23828125 0.071875 0.0234375 0.03203125
0 0.096875 0.715625 0.05078125 0.09296875
0 0.3359375 0.72890625 0.06015625 0.1203125
0 0.01875 0.740625 0.03671875 0.1015625
0 0.96796875 0.74296875 0.06015625 0.1203125
0 0.26875 0.784375 0.05546875 0.1015625
0 0.40703125 0.81953125 0.06953125 0.1296875
0 0.94921875 0.82421875 0.06953125 0.10625
0 0.4859375 0.83125 0.06953125 0.1203125
0 0.65078125 0.87734375 0.096875 0.15703125
0 0.1109375 0.09296875 0.0140625 0.03671875
0 0.14375 0.09296875 0.01875 0.03203125
0 0.91640625 0.9140625 0.1109375 0.16640625
0 0.446875 0.94921875 0.115625 0.096875
0 0.60859375 0.11328125 0.01875 0.03203125
0 0.7015625 0.11796875 0.01875 0.028125
0 0.73828125 0.1203125 0.0140625 0.028125
0 0.9609375 0.1203125 0.01875 0.03203125
0 0.76875 0.12734375 0.009375 0.028125
0 0.865625 0.12734375 0.01875 0.03671875
0 0.56953125 0.1296875 0.01875 0.03671875
0 0.7890625 0.1296875 0.01875 0.03203125
0 0.44921875 0.13203125 0.0140625 0.0234375
0 0.83125 0.13203125 0.0234375 0.03203125
0 0.4953125 0.13671875 0.0140625 0.0234375
0 0.47421875 0.1390625 0.01875 0.01875
0 0.42578125 0.14140625 0.0140625 0.03203125
0 0.9421875 0.02109375 0.01875 0.03671875
0 0.48359375 0.28203125 0.0140625 0.028125