0 0.221875 0.06953125 0.04140625 0.07890625
0 0.48359375 0.071875 0.03203125 0.06484375
0 0.90078125 0.740625 0.05078125 0.1390625
0 0.6390625 0.7546875 0.06015625 0.1203125
0 0.34296875 0.78203125 0.05078125 0.1015625
0 0.96328125 0.07890625 0.03671875 0.08359375
0 0.46953125 0.8171875 0.05078125 0.125
0 0.096875 0.82890625 0.06015625 0.115625
0 0.22421875 0.846875 0.06015625 0.125
0 0.67578125 0.0859375 0.03671875 0.07421875
0 0.778125 0.9140625 0.07421875 0.134375
0 0.6015625 0.09921875 0.03203125 0.07890625
0 0.79140625 0.1015625 0.03203125 0.07890625
0 0.846875 0.1109375 0.03671875 0.07421875
0 0.3515625 0.11328125 0.03671875 0.06953125
0 0.91171875 0.115625 0.04140625 0.07421875
0 0.56484375 0.1203125 0.04140625 0.09296875
0 0.44453125 0.125 0.03671875 0.08359375
0 0.01640625 0.1390625 0.03203125 0.09296875
0 0.125 0.14375 0.03203125 0.07421875
0 0.9765625 0.153125 0.03671875 0.09296875
0 0.66171875 0.01875 0.028125 0.03671875
0 0.659375 0.1921875 0.03203125 0.06953125
0 0.93984375 0.02109375 0.03203125 0.04140625
0 0.09453125 0.196875 0.04140625 0.07890625
0 0.7640625 0.2109375 0.04140625 0.096875
0 0.18984375 0.21328125 0.03203125 0.07890625
0 0.2734375 0.21328125 0.04140625 0.07421875
0 0.91171875 0.215625 0.05078125 0.1015625
0 0.3796875 0.21796875 0.03671875 0.07890625
0 0.990625 0.22890625 0.01875 0.096875
0 0.52578125 0.23125 0.04609375 0.08828125
0 0.60859375 0.240625 0.03671875 0.06953125
0 0.44921875 0.25 0.04140625 0.07421875
0 0.15703125 0.259375 0.03671875 0.08359375
0 0.7015625 0.2640625 0.03671875 0.096875
0 0.81484375 0.27109375 0.04609375 0.096875
0 0.7546875 0.03046875 0.028125 0.05546875
0 0.3609375 0.03046875 0.03203125 0.05546875
0 0.04609375 0.30546875 0.04609375 0.1015625
0 0.321875 0.3265625 0.03203125 0.07421875
0 0.58828125 0.32890625 0.04609375 0.1015625
0 0.74296875 0.340625 0.04609375 0.09296875
0 0.18515625 0.36796875 0.04609375 0.08359375
0 0.83359375 0.03671875 0.03671875 0.06484375
0 0.45390625 0.38671875 0.04609375 0.09296875
0 0.8703125 0.38671875 0.05546875 0.1203125
0 0.29375 0.39375 0.04140625 0.07890625
0 0.446875 0.04375 0.03203125 0.06015625
0 0.68515625 0.44453125 0.06015625 0.115625
0 0.38671875 0.45390625 0.04609375 0.09296875
0 0.80078125 0.45859375 0.05546875 0.06484375
0 0.5140625 0.46796875 0.04140625 0.08359375
0 0.04375 0.47890625 0.04140625 0.08359375
0 0.17578125 0.05078125 0.04140625 0.07890625
0 0.284375 0.053125 0.03203125 0.07421875
0 0.98359375 0.54609375 0.0234375 0.1109375
0 0.14140625 0.5765625 0.05546875 0.10625
0 0.6203125 0.58828125 0.05078125 0.10625
0 0.46796875 0.59453125 0.06953125 0.115625
0 0.803125 0.59453125 0.06015625 0.10625
0 0.25703125 0.60390625 0.05546875 0.096875