0 0.5765625 0.18984375 0.04140625 0.07421875
0 0.8796875 0.18984375 0.03671875 0.07421875
0 0.76875 0.1921875 0.03671875 0.06015625
0 0.971875 0.20390625 0.04140625 0.05078125
0 0.84296875 0.20625 0.03671875 0.04140625
0 0.7984375 0.02109375 0.03671875 0.04140625
0 0.63671875 0.21796875 0.05078125 0.06953125
0 0.4421875 0.221875 0.05546875 0.08828125
0 0.03046875 0.221875 0.05546875 0.1015625
0 0.7265625 0.221875 0.04140625 0.07421875
0 0.928125 0.221875 0.03671875 0.05546875
0 0.2546875 0.0234375 0.04140625 0.04609375
0 0.10625 0.2265625 0.05078125 0.07890625
0 0.22421875 0.2359375 0.05546875 0.09296875
0 0.1484375 0.23828125 0.05546875 0.08828125
0 0.375 0.02578125 0.04140625 0.05078125
0 0.76640625 0.02578125 0.0234375 0.05078125
0 0.84921875 0.2453125 0.03671875 0.06015625
0 0.903125 0.259375 0.03203125 0.04609375
0 0.45625 0.028125 0.04609375 0.05546875
0 0.81953125 0.26640625 0.04609375 0.06953125
0 0.57421875 0.26640625 0.04140625 0.08359375
0 0.96796875 0.278125 0.01875 0.03203125
0 0.98828125 0.28046875 0.0140625 0.06015625
0 0.52578125 0.28046875 0.05078125 0.08828125
0 0.3125 0.28671875 0.04609375 0.08828125
0 0.76640625 0.2890625 0.05078125 0.08828125
0 0.9328125 0.2984375 0.03671875 0.06484375
0 0.1875 0.03046875 0.04140625 0.06015625
0 0.74765625 0.03046875 0.03671875 0.05546875
0 0.928125 0.03046875 0.03203125 0.03671875
0 0.83359375 0.03046875 0.03203125 0.04609375
0 0.1109375 0.30078125 0.05546875 0.10625
0 0.70390625 0.30546875 0.05546875 0.07421875
0 0.5046875 0.31015625 0.05078125 0.08359375
0 0.88671875 0.31484375 0.04140625 0.06484375
0 0.721875 0.03203125 0.028125 0.05078125
0 0.96328125 0.321875 0.03671875 0.05078125
0 0.02578125 0.32890625 0.05078125 0.09296875
0 0.56171875 0.034375 0.0421875 0.06875
0 0.80546875 0.034375 0.028125 0.04140625
0 0.678125 0.34453125 0.04609375 0.07890625
0 0.38671875 0.35390625 0.05078125 0.1015625
0 0.85390625 0.35390625 0.05078125 0.06953125
0 0.9609375 0.03671875 0.0234375 0.04609375
0 0.215625 0.35859375 0.06015625 0.115625
0 0.35859375 0.35859375 0.04140625 0.08828125
0 0.63203125 0.3609375 0.05078125 0.07421875
0 0.98125 0.36796875 0.028125 0.08828125
0 0.909375 0.36796875 0.04609375 0.05546875
0 0.31953125 0.0390625 0.04140625 0.07421875
0 0.471875 0.375 0.06015625 0.1015625
0 0.31015625 0.37734375 0.06015625 0.07421875
0 0.57421875 0.40546875 0.04609375 0.07890625
0 0.99296875 0.04375 0.0140625 0.04140625
0 0.73125 0.4140625 0.05078125 0.096875
0 0.54140625 0.4234375 0.04140625 0.06953125
0 0.9234375 0.43046875 0.05078125 0.07890625
0 0.68984375 0.4328125 0.05546875 0.08359375
0 0.80078125 0.4328125 0.05546875 0.08359375
0 0.62734375 0.4375 0.04140625 0.08828125
0 0.09296875 0.44921875 0.08359375 0.1015625
0 0.59921875 0.04609375 0.04140625 0.04609375
0 0.32421875 0.465625 0.06484375 0.08359375
0 0.97421875 0.465625 0.04140625 0.06484375
0 0.8796875 0.46796875 0.04609375 0.07421875
0 0.52578125 0.0484375 0.04140625 0.06953125
0 0.39375 0.471875 0.05546875 0.096875
0 0.88671875 0.0484375 0.03671875 0.05078125
0 0.6640625 0.50703125 0.05546875 0.096875
0 0.2359375 0.5140625 0.06015625 0.10625
0 0.571875 0.52109375 0.05078125 0.10625
0 0.14140625 0.5234375 0.06953125 0.08359375
0 0.22890625 0.05546875 0.04140625 0.05546875
0 0.5 0.54375 0.06015625 0.1015625
0 0.97421875 0.553125 0.05078125 0.096875
0 0.0484375 0.56015625 0.06953125 0.1203125
0 0.82421875 0.56484375 0.05546875 0.08359375
0 0.77109375 0.57890625 0.06015625 0.08828125
0 0.34296875 0.58125 0.05546875 0.10625
0 0.68984375 0.0625 0.03203125 0.04609375
0 0.93984375 0.61796875 0.05546875 0.07421875
0 0.6484375 0.625 0.06484375 0.10625
0 0.14140625 0.62734375 0.06015625 0.10625
0 0.30546875 0.06484375 0.03671875 0.06953125
0 0.8984375 0.6484375 0.06484375 0.096875
0 0.45625 0.653125 0.06484375 0.10625
0 0.7890625 0.06484375 0.03671875 0.05078125
0 0.9765625 0.66640625 0.04609375 0.096875
0 0.27578125 0.66640625 0.06953125 0.1015625
0 0.5671875 0.66875 0.06484375 0.1109375
0 0.46796875 0.0671875 0.04140625 0.06484375
0 0.9234375 0.0671875 0.03203125 0.03671875
0 0.115625 0.06953125 0.04140625 0.07421875
0 0.8609375 0.06953125 0.03203125 0.05078125
0 0.35625 0.69921875 0.06953125 0.125
0 0.16875 0.071875 0.05078125 0.05546875
0 0.3703125 0.071875 0.04609375 0.07421875
0 0.72890625 0.72421875 0.05546875 0.10625
0 0.78203125 0.72421875 0.06015625 0.08828125
0 0.98828125 0.0765625 0.0234375 0.05546875
0 0.4859375 0.78046875 0.06953125 0.134375
0 0.97421875 0.81015625 0.05078125 0.1015625
0 0.91171875 0.8265625 0.05546875 0.08828125
0 0.83828125 0.840625 0.06953125 0.115625
0 0.63203125 0.87265625 0.08359375 0.096875
0 0.125 0.87734375 0.06953125 0.1203125
0 0.70859375 0.87734375 0.06953125 0.1109375
0 0.58359375 0.090625 0.04140625 0.05546875
0 0.24296875 0.9140625 0.05546875 0.096875
0 0.29609375 0.928125 0.08359375 0.1296875
0 0.9859375 0.93984375 0.01875 0.1109375
0 0.7640625 0.9515625 0.07421875 0.08359375
0 0.615625 0.096875 0.03671875 0.06015625
0 0.66171875 0.95625 0.08359375 0.08359375
0 0.85625 0.95625 0.07421875 0.08359375
0 0.159375 0.9609375 0.096875 0.07421875
0 0.84296875 0.096875 0.03671875 0.04609375
0 0.14609375 0.09921875 0.03203125 0.07421875
0 0.49296875 0.97890625 0.08359375 0.04140625
0 0.91875 0.09921875 0.028125 0.03671875
0 0.446875 0.1015625 0.04609375 0.05546875
0 0.8890625 0.1015625 0.03203125 0.04609375
0 0.071875 0.10625 0.05078125 0.09296875
0 0.2453125 0.10859375 0.05078125 0.08359375
0 0.64609375 0.10859375 0.03671875 0.06015625
0 0.68984375 0.10859375 0.03203125 0.05546875
0 0.97421875 0.11328125 0.03203125 0.03671875
0 0.73359375 0.1203125 0.03671875 0.05078125
0 0.321875 0.125 0.05078125 0.07890625
0 0.76875 0.125 0.05078125 0.06015625
0 0.571875 0.12734375 0.04140625 0.06015625
0 0.8703125 0.134375 0.03203125 0.04609375
0 0.95625 0.13671875 0.04140625 0.06015625
0 0.83125 0.1390625 0.04140625 0.05546875
0 0.98828125 0.14140625 0.0140625 0.05078125
0 0.03671875 0.14609375 0.04609375 0.096875
0 0.66875 0.14609375 0.03671875 0.06484375
0 0.9609375 0.0140625 0.028125 0.028125
0 0.64609375 0.01640625 0.04140625 0.03203125
0 0.9140625 0.153125 0.03671875 0.05546875
0 0.45390625 0.15546875 0.05078125 0.08359375
0 0.3984375 0.15703125 0.05546875 0.08828125
0 0.7109375 0.15703125 0.03203125 0.05546875
0 0.221875 0.16875 0.06953125 0.07890625
0 0.35625 0.17109375 0.05078125 0.096875
0 0.29375 0.1734375 0.05546875 0.09296875
0 0.51640625 0.18515625 0.05078125 0.09296875