0 0.784375 0.43515625 0.01875 0.03203125
0 0.67578125 0.4421875 0.009375 0.0140625
0 0.46796875 0.446875 0.009375 0.0140625
0 0.4765625 0.446875 0.0046875 0.009375
0 0.96953125 0.446875 0.009375 0.01875
0 0.51640625 0.44921875 0.0140625 0.0234375
0 0.70390625 0.44921875 0.009375 0.0140625
0 0.409375 0.4515625 0.03203125 0.03671875
0 0.44921875 0.4515625 0.009375 0.0140625
0 0.534375 0.4515625 0.009375 0.009375
0 0.9609375 0.4515625 0.009375 0.0140625
0 0.4609375 0.45390625 0.009375 0.0140625
0 0.75234375 0.45390625 0.01875 0.028125
0 0.56015625 0.45390625 0.0234375 0.03203125
0 0.26875 0.45390625 0.0140625 0.01875
0 0.31484375 0.45390625 0.01875 0.0234375
0 0.35625 0.45625 0.0140625 0.0140625
0 0.653125 0.45625 0.009375 0.009375
0 0.94921875 0.45625 0.0140625 0.0234375
0 0.43515625 0.45625 0.009375 0.0140625
0 0.62265625 0.45625 0.0140625 0.01875
0 0.01875 0.45625 0.009375 0.01875
0 0.23828125 0.45625 0.009375 0.0140625
0 0.6390625 0.45625 0.0140625 0.0140625
0 0.9234375 0.45859375 0.01875 0.0234375
0 0.2453125 0.45859375 0.009375 0.01875
0 0.46953125 0.45859375 0.0046875 0.009375
0 0.071875 0.45859375 0.0140625 0.0140625
0 0.1203125 0.45859375 0.009375 0.0140625
0 0.221875 0.4609375 0.0140625 0.009375
0 0.58125 0.4609375 0.009375 0.0140625
0 0.12734375 0.4609375 0.009375 0.0140625
0 0.3359375 0.4609375 0.01875 0.0234375
0 0.08359375 0.4609375 0.0140625 0.0140625
0 0.53203125 0.46328125 0.009375 0.0140625
0 0.58828125 0.46328125 0.009375 0.0140625
0 0.596875 0.46328125 0.0140625 0.01875
0 0.653125 0.465625 0.009375 0.0140625
0 0.15078125 0.465625 0.01875 0.01875
0 0.00703125 0.465625 0.0140625 0.0234375
0 0.13671875 0.46796875 0.0140625 0.01875
0 0.84921875 0.46796875 0.03203125 0.03671875
0 0.990625 0.46953125 0.009375 0.05078125
0 0.678125 0.46953125 0.028125 0.04609375
0 0.73359375 0.46953125 0.01875 0.0234375
0 0.78671875 0.46953125 0.028125 0.04140625
0 0.16640625 0.46953125 0.0140625 0.01875
0 0.21796875 0.46953125 0.009375 0.01875
0 0.03046875 0.46953125 0.009375 0.01875
0 0.90703125 0.471875 0.028125 0.04140625
0 0.70625 0.471875 0.01875 0.03203125
0 0.0765625 0.471875 0.009375 0.01875
0 0.821875 0.471875 0.01875 0.03203125
0 0.3609375 0.47421875 0.01875 0.0234375
0 0.04140625 0.47421875 0.009375 0.0234375
0 0.4609375 0.47421875 0.0234375 0.0234375
0 0.43515625 0.47421875 0.01875 0.028125
0 0.615625 0.47421875 0.01875 0.0234375
0 0.7546875 0.4765625 0.01875 0.0234375
0 0.02578125 0.4765625 0.0140625 0.0140625
0 0.98125 0.47890625 0.028125 0.05078125
0 0.0046875 0.48125 0.009375 0.028125
0 0.3265625 0.47890625 0.0234375 0.03671875
0 0.1484375 0.48125 0.009375 0.01875
0 0.64609375 0.48125 0.0140625 0.01875
0 0.06953125 0.48125 0.009375 0.01875
0 0.053125 0.48125 0.01875 0.0234375
0 0.23125 0.48359375 0.0140625 0.0234375
0 0.01875 0.48359375 0.009375 0.01875
0 0.553125 0.48828125 0.0140625 0.01875
0 0.83125 0.48828125 0.0140625 0.028125
0 0.07890625 0.49296875 0.01875 0.03671875
0 0.634375 0.4953125 0.0140625 0.0234375
0 0.61796875 0.4953125 0.01875 0.028125
0 0.93046875 0.5 0.03203125 0.03671875
0 0.10390625 0.5 0.028125 0.04140625
0 0.4609375 0.50234375 0.01875 0.03671875
0 0.08828125 0.50234375 0.0140625 0.028125
0 0.13203125 0.50234375 0.028125 0.04140625
0 0.65078125 0.509375 0.01875 0.028125
0 0.5578125 0.509375 0.01875 0.0234375
0 0.384375 0.509375 0.04609375 0.096875
0 0.89375 0.5140625 0.03203125 0.05078125
0 0.18046875 0.51640625 0.0234375 0.06015625
0 0.16171875 0.51875 0.028125 0.05078125
0 0.58359375 0.51875 0.04140625 0.06953125
0 0.83125 0.5234375 0.028125 0.04140625
0 0.4859375 0.52578125 0.04609375 0.1109375
0 0.30078125 0.528125 0.03671875 0.06953125
0 0.625 0.53046875 0.028125 0.04140625
0 0.24765625 0.53203125 0.05078125 0.09296875
0 0.6828125 0.534375 0.03203125 0.06953125
0 0.215625 0.5390625 0.03203125 0.07890625
0 0.55078125 0.54140625 0.03203125 0.05078125
0 0.94453125 0.5484375 0.04609375 0.07421875
0 0.64609375 0.5671875 0.03671875 0.06484375
0 0.7359375 0.56953125 0.08828125 0.1296875
0 0.6734375 0.57421875 0.04140625 0.06953125
0 0.8125 0.57890625 0.04609375 0.06953125
0 0.8796875 0.58125 0.06484375 0.08828125
0 0.9765625 0.60859375 0.03671875 0.134375
0 0.60859375 0.61796875 0.06484375 0.08828125
0 0.3078125 0.65078125 0.06484375 0.096875
0 0.8515625 0.84921875 0.10625 0.18515625