0 0.87734375 0.928125 0.05078125 0.09296875
0 0.6875 0.09453125 0.0234375 0.05546875
0 0.259375 0.946875 0.05546875 0.096875
0 0.03671875 0.946875 0.04140625 0.05546875
0 0.58515625 0.953125 0.0640625 0.09375
0 0.4421875 0.9609375 0.06015625 0.06953125
0 0.13671875 0.96328125 0.07890625 0.06484375
0 0.71328125 0.096875 0.0234375 0.04609375
0 0.59453125 0.10390625 0.028125 0.04609375
0 0.428125 0.10859375 0.03203125 0.05078125
0 0.14609375 0.11328125 0.03671875 0.06015625
0 0.55078125 0.11328125 0.028125 0.05546875
0 0.78046875 0.115625 0.03203125 0.05546875
0 0.64140625 0.12734375 0.03671875 0.06015625
0 0.6734375 0.1296875 0.03203125 0.04609375
0 0.490625 0.13203125 0.03203125 0.04609375
0 0.26640625 0.1390625 0.04609375 0.07421875
0 0.93984375 0.14609375 0.03671875 0.06015625
0 0.21796875 0.153125 0.04140625 0.05546875
0 0.34296875 0.159375 0.03203125 0.05546875
0 0.528125 0.01640625 0.028125 0.03203125
0 0.18515625 0.16875 0.028125 0.05546875
0 0.57421875 0.17109375 0.03671875 0.07421875
0 0.46328125 0.1734375 0.028125 0.06484375
0 0.1390625 0.17578125 0.04140625 0.07421875
0 0.7546875 0.01875 0.03203125 0.03671875
0 0.50234375 0.1875 0.03203125 0.06953125
0 0.66171875 0.19921875 0.03671875 0.07421875
0 0.3984375 0.20390625 0.028125 0.03671875
0 0.77109375 0.20625 0.04140625 0.06015625
0 0.70859375 0.215625 0.03671875 0.05546875
0 0.43515625 0.21953125 0.03671875 0.06484375
0 0.3703125 0.22421875 0.0234375 0.06015625
0 0.284375 0.25 0.0234375 0.06953125
0 0.590625 0.25 0.04140625 0.07421875
0 0.38671875 0.25234375 0.03203125 0.05546875
0 0.3078125 0.26171875 0.03671875 0.06484375
0 0.48125 0.27109375 0.03671875 0.08359375
0 0.2265625 0.2734375 0.03203125 0.06953125
0 0.5140625 0.27578125 0.028125 0.06953125
0 0.259375 0.28046875 0.04140625 0.07890625
0 0.4375 0.2890625 0.0234375 0.06953125
0 0.59453125 0.30078125 0.028125 0.03671875
0 0.1203125 0.303125 0.04140625 0.07890625
0 0.45859375 0.3078125 0.03671875 0.06953125
0 0.32890625 0.3171875 0.03203125 0.06953125
0 0.86953125 0.03203125 0.0328125 0.0640625
0 0.75234375 0.33828125 0.03671875 0.07421875
0 0.58359375 0.35390625 0.03671875 0.06953125
0 0.3984375 0.3609375 0.03203125 0.06484375
0 0.96328125 0.3703125 0.04140625 0.096875
0 0.68515625 0.39375 0.04140625 0.08359375
0 0.48125 0.39609375 0.03671875 0.07890625
0 0.3796875 0.0390625 0.028125 0.06015625
0 0.928125 0.403125 0.04140625 0.05078125
0 0.25234375 0.40546875 0.04140625 0.04140625
0 0.84296875 0.41640625 0.03203125 0.03671875
0 0.74765625 0.41640625 0.03203125 0.07421875
0 0.33125 0.4515625 0.04609375 0.07421875
0 0.83828125 0.45859375 0.03203125 0.06484375
0 0.403125 0.04609375 0.028125 0.05546875
0 0.5625 0.465625 0.04140625 0.06015625
0 0.096875 0.465625 0.03671875 0.07421875
0 0.93515625 0.465625 0.03203125 0.07421875
0 0.65703125 0.46796875 0.05078125 0.09296875
0 0.4515625 0.471875 0.04140625 0.07421875
0 0.79375 0.04609375 0.03203125 0.05078125
0 0.23125 0.48359375 0.03203125 0.07421875
0 0.7640625 0.48359375 0.03671875 0.06015625
0 0.28203125 0.4859375 0.03671875 0.05078125
0 0.9859375 0.49296875 0.01875 0.096875
0 0.0484375 0.49296875 0.04140625 0.05546875
0 0.07890625 0.5046875 0.028125 0.07421875
0 0.8265625 0.52578125 0.04140625 0.08359375
0 0.6109375 0.528125 0.03671875 0.05546875
0 0.7890625 0.53046875 0.03671875 0.07421875
0 0.41875 0.53671875 0.04140625 0.05546875
0 0.4609375 0.53671875 0.04609375 0.07421875
0 0.26875 0.5484375 0.04140625 0.07890625
0 0.88203125 0.55546875 0.04609375 0.06484375
0 0.05078125 0.5625 0.05078125 0.08359375
0 0.77109375 0.56484375 0.04609375 0.08828125
0 0.159375 0.57421875 0.03671875 0.07890625
0 0.12265625 0.58125 0.03671875 0.07890625
0 0.46796875 0.06015625 0.01875 0.05078125
0 0.59453125 0.60390625 0.04140625 0.08359375
0 0.4375 0.60390625 0.03671875 0.096875
0 0.4953125 0.0625 0.028125 0.05546875
0 0.39609375 0.65078125 0.04609375 0.10625
0 0.6203125 0.06953125 0.04140625 0.05078125
0 0.909375 0.6875 0.05078125 0.08828125
0 0.2546875 0.70625 0.04609375 0.08828125
0 0.51171875 0.70859375 0.04140625 0.08359375
0 0.11796875 0.71328125 0.06015625 0.04609375
0 0.034375 0.73828125 0.04140625 0.10625
0 0.965625 0.778125 0.05078125 0.10625
0 0.12265625 0.79140625 0.05078125 0.08828125
0 0.278125 0.8078125 0.05078125 0.08359375
0 0.61328125 0.82890625 0.06015625 0.1015625
0 0.6921875 0.84921875 0.04609375 0.115625
0 0.5046875 0.8515625 0.05078125 0.1109375
0 0.0859375 0.85859375 0.04609375 0.096875
0 0.77109375 0.0859375 0.028125 0.05078125
0 0.0140625 0.8796875 0.028125 0.1203125
0 0.15078125 0.8890625 0.06015625 0.07421875
0 0.40546875 0.89375 0.05546875 0.06484375
0 0.93046875 0.89375 0.06484375 0.1296875
0 0.20625 0.89609375 0.04609375 0.1109375
0 0.7359375 0.89609375 0.06015625 0.1203125
0 0.3609375 0.903125 0.04609375 0.1109375
0 0.80078125 0.090625 0.028125 0.04609375