0 0.221875 0.07421875 0.08828125 0.03671875
0 0.66171875 0.76171875 0.07890625 0.06015625
0 0.16171875 0.7734375 0.08828125 0.06953125
0 0.8125 0.07890625 0.07421875 0.04140625
0 0.63203125 0.79375 0.09296875 0.06484375
0 0.96953125 0.08125 0.05078125 0.04140625
0 0.965625 0.8078125 0.06484375 0.06015625
0 0.14140625 0.87265625 0.10625 0.07421875
0 0.69921875 0.090625 0.06015625 0.03671875
0 0.95390625 0.89375 0.08828125 0.07421875
0 0.70625 0.8984375 0.1015625 0.06953125
0 0.08125 0.09296875 0.06953125 0.05078125
0 0.35859375 0.1015625 0.06015625 0.03671875
0 0.8359375 0.10625 0.06953125 0.03671875
0 0.19921875 0.10859375 0.05546875 0.04140625
0 0.07421875 0.11796875 0.05546875 0.04140625
0 0.98125 0.1203125 0.03671875 0.05078125
0 0.321875 0.12265625 0.06015625 0.04140625
0 0.1390625 0.0140625 0.04609375 0.028125
0 0.6828125 0.1296875 0.06015625 0.04140625
0 0.17578125 0.134375 0.06484375 0.03203125
0 0.93515625 0.0140625 0.05078125 0.028125
0 0.8609375 0.13671875 0.04140625 0.03671875
0 0.053125 0.14375 0.06015625 0.05078125
0 0.365625 0.1484375 0.06484375 0.04140625
0 0.81953125 0.01640625 0.05078125 0.03203125
0 0.89140625 0.16171875 0.06015625 0.03671875
0 0.2734375 0.01640625 0.05546875 0.03203125
0 0.17578125 0.16640625 0.05546875 0.03203125
0 0.32890625 0.16875 0.05546875 0.03203125
0 0.38671875 0.01875 0.06015625 0.03671875
0 0.66875 0.1828125 0.06484375 0.04140625
0 0.17578125 0.19453125 0.06953125 0.04140625
0 0.87734375 0.196875 0.07421875 0.04140625
0 0.01875 0.20390625 0.03671875 0.03671875
0 0.10625 0.02109375 0.05546875 0.04140625
0 0.3703125 0.21796875 0.06953125 0.04609375
0 0.659375 0.22421875 0.06015625 0.03671875
0 0.9234375 0.2359375 0.07421875 0.05078125
0 0.15703125 0.23828125 0.05546875 0.04140625
0 0.21953125 0.02578125 0.05078125 0.03203125
0 0.97421875 0.02578125 0.04140625 0.04140625
0 0.9765625 0.2453125 0.03671875 0.04609375
0 0.03203125 0.24921875 0.0640625 0.0546875
0 0.875 0.25703125 0.06953125 0.03203125
0 0.678125 0.26875 0.07890625 0.05078125
0 0.125 0.2734375 0.07421875 0.05546875
0 0.303125 0.278125 0.06953125 0.04140625
0 0.85859375 0.28046875 0.05078125 0.03203125
0 0.10859375 0.3171875 0.06953125 0.05078125
0 0.30546875 0.31953125 0.06953125 0.03671875
0 0.86796875 0.33125 0.08359375 0.05078125
0 0.64609375 0.34296875 0.07890625 0.04609375
0 0.29609375 0.34921875 0.08828125 0.04140625
0 0.39609375 0.034375 0.05078125 0.03671875
0 0.05546875 0.35859375 0.07421875 0.05078125
0 0.66875 0.3703125 0.07890625 0.04609375
0 0.96953125 0.403125 0.05546875 0.06015625
0 0.821875 0.0390625 0.06484375 0.04609375
0 0.27109375 0.409375 0.06953125 0.03671875
0 0.85859375 0.428125 0.06953125 0.06015625
0 0.659375 0.4328125 0.06953125 0.06015625
0 0.68515625 0.04375 0.05546875 0.04609375
0 0.0390625 0.453125 0.078125 0.065625
0 0.26171875 0.45625 0.08359375 0.06484375
0 0.971875 0.0484375 0.05546875 0.028125
0 0.071875 0.0484375 0.06015625 0.03671875
0 0.6828125 0.4859375 0.07421875 0.04609375
0 0.93515625 0.50234375 0.07421875 0.06015625
0 0.21328125 0.05078125 0.05546875 0.0234375
0 0.06484375 0.5140625 0.07421875 0.06484375
0 0.88203125 0.53046875 0.07421875 0.05078125
0 0.7109375 0.55078125 0.08828125 0.05546875
0 0.909375 0.596875 0.08828125 0.06484375
0 0.2453125 0.6015625 0.08828125 0.06484375
0 0.3703125 0.06015625 0.06953125 0.04140625
0 0.22421875 0.65078125 0.09296875 0.05546875
0 0.653125 0.6640625 0.096875 0.07890625
0 0.97890625 0.67109375 0.03203125 0.06484375
0 0.93984375 0.69921875 0.08359375 0.06953125