0 0.6875 0.56953125 0.0140625 0.0234375
0 0.39140625 0.57890625 0.0234375 0.028125
0 0.7109375 0.58125 0.0234375 0.03203125
0 0.221875 0.60859375 0.01875 0.01875
0 0.61796875 0.61328125 0.01875 0.0140625
0 0.41640625 0.61328125 0.01875 0.0234375
0 0.64375 0.6203125 0.01875 0.0140625
0 0.41171875 0.62265625 0.0234375 0.01875
0 0.31953125 0.62265625 0.0234375 0.03203125
0 0.784375 0.62265625 0.028125 0.028125
0 0.721875 0.6296875 0.0234375 0.028125
0 0.1640625 0.63203125 0.01875 0.01875
0 0.36328125 0.63203125 0.0140625 0.0140625
0 0.0765625 0.63203125 0.01875 0.03203125
0 0.34921875 0.63203125 0.028125 0.03671875
0 0.5859375 0.63203125 0.0234375 0.03671875
0 0.6203125 0.634375 0.0234375 0.04140625
0 0.6875 0.634375 0.028125 0.03671875
0 0.2109375 0.64375 0.01875 0.04140625
0 0.29140625 0.64375 0.0234375 0.03203125
0 0.93046875 0.64375 0.028125 0.04140625
0 0.1875 0.64609375 0.03671875 0.04609375
0 0.84921875 0.64609375 0.03203125 0.04140625
0 0.87734375 0.64609375 0.03671875 0.03203125
0 0.24765625 0.64609375 0.04140625 0.06015625
0 0.803125 0.65078125 0.04140625 0.06015625
0 0.1296875 0.65078125 0.01875 0.028125
0 0.06015625 0.653125 0.05078125 0.05078125
0 0.965625 0.653125 0.03203125 0.05546875
0 0.403125 0.65546875 0.03203125 0.05078125
0 0.6390625 0.65546875 0.03203125 0.05546875
0 0.715625 0.65703125 0.03203125 0.04609375
0 0.30078125 0.65703125 0.0234375 0.028125
0 0.2734375 0.659375 0.01875 0.03203125
0 0.6640625 0.659375 0.0234375 0.04140625
0 0.15546875 0.6640625 0.03671875 0.04609375
0 0.3703125 0.66640625 0.03203125 0.05546875
0 0.10625 0.67109375 0.05078125 0.06484375
0 0.76171875 0.6734375 0.05546875 0.07421875
0 0.33828125 0.68515625 0.04140625 0.06484375
0 0.84921875 0.68515625 0.028125 0.05078125
0 0.8890625 0.6875 0.05078125 0.06015625
0 0.95625 0.70859375 0.06015625 0.06953125
0 0.303125 0.72421875 0.05546875 0.1015625
0 0.0625 0.72421875 0.06953125 0.08359375
0 0.18046875 0.73359375 0.06953125 0.1015625