0 0.75703125 0.125 0.028125 0.03203125
0 0.875 0.13203125 0.028125 0.03203125
0 0.58828125 0.13203125 0.028125 0.04609375
0 0.69921875 0.14375 0.01875 0.028125
0 0.71796875 0.14375 0.01875 0.03203125
0 0.471875 0.14609375 0.0234375 0.04140625
0 0.553125 0.1640625 0.01875 0.01875
0 0.64609375 0.16640625 0.01875 0.028125
0 0.8984375 0.16640625 0.0140625 0.01875
0 0.94921875 0.17109375 0.0234375 0.028125
0 0.590625 0.17109375 0.028125 0.03671875
0 0.5046875 0.1734375 0.01875 0.03671875
0 0.19921875 0.1828125 0.0140625 0.0234375
0 0.5140625 0.1828125 0.0140625 0.0234375
0 0.6734375 0.19453125 0.028125 0.04140625
0 0.25234375 0.19921875 0.028125 0.028125
0 0.85625 0.20390625 0.04140625 0.06484375
0 0.11796875 0.20859375 0.0234375 0.03203125
0 0.715625 0.21328125 0.04140625 0.05546875
0 0.4140625 0.22421875 0.04140625 0.04140625
0 0.178125 0.23125 0.05546875 0.08828125
0 0.590625 0.23828125 0.04609375 0.06953125
0 0.03046875 0.2453125 0.06015625 0.115625
0 0.54609375 0.25703125 0.04140625 0.08828125
0 0.95859375 0.25703125 0.04609375 0.06484375
0 0.75 0.284375 0.06953125 0.10625
0 0.33359375 0.29375 0.096875 0.16640625
0 0.41875 0.2984375 0.07890625 0.10625
0 0.9234375 0.35859375 0.10625 0.18515625