0 0.3796875 0.1734375 0.009375 0.0234375
0 0.37265625 0.18984375 0.0140625 0.0234375
0 0.38671875 0.20390625 0.009375 0.0234375
0 0.43046875 0.2109375 0.0140625 0.0234375
0 0.32890625 0.2109375 0.01875 0.03203125
0 0.35390625 0.22421875 0.01875 0.028125
0 0.1015625 0.22890625 0.0140625 0.028125
0 0.20625 0.2359375 0.0140625 0.0234375
0 0.0578125 0.2359375 0.0234375 0.03671875
0 0.43046875 0.23828125 0.0140625 0.0234375
0 0.21953125 0.240625 0.0234375 0.03203125
0 0.46796875 0.24296875 0.009375 0.0234375
0 0.1296875 0.24296875 0.0234375 0.03203125
0 0.3125 0.24296875 0.01875 0.0234375
0 0.51640625 0.24765625 0.01875 0.03203125
0 0.98359375 0.24765625 0.0140625 0.0234375
0 0.04140625 0.25 0.028125 0.04609375
0 0.4515625 0.25703125 0.0140625 0.028125
0 0.8890625 0.25703125 0.01875 0.03203125
0 0.81953125 0.259375 0.0234375 0.03203125
0 0.93984375 0.259375 0.0140625 0.0234375
0 0.8984375 0.26171875 0.0140625 0.0234375
0 0.178125 0.2640625 0.0140625 0.0140625
0 0.85390625 0.26640625 0.0140625 0.028125
0 0.3984375 0.26640625 0.0140625 0.028125
0 0.83828125 0.26875 0.0140625 0.0234375
0 0.19921875 0.26875 0.01875 0.0234375
0 0.78203125 0.26875 0.01875 0.028125
0 0.66640625 0.2734375 0.0140625 0.028125
0 0.14375 0.2734375 0.0234375 0.028125
0 0.125 0.27578125 0.01875 0.03203125
0 0.93046875 0.27578125 0.01875 0.0234375
0 0.71953125 0.28046875 0.03203125 0.03203125
0 0.7640625 0.28046875 0.0234375 0.03671875
0 0.178125 0.28203125 0.01875 0.0234375
0 0.7453125 0.28203125 0.0140625 0.03203125
0 0.68046875 0.28671875 0.0140625 0.03671875
0 0.80546875 0.2890625 0.03203125 0.0140625
0 0.9765625 0.2890625 0.0140625 0.0234375
0 0.89609375 0.2890625 0.028125 0.0234375
0 0.33828125 0.29609375 0.03671875 0.05078125
0 0.4140625 0.29609375 0.01875 0.028125
0 0.45859375 0.30078125 0.04140625 0.028125
0 0.56015625 0.30546875 0.01875 0.03203125
0 0.6390625 0.31015625 0.028125 0.04609375
0 0.096875 0.3125 0.028125 0.04609375
0 0.18984375 0.31484375 0.0140625 0.05078125
0 0.75234375 0.31484375 0.009375 0.03203125
0 0.54609375 0.31484375 0.0140625 0.05078125
0 0.58828125 0.3171875 0.01875 0.028125
0 0.2640625 0.3171875 0.03203125 0.05078125
0 0.53046875 0.3171875 0.0234375 0.04140625
0 0.15703125 0.321875 0.01875 0.04609375
0 0.29375 0.32421875 0.0234375 0.03203125
0 0.17578125 0.3265625 0.01875 0.05078125
0 0.784375 0.32890625 0.03203125 0.06015625
0 0.87265625 0.32890625 0.028125 0.04609375
0 0.3703125 0.33125 0.01875 0.0234375
0 0.8265625 0.33359375 0.028125 0.05078125
0 0.90546875 0.33359375 0.03203125 0.04609375
0 0.73828125 0.33828125 0.028125 0.05546875
0 0.221875 0.34296875 0.03203125 0.04609375
0 0.48125 0.3515625 0.028125 0.04140625
0 0.04609375 0.36796875 0.028125 0.04140625
0 0.70859375 0.384375 0.028125 0.04609375
0 0.990625 0.403125 0.01875 0.05078125
0 0.52109375 0.40703125 0.028125 0.05078125
0 0.2015625 0.4140625 0.028125 0.04140625
0 0.37734375 0.42109375 0.03671875 0.05078125
0 0.053125 0.43515625 0.028125 0.03671875
0 0.03046875 0.48125 0.03203125 0.04609375
0 0.13671875 0.4859375 0.04609375 0.05078125
0 0.30078125 0.48828125 0.028125 0.04140625
0 0.0046875 0.60859375 0.009375 0.06015625
0 0.64375 0.61328125 0.03203125 0.06953125
0 0.4765625 0.63203125 0.03671875 0.04609375
0 0.696875 0.653125 0.03203125 0.05078125
0 0.28671875 0.66875 0.03203125 0.05078125
0 0.009375 0.69453125 0.01875 0.06484375
0 0.16171875 0.69453125 0.04140625 0.06953125
0 0.1484375 0.72421875 0.03671875 0.05078125