0 0.71328125 0.284375 0.03203125 0.028125
0 0.82421875 0.31953125 0.03203125 0.05078125
0 0.12734375 0.33359375 0.0234375 0.0234375
0 0.3890625 0.3359375 0.03671875 0.06015625
0 0.14140625 0.3703125 0.01875 0.05078125
0 0.6640625 0.3796875 0.04140625 0.06015625
0 0.25234375 0.3890625 0.04609375 0.06015625
0 0.29375 0.3890625 0.03671875 0.06484375
0 0.19453125 0.39609375 0.03203125 0.06015625
0 0.41875 0.3984375 0.03671875 0.07421875
0 0.56015625 0.403125 0.028125 0.04609375
0 0.4953125 0.4140625 0.03203125 0.06484375
0 0.96328125 0.41875 0.03203125 0.03203125
0 0.16640625 0.42109375 0.028125 0.05546875
0 0.33125 0.42109375 0.04609375 0.06484375
0 0.93046875 0.43046875 0.0234375 0.05546875
0 0.8984375 0.4328125 0.028125 0.04140625
0 0.7640625 0.43984375 0.04140625 0.07890625
0 0.4609375 0.44921875 0.03671875 0.06953125
0 0.6015625 0.44921875 0.028125 0.06015625
0 0.840625 0.45390625 0.04609375 0.08828125
0 0.66640625 0.46328125 0.03671875 0.06484375
0 0.08125 0.465625 0.03671875 0.06484375
0 0.221875 0.46953125 0.04140625 0.05546875
0 0.5765625 0.48125 0.04140625 0.06015625
0 0.27578125 0.48359375 0.028125 0.06015625
0 0.14140625 0.50703125 0.03203125 0.04609375
0 0.32421875 0.53671875 0.03203125 0.06015625
0 0.92109375 0.553125 0.03203125 0.06015625