0 0.76875 0.1390625 0.05078125 0.1015625
0 0.31484375 0.14375 0.05078125 0.09296875
0 0.0140625 0.153125 0.028125 0.09296875
0 0.0859375 0.15703125 0.05078125 0.07890625
0 0.37265625 0.01640625 0.04609375 0.03203125
0 0.15703125 0.159375 0.04140625 0.08359375
0 0.04375 0.159375 0.028125 0.07890625
0 0.69453125 0.1734375 0.05078125 0.07421875
0 0.26875 0.178125 0.04609375 0.08359375
0 0.57890625 0.02109375 0.028125 0.04140625
0 0.4375 0.19921875 0.05546875 0.1203125
0 0.70625 0.02109375 0.0234375 0.04140625
0 0.9859375 0.20859375 0.0234375 0.1109375
0 0.81484375 0.20859375 0.06015625 0.115625
0 0.21796875 0.21328125 0.04140625 0.07890625
0 0.93046875 0.215625 0.05546875 0.1109375
0 0.6296875 0.21796875 0.05078125 0.09296875
0 0.3984375 0.21953125 0.03671875 0.1015625
0 0.5 0.21953125 0.05078125 0.1109375
0 0.8796875 0.0234375 0.028125 0.028125
0 0.125 0.23359375 0.06015625 0.096875
0 0.3515625 0.23828125 0.06484375 0.14375
0 0.96796875 0.02578125 0.03671875 0.05078125
0 0.2109375 0.24765625 0.04609375 0.04140625
0 0.5765625 0.25703125 0.05078125 0.08359375
0 0.71953125 0.26171875 0.06484375 0.1203125
0 0.053125 0.26171875 0.04609375 0.09296875
0 0.17109375 0.27109375 0.05546875 0.05546875
0 0.67109375 0.028125 0.04140625 0.05546875
0 0.659375 0.29609375 0.05546875 0.07421875
0 0.29609375 0.2984375 0.04609375 0.06015625
0 0.53671875 0.31015625 0.05078125 0.08359375
0 0.1390625 0.03203125 0.03203125 0.05546875
0 0.2453125 0.3265625 0.04140625 0.09296875
0 0.1109375 0.33828125 0.04609375 0.1015625
0 0.40703125 0.33828125 0.04609375 0.07890625
0 0.028125 0.340625 0.05546875 0.18046875
0 0.60390625 0.35859375 0.06015625 0.115625
0 0.45625 0.03671875 0.028125 0.06015625
0 0.07890625 0.03671875 0.04609375 0.06015625
0 0.84375 0.0390625 0.040625 0.078125
0 0.92578125 0.3890625 0.06953125 0.15703125
0 0.5046875 0.39140625 0.05078125 0.1015625
0 0.1828125 0.403125 0.06953125 0.14375
0 0.6921875 0.40703125 0.06015625 0.1109375
0 0.278125 0.41171875 0.06484375 0.08828125
0 0.18671875 0.04140625 0.0421875 0.0828125
0 0.41796875 0.04140625 0.0421875 0.0828125
0 0.3515625 0.41875 0.06484375 0.1109375
0 0.73984375 0.04375 0.0421875 0.0875
0 0.10390625 0.43046875 0.1015625 0.10625
0 0.97421875 0.4328125 0.05078125 0.17109375
0 0.6265625 0.04375 0.040625 0.0875
0 0.83125 0.46328125 0.06484375 0.1296875
0 0.44921875 0.46953125 0.06484375 0.125
0 0.5671875 0.48359375 0.06484375 0.115625
0 0.9859375 0.05078125 0.01875 0.07421875
0 0.2546875 0.50703125 0.08359375 0.134375
0 0.38203125 0.51640625 0.05078125 0.06953125
0 0.759375 0.53671875 0.05078125 0.1109375
0 0.51640625 0.05546875 0.04609375 0.1109375
0 0.67109375 0.553125 0.115625 0.153125
0 0.05078125 0.05546875 0.01875 0.06015625
0 0.0859375 0.56015625 0.04140625 0.07421875
0 0.03671875 0.559375 0.0734375 0.1625
0 0.0234375 0.0578125 0.03671875 0.07421875
0 0.54609375 0.0578125 0.0234375 0.04140625
0 0.9859375 0.60625 0.01875 0.17578125
0 0.1640625 0.06484375 0.03671875 0.06015625
0 0.41171875 0.653125 0.09296875 0.16640625
0 0.384375 0.06484375 0.03203125 0.04140625
0 0.2359375 0.0671875 0.03671875 0.06015625
0 0.81484375 0.6640625 0.08828125 0.153125
0 0.534375 0.68515625 0.07421875 0.1296875
0 0.26875 0.69453125 0.06484375 0.1484375
0 0.81015625 0.071875 0.05078125 0.08828125
0 0.06953125 0.71328125 0.07421875 0.153125
0 0.28046875 0.071875 0.05078125 0.06015625
0 0.70625 0.78671875 0.08828125 0.16640625
0 0.93984375 0.821875 0.08828125 0.16640625
0 0.66640625 0.08359375 0.03203125 0.07421875
0 0.08828125 0.0859375 0.04609375 0.04609375
0 0.48125 0.87734375 0.09296875 0.18515625
0 0.1640625 0.8890625 0.08359375 0.16171875
0 0.44921875 0.09296875 0.03203125 0.06015625
0 0.93984375 0.09453125 0.05078125 0.096875
0 0.70390625 0.09453125 0.04609375 0.08359375
0 0.34453125 0.09453125 0.0234375 0.03671875
0 0.48359375 0.10390625 0.04140625 0.096875
0 0.88671875 0.10859375 0.05078125 0.1109375
0 0.98125 0.115625 0.028125 0.08359375
0 0.56484375 0.115625 0.03671875 0.08359375
0 0.24765625 0.0140625 0.03203125 0.028125
0 0.59296875 0.1203125 0.04140625 0.09296875
0 0.3890625 0.1296875 0.04140625 0.06953125