0 0.32421875 0.10625 0.04609375 0.05546875
0 0.60625 0.12734375 0.05078125 0.06484375
0 0.67109375 0.13203125 0.05546875 0.07890625
0 0.51640625 0.13671875 0.04140625 0.06953125
0 0.3078125 0.14609375 0.05078125 0.06484375
0 0.721875 0.15078125 0.04609375 0.06953125
0 0.409375 0.153125 0.04609375 0.06015625
0 0.1875 0.15546875 0.04140625 0.06953125
0 0.05078125 0.15546875 0.05546875 0.09296875
0 0.46796875 0.15546875 0.04609375 0.07421875
0 0.9859375 0.16640625 0.028125 0.06484375
0 0.865625 0.178125 0.04140625 0.06953125
0 0.01640625 0.18046875 0.03203125 0.04609375
0 0.3703125 0.1828125 0.06953125 0.08359375
0 0.125 0.1875 0.028125 0.05546875
0 0.090625 0.1875 0.03671875 0.06484375
0 0.91171875 0.1875 0.04140625 0.06484375
0 0.240625 0.1875 0.05546875 0.09296875
0 0.15546875 0.1921875 0.05078125 0.06484375
0 0.3078125 0.196875 0.04140625 0.05546875
0 0.528125 0.2015625 0.06484375 0.10625
0 0.759375 0.21796875 0.04609375 0.06953125
0 0.79375 0.21796875 0.07890625 0.1296875
0 0.4421875 0.221875 0.05078125 0.08359375
0 0.47890625 0.2265625 0.05546875 0.07890625
0 0.33828125 0.23828125 0.06015625 0.09296875
0 0.58828125 0.240625 0.04140625 0.06484375
0 0.65078125 0.24296875 0.06484375 0.096875
0 0.02109375 0.25234375 0.04140625 0.10625
0 0.865625 0.25234375 0.05546875 0.09296875
0 0.9234375 0.25703125 0.05078125 0.115625
0 0.9609375 0.278125 0.06953125 0.15703125
0 0.14375 0.28046875 0.06953125 0.1015625
0 0.15703125 0.596875 0.07890625 0.08828125
0 0.01640625 0.62734375 0.03203125 0.07421875
0 0.28203125 0.64140625 0.07890625 0.115625
0 0.1015625 0.6828125 0.07890625 0.09296875
0 0.034375 0.76796875 0.06875 0.0828125
0 0.33828125 0.83359375 0.1109375 0.1296875
0 0.9140625 0.83828125 0.1390625 0.125
0 0.053125 0.83828125 0.1015625 0.1203125
0 0.45859375 0.85625 0.096875 0.08828125
0 0.66171875 0.08828125 0.03203125 0.06015625