0 0.54140625 0.52578125 0.009375 0.01875
0 0.365625 0.53203125 0.0140625 0.01875
0 0.596875 0.534375 0.0140625 0.0234375
0 0.6015625 0.534375 0.009375 0.01875
0 0.30546875 0.53671875 0.01875 0.01875
0 0.3171875 0.5390625 0.009375 0.01875
0 0.4234375 0.5390625 0.0140625 0.01875
0 0.52109375 0.54140625 0.01875 0.01875
0 0.6203125 0.54375 0.009375 0.01875
0 0.64375 0.5484375 0.009375 0.01875
0 0.5625 0.5484375 0.0140625 0.01875
0 0.29140625 0.5484375 0.0140625 0.0234375
0 0.1921875 0.5765625 0.009375 0.0140625
0 0.0046875 0.58359375 0.0046875 0.0046875
0 0.01171875 0.58359375 0.0046875 0.0046875
0 0.24296875 0.58359375 0.009375 0.0140625
0 0.26875 0.58828125 0.009375 0.0140625
0 0.02109375 0.59296875 0.0046875 0.0046875
0 0.8125 0.59296875 0.0140625 0.01875
0 0.0859375 0.59453125 0.009375 0.0046875
0 0.07890625 0.596875 0.0046875 0.0046875
0 0.00703125 0.596875 0.0140625 0.0234375
0 0.01875 0.6015625 0.009375 0.0046875
0 0.06015625 0.6015625 0.009375 0.009375
0 0.2546875 0.6015625 0.0140625 0.0140625
0 0.09453125 0.60390625 0.0046875 0.0046875
0 0.1109375 0.60390625 0.0046875 0.0046875
0 0.26875 0.60390625 0.009375 0.0140625
0 0.03203125 0.60625 0.009375 0.009375
0 0.85625 0.60625 0.0140625 0.01875
0 0.04609375 0.6109375 0.009375 0.01875
0 0.20625 0.61328125 0.009375 0.0140625
0 0.25703125 0.61328125 0.0140625 0.0140625
0 0.0140625 0.61328125 0.009375 0.0140625
0 0.696875 0.615625 0.009375 0.009375
0 0.9609375 0.615625 0.01875 0.01875
0 0.528125 0.61796875 0.0140625 0.0234375
0 0.4515625 0.61796875 0.0140625 0.0234375
0 0.73828125 0.6203125 0.009375 0.0140625
0 0.66875 0.6203125 0.009375 0.009375
0 0.82890625 0.6203125 0.009375 0.0140625
0 0.615625 0.6203125 0.0140625 0.028125
0 0.634375 0.62265625 0.01875 0.028125
0 0.909375 0.62265625 0.009375 0.01875
0 0.215625 0.62265625 0.0140625 0.01875
0 0.928125 0.625 0.0046875 0.0140625
0 0.178125 0.625 0.0234375 0.01875
0 0.2359375 0.625 0.03203125 0.04609375
0 0.87734375 0.62734375 0.009375 0.0140625
0 0.74765625 0.62734375 0.0046875 0.0140625
0 0.9375 0.62734375 0.009375 0.009375
0 0.2015625 0.62734375 0.0140625 0.01875
0 0.403125 0.62734375 0.0140625 0.01875
0 0.2890625 0.6296875 0.0140625 0.0234375
0 0.94921875 0.63203125 0.0140625 0.01875
0 0.71796875 0.63203125 0.028125 0.04140625
0 0.759375 0.63203125 0.0140625 0.01875
0 0.6828125 0.63203125 0.0046875 0.009375
0 0.7890625 0.63203125 0.03203125 0.05078125
0 0.3125 0.63203125 0.01875 0.0234375
0 0.56015625 0.63203125 0.0140625 0.0234375
0 0.1296875 0.634375 0.009375 0.009375
0 0.990625 0.634375 0.009375 0.0140625
0 0.26875 0.63671875 0.0046875 0.0046875
0 0.115625 0.64375 0.009375 0.009375
0 0.70390625 0.64375 0.028125 0.03671875
0 0.465625 0.65078125 0.01875 0.03203125
0 0.0046875 0.65078125 0.009375 0.0140625
0 0.5140625 0.65078125 0.028125 0.04609375
0 0.071875 0.653125 0.0140625 0.0140625
0 0.090625 0.653125 0.0140625 0.0140625
0 0.10390625 0.653125 0.0140625 0.0140625
0 0.01640625 0.65546875 0.0140625 0.0140625
0 0.05078125 0.65703125 0.0140625 0.01875
0 0.8609375 0.65703125 0.009375 0.0046875
0 0.1203125 0.65703125 0.0140625 0.01875
0 0.61796875 0.66171875 0.028125 0.04140625
0 0.4234375 0.66171875 0.0234375 0.05078125
0 0.15703125 0.6640625 0.028125 0.05078125
0 0.68984375 0.67109375 0.03203125 0.05546875
0 0.06015625 0.6734375 0.0140625 0.0234375
0 0.86796875 0.6734375 0.009375 0.01875
0 0.8515625 0.6734375 0.01875 0.03203125
0 0.74296875 0.67578125 0.03671875 0.06015625
0 0.0140625 0.68046875 0.01875 0.01875
0 0.3265625 0.6828125 0.01875 0.028125
0 0.840625 0.6921875 0.009375 0.028125
0 0.29140625 0.69453125 0.01875 0.03203125
0 0.16171875 0.7015625 0.0234375 0.03203125
0 0.36328125 0.73359375 0.01875 0.0234375
0 0.08359375 0.7359375 0.0234375 0.04140625
0 0.29375 0.840625 0.028125 0.05078125