0 0.02109375 0.10625 0.04140625 0.07890625
0 0.22421875 0.16171875 0.03671875 0.07890625
0 0.03203125 0.17109375 0.028125 0.05546875
0 0.41171875 0.17578125 0.05078125 0.08828125
0 0.46328125 0.1875 0.03671875 0.03671875
0 0.15703125 0.1921875 0.05546875 0.08359375
0 0.68515625 0.1921875 0.028125 0.05546875
0 0.54609375 0.2015625 0.03203125 0.05078125
0 0.5765625 0.20390625 0.03203125 0.04140625
0 0.715625 0.20625 0.03203125 0.05546875
0 0.965625 0.21328125 0.0234375 0.03671875
0 0.278125 0.215625 0.028125 0.04140625
0 0.51171875 0.221875 0.04140625 0.06484375
0 0.35625 0.22421875 0.05078125 0.07421875
0 0.75 0.22890625 0.03203125 0.05546875
0 0.784375 0.23359375 0.03671875 0.05546875
0 0.8265625 0.2359375 0.03203125 0.06015625
0 0.903125 0.2359375 0.03671875 0.06953125
0 0.94921875 0.23828125 0.03203125 0.05078125
0 0.11328125 0.23828125 0.06484375 0.1109375
0 0.659375 0.23828125 0.05078125 0.07421875
0 0.85859375 0.240625 0.0234375 0.04609375
0 0.61328125 0.24765625 0.028125 0.04140625
0 0.571875 0.2546875 0.03671875 0.06953125
0 0.259375 0.25703125 0.04609375 0.07890625
0 0.509375 0.31484375 0.05078125 0.07890625
0 0.85859375 0.38671875 0.03671875 0.06015625