0 0.4515625 0.471875 0.0046875 0.0046875
0 0.446875 0.471875 0.0046875 0.0046875
0 0.4765625 0.471875 0.0046875 0.0046875
0 0.46328125 0.47421875 0.0046875 0.0046875
0 0.46796875 0.47890625 0.0046875 0.009375
0 0.49296875 0.48359375 0.0046875 0.0046875
0 0.5140625 0.48359375 0.0046875 0.0046875
0 0.465625 0.48359375 0.0046875 0.0046875
0 0.48359375 0.48359375 0.0046875 0.0046875
0 0.471875 0.4859375 0.0046875 0.0046875
0 0.47421875 0.4859375 0.0046875 0.0046875
0 0.5 0.4859375 0.0046875 0.009375
0 0.54609375 0.4859375 0.0046875 0.009375
0 0.428125 0.4859375 0.0046875 0.009375
0 0.4234375 0.4859375 0.0046875 0.0046875
0 0.40546875 0.48828125 0.0046875 0.0046875
0 0.53671875 0.48828125 0.009375 0.009375
0 0.49765625 0.48828125 0.0046875 0.009375
0 0.490625 0.48828125 0.0046875 0.009375
0 0.43984375 0.48828125 0.0046875 0.009375
0 0.446875 0.48828125 0.009375 0.009375
0 0.4515625 0.48828125 0.0046875 0.0046875
0 0.4140625 0.490625 0.0046875 0.009375
0 0.51875 0.490625 0.0046875 0.009375
0 0.4609375 0.490625 0.0046875 0.0046875
0 0.4765625 0.490625 0.0046875 0.0046875
0 0.50703125 0.490625 0.0046875 0.009375
0 0.4859375 0.490625 0.0046875 0.009375
0 0.509375 0.490625 0.0046875 0.009375
0 0.5484375 0.49296875 0.009375 0.0140625
0 0.5625 0.49296875 0.009375 0.0140625
0 0.54375 0.49296875 0.0046875 0.0046875
0 0.39609375 0.49296875 0.009375 0.0140625
0 0.4140625 0.49296875 0.0046875 0.0046875
0 0.465625 0.49296875 0.009375 0.0046875
0 0.57890625 0.49296875 0.009375 0.009375
0 0.43515625 0.49296875 0.009375 0.0046875
0 0.37265625 0.4953125 0.009375 0.0140625
0 0.428125 0.4953125 0.009375 0.009375
0 0.45625 0.4953125 0.0046875 0.009375
0 0.42109375 0.4953125 0.009375 0.009375
0 0.53046875 0.4953125 0.0046875 0.0140625
0 0.5390625 0.49765625 0.0046875 0.009375
0 0.384375 0.49765625 0.009375 0.0140625
0 0.446875 0.49765625 0.009375 0.009375
0 0.29140625 0.49765625 0.03203125 0.03671875
0 0.615625 0.5 0.009375 0.0140625
0 0.65703125 0.5 0.009375 0.009375
0 0.41171875 0.5 0.009375 0.009375
0 0.43984375 0.5 0.0046875 0.0046875
0 0.4609375 0.5 0.009375 0.009375
0 0.34453125 0.50234375 0.0046875 0.0140625
0 0.51640625 0.50234375 0.0140625 0.01875
0 0.596875 0.50234375 0.009375 0.0140625
0 0.46953125 0.5046875 0.0046875 0.009375
0 0.34921875 0.5046875 0.009375 0.009375
0 0.3609375 0.5046875 0.0140625 0.0140625
0 0.47890625 0.5046875 0.0046875 0.009375
0 0.64375 0.5046875 0.009375 0.0140625
0 0.3359375 0.5046875 0.009375 0.009375
0 0.3703125 0.5046875 0.009375 0.0140625
0 0.39140625 0.5046875 0.009375 0.009375
0 0.56953125 0.5046875 0.0046875 0.009375
0 0.32890625 0.5046875 0.0140625 0.01875
0 0.43515625 0.5046875 0.009375 0.009375
0 0.44453125 0.5046875 0.0046875 0.009375
0 0.5 0.50703125 0.0140625 0.0140625
0 0.5390625 0.50703125 0.009375 0.009375
0 0.5765625 0.50703125 0.009375 0.0140625
0 0.7546875 0.50703125 0.009375 0.0140625
0 0.40703125 0.50703125 0.0046875 0.009375
0 0.56484375 0.509375 0.009375 0.0140625
0 0.41640625 0.509375 0.009375 0.0140625
0 0.63671875 0.509375 0.009375 0.0140625
0 0.44921875 0.51171875 0.009375 0.0140625
0 0.67109375 0.51171875 0.0140625 0.0140625
0 0.48359375 0.51171875 0.009375 0.0140625
0 0.55546875 0.51171875 0.0046875 0.0140625
0 0.65546875 0.51171875 0.009375 0.0140625
0 0.428125 0.51171875 0.009375 0.0140625
0 0.375 0.5140625 0.009375 0.009375
0 0.403125 0.5140625 0.009375 0.0140625
0 0.2015625 0.5140625 0.0234375 0.03203125
0 0.3515625 0.5140625 0.009375 0.0140625
0 0.62265625 0.51640625 0.009375 0.009375
0 0.70625 0.51640625 0.0140625 0.01875
0 0.47421875 0.51640625 0.009375 0.0140625
0 0.340625 0.51875 0.0140625 0.0140625
0 0.6640625 0.51875 0.0140625 0.01875
0 0.71796875 0.51875 0.0140625 0.01875
0 0.39375 0.52109375 0.0140625 0.01875
0 0.5390625 0.52109375 0.0140625 0.0140625
0 0.60390625 0.52109375 0.0140625 0.01875
0 0.4375 0.52109375 0.0140625 0.01875
0 0.07890625 0.5234375 0.01875 0.01875
0 0.25 0.52578125 0.009375 0.01875
0 0.31015625 0.52578125 0.0140625 0.01875
0 0.46953125 0.52578125 0.0046875 0.0140625
0 0.73359375 0.52578125 0.0140625 0.01875
0 0.75 0.52578125 0.01875 0.0234375
0 0.32421875 0.528125 0.0140625 0.01875
0 0.678125 0.528125 0.0140625 0.0234375
0 0.4609375 0.528125 0.009375 0.0140625
0 0.45390625 0.53046875 0.009375 0.01875
0 0.55546875 0.53046875 0.0140625 0.01875
0 0.51875 0.53046875 0.0140625 0.01875
0 0.2265625 0.53046875 0.01875 0.03671875
0 0.178125 0.534375 0.05078125 0.06484375
0 0.625 0.534375 0.0140625 0.0234375
0 0.28046875 0.53671875 0.04140625 0.05078125
0 0.428125 0.53671875 0.0140625 0.01875
0 0.66171875 0.53671875 0.01875 0.028125
0 0.028125 0.5390625 0.03671875 0.05078125
0 0.06953125 0.5390625 0.0234375 0.03203125
0 0.23828125 0.54375 0.0234375 0.04140625
0 0.5 0.54375 0.01875 0.028125
0 0.76171875 0.54375 0.0140625 0.0234375
0 0.6484375 0.54609375 0.01875 0.01875
0 0.25 0.54609375 0.0140625 0.0234375
0 0.5625 0.54609375 0.0140625 0.0234375
0 0.096875 0.54609375 0.04140625 0.05546875
0 0.52109375 0.54609375 0.0140625 0.0234375
0 0.5859375 0.54609375 0.0234375 0.01875
0 0.83125 0.54609375 0.0234375 0.05546875
0 0.04609375 0.5484375 0.01875 0.03671875
0 0.54375 0.5484375 0.0140625 0.0234375
0 0.009375 0.5484375 0.01875 0.04140625
0 0.37265625 0.55078125 0.03203125 0.05078125
0 0.7109375 0.55078125 0.03203125 0.04609375
0 0.15546875 0.55078125 0.01875 0.03203125
0 0.85390625 0.553125 0.04140625 0.06015625
0 0.47890625 0.55546875 0.0234375 0.03203125
0 0.45859375 0.56015625 0.028125 0.04140625
0 0.89609375 0.5625 0.01875 0.04140625
0 0.79140625 0.56484375 0.028125 0.05078125
0 0.6828125 0.571875 0.0234375 0.03671875
0 0.87265625 0.57421875 0.0234375 0.03671875
0 0.40078125 0.57421875 0.028125 0.04140625
0 0.80546875 0.58125 0.01875 0.04140625
0 0.98828125 0.58125 0.0234375 0.08359375
0 0.9234375 0.58359375 0.06015625 0.07421875
0 0.590625 0.58359375 0.04140625 0.06015625
0 0.7359375 0.5859375 0.03671875 0.05546875
0 0.64609375 0.6015625 0.05078125 0.08359375
0 0.04375 0.73515625 0.0875 0.1203125