0 0.08359375 0.2640625 0.0046875 0.0046875
0 0.04140625 0.27109375 0.028125 0.03671875
0 0.31953125 0.27578125 0.0046875 0.0140625
0 0.11796875 0.27578125 0.03203125 0.05546875
0 0.31484375 0.27578125 0.0046875 0.009375
0 0.31015625 0.27578125 0.009375 0.01875
0 0.15703125 0.278125 0.028125 0.04609375
0 0.0859375 0.28046875 0.0140625 0.01875
0 0.0578125 0.28203125 0.0140625 0.0234375
0 0.01640625 0.284375 0.03203125 0.04609375
0 0.196875 0.284375 0.0140625 0.009375
0 0.23125 0.284375 0.009375 0.009375
0 0.56015625 0.284375 0.0140625 0.0234375
0 0.07890625 0.2890625 0.009375 0.0234375
0 0.24296875 0.29140625 0.0046875 0.009375
0 0.63203125 0.29140625 0.01875 0.028125
0 0.7109375 0.29140625 0.01875 0.0234375
0 0.40078125 0.29375 0.028125 0.04609375
0 0.28671875 0.29375 0.03203125 0.04140625
0 0.346875 0.29375 0.0234375 0.04609375
0 0.36328125 0.29609375 0.0140625 0.0234375
0 0.22421875 0.29609375 0.0140625 0.0140625
0 0.53671875 0.29609375 0.01875 0.03671875
0 0.3125 0.29609375 0.009375 0.009375
0 0.66171875 0.29609375 0.009375 0.01875
0 0.615625 0.2984375 0.009375 0.0140625
0 0.95859375 0.2984375 0.03671875 0.05546875
0 0.48125 0.2984375 0.0140625 0.0234375
0 0.51875 0.30078125 0.009375 0.01875
0 0.38203125 0.30078125 0.009375 0.0140625
0 0.759375 0.30078125 0.0140625 0.0234375
0 0.2109375 0.30078125 0.0140625 0.0140625
0 0.46328125 0.303125 0.01875 0.028125
0 0.2640625 0.303125 0.0234375 0.028125
0 0.22890625 0.30546875 0.009375 0.009375
0 0.75 0.30546875 0.0140625 0.0140625
0 0.37265625 0.30546875 0.009375 0.01875
0 0.61328125 0.3078125 0.0140625 0.0234375
0 0.6734375 0.3078125 0.0234375 0.04140625
0 0.78046875 0.31015625 0.028125 0.03671875
0 0.23828125 0.31015625 0.009375 0.0140625
0 0.18046875 0.3125 0.028125 0.03671875
0 0.59296875 0.3125 0.01875 0.04609375
0 0.653125 0.3171875 0.009375 0.0140625
0 0.8078125 0.31953125 0.01875 0.03203125
0 0.7265625 0.321875 0.0234375 0.04609375
0 0.7109375 0.321875 0.01875 0.03671875
0 0.49296875 0.321875 0.01875 0.03203125
0 0.55546875 0.32421875 0.0234375 0.04140625
0 0.83828125 0.33125 0.03671875 0.05546875
0 0.86796875 0.340625 0.03203125 0.04609375
0 0.58828125 0.38671875 0.028125 0.04609375
0 0.49765625 0.4140625 0.028125 0.03671875
0 0.67578125 0.43515625 0.0234375 0.04140625
0 0.0578125 0.465625 0.03203125 0.05078125
0 0.23125 0.471875 0.01875 0.03203125
0 0.89375 0.47421875 0.03671875 0.05546875
0 0.83359375 0.48359375 0.03671875 0.06015625
0 0.32421875 0.48828125 0.028125 0.05546875
0 0.96796875 0.5578125 0.03671875 0.06015625
0 0.38671875 0.66640625 0.03671875 0.04140625