0 0.384375 0.1109375 0.009375 0.0140625
0 0.4328125 0.11328125 0.009375 0.0140625
0 0.33359375 0.1203125 0.01875 0.0140625
0 0.39375 0.1203125 0.0046875 0.0140625
0 0.41640625 0.125 0.009375 0.0140625
0 0.44453125 0.13203125 0.009375 0.0140625
0 0.42109375 0.1390625 0.009375 0.0140625
0 0.34921875 0.14140625 0.0140625 0.0140625
0 0.43515625 0.14375 0.009375 0.0140625
0 0.36796875 0.153125 0.009375 0.009375
0 0.46796875 0.15546875 0.0140625 0.0234375
0 0.3515625 0.15703125 0.0140625 0.0140625
0 0.34296875 0.159375 0.009375 0.0140625
0 0.43984375 0.16171875 0.0140625 0.01875
0 0.41171875 0.1734375 0.0140625 0.0234375
0 0.51640625 0.178125 0.01875 0.01875
0 0.38671875 0.178125 0.0140625 0.01875
0 0.54609375 0.1828125 0.01875 0.0234375
0 0.37265625 0.18984375 0.0140625 0.01875
0 0.49296875 0.19921875 0.0140625 0.0234375
0 0.52578125 0.19921875 0.01875 0.028125
0 0.2640625 0.20625 0.0140625 0.01875
0 0.2734375 0.2109375 0.0140625 0.01875
0 0.30078125 0.21328125 0.0140625 0.0234375
0 0.384375 0.215625 0.01875 0.0234375
0 0.33359375 0.215625 0.01875 0.01875
0 0.52109375 0.21796875 0.0234375 0.0234375
0 0.43515625 0.21796875 0.0140625 0.0234375
0 0.28046875 0.221875 0.0234375 0.0234375
0 0.34921875 0.22421875 0.0140625 0.0234375
0 0.39375 0.23828125 0.01875 0.0234375
0 0.5234375 0.2453125 0.01875 0.0234375
0 0.3171875 0.2453125 0.01875 0.0234375
0 0.5765625 0.25 0.01875 0.0234375
0 0.5046875 0.26640625 0.028125 0.03203125
0 0.44921875 0.27578125 0.0234375 0.028125
0 0.5671875 0.278125 0.028125 0.03203125
0 0.37265625 0.28203125 0.0234375 0.028125
0 0.33828125 0.284375 0.0234375 0.03203125
0 0.53671875 0.28671875 0.03203125 0.03203125
0 0.26875 0.2890625 0.028125 0.03671875
0 0.8171875 0.30078125 0.03203125 0.04609375
0 0.153125 0.303125 0.028125 0.03671875
0 0.784375 0.303125 0.04140625 0.04609375
0 0.41875 0.303125 0.0234375 0.03203125
0 0.57421875 0.30546875 0.01875 0.03671875
0 0.73125 0.30546875 0.028125 0.03203125
0 0.64609375 0.31484375 0.028125 0.04609375
0 0.34453125 0.3171875 0.0234375 0.04140625
0 0.27578125 0.3359375 0.028125 0.03671875
0 0.62265625 0.3359375 0.03203125 0.03203125
0 0.31015625 0.3359375 0.028125 0.04140625
0 0.6921875 0.340625 0.07421875 0.08828125
0 0.2453125 0.34453125 0.03671875 0.03671875
0 0.04375 0.35625 0.07421875 0.08828125
0 0.58828125 0.35859375 0.028125 0.05078125
0 0.60859375 0.36328125 0.028125 0.04609375
0 0.95625 0.3703125 0.07421875 0.10625
0 0.47890625 0.38203125 0.04140625 0.04609375
0 0.43046875 0.38671875 0.04140625 0.06015625
0 0.3265625 0.3890625 0.04140625 0.06015625
0 0.18046875 0.39140625 0.06015625 0.06015625
0 0.803125 0.3984375 0.09296875 0.1109375
0 0.528125 0.41171875 0.07421875 0.125
0 0.08359375 0.4140625 0.06953125 0.08828125
0 0.25703125 0.41875 0.05546875 0.09296875
0 0.678125 0.43046875 0.08828125 0.09296875
0 0.3984375 0.4328125 0.04140625 0.05078125
0 0.44453125 0.53046875 0.07890625 0.1109375
0 0.31484375 0.54375 0.10625 0.125
0 0.15078125 0.60859375 0.14375 0.20390625
0 0.3703125 0.09921875 0.009375 0.0140625