0 0.26640625 0.278125 0.04140625 0.05546875
0 0.5390625 0.30546875 0.0234375 0.03671875
0 0.05546875 0.3125 0.04140625 0.04140625
0 0.64609375 0.31953125 0.0140625 0.009375
0 0.3984375 0.3265625 0.03671875 0.03671875
0 0.59453125 0.3265625 0.01875 0.03203125
0 0.85625 0.33359375 0.01875 0.01875
0 0.8796875 0.33359375 0.009375 0.009375
0 0.29140625 0.33359375 0.04140625 0.06015625
0 0.8890625 0.3359375 0.0140625 0.0140625
0 0.740625 0.3359375 0.06484375 0.09296875
0 0.34453125 0.3359375 0.04140625 0.04609375
0 0.221875 0.340625 0.07421875 0.1015625
0 0.95390625 0.340625 0.0140625 0.0140625
0 0.8359375 0.340625 0.0234375 0.0234375
0 0.134375 0.340625 0.06015625 0.096875
0 0.5484375 0.340625 0.0140625 0.028125
0 0.5671875 0.34296875 0.01875 0.04140625
0 0.64609375 0.34453125 0.03203125 0.05078125
0 0.9328125 0.346875 0.009375 0.0140625
0 0.8796875 0.346875 0.0140625 0.01875
0 0.06953125 0.3515625 0.05078125 0.06484375
0 0.90703125 0.35390625 0.028125 0.0234375
0 0.96796875 0.35390625 0.01875 0.0234375
0 0.99296875 0.35625 0.0140625 0.0234375
0 0.42109375 0.35625 0.03203125 0.04140625
0 0.85859375 0.35859375 0.0234375 0.01875
0 0.79609375 0.35859375 0.03203125 0.04609375
0 0.81484375 0.3609375 0.0234375 0.028125
0 0.98359375 0.3609375 0.0234375 0.028125
0 0.94921875 0.36328125 0.0234375 0.028125
0 0.46796875 0.375 0.096875 0.134375
0 0.91640625 0.39609375 0.03671875 0.04609375
0 0.83828125 0.3984375 0.03203125 0.05546875
0 0.98359375 0.403125 0.03203125 0.05078125
0 0.59453125 0.403125 0.07421875 0.096875
0 0.31015625 0.41875 0.06015625 0.06953125
0 0.02109375 0.42109375 0.04140625 0.1015625
0 0.875 0.446875 0.028125 0.05078125
0 0.91171875 0.49296875 0.08828125 0.096875
0 0.72890625 0.4953125 0.1203125 0.17578125
0 0.49296875 0.56015625 0.125 0.1390625