0 0.83125 0.36796875 0.06484375 0.1203125
0 0.1296875 0.38671875 0.01875 0.028125
0 0.6390625 0.39609375 0.06015625 0.1015625
0 0.696875 0.39609375 0.03671875 0.07890625
0 0.16171875 0.403125 0.0140625 0.01875
0 0.20859375 0.403125 0.05546875 0.09296875
0 0.04140625 0.40546875 0.05078125 0.096875
0 0.73125 0.40703125 0.04140625 0.07890625
0 0.27109375 0.409375 0.04140625 0.07890625
0 0.34453125 0.409375 0.04609375 0.07890625
0 0.30546875 0.4140625 0.028125 0.04609375
0 0.1734375 0.41875 0.0234375 0.028125
0 0.1109375 0.4234375 0.0234375 0.04609375
0 0.07421875 0.4234375 0.0234375 0.05078125
0 0.57421875 0.4234375 0.04140625 0.06484375
0 0.23359375 0.4234375 0.03203125 0.05078125
0 0.42578125 0.428125 0.06015625 0.096875
0 0.01640625 0.43046875 0.03203125 0.06953125
0 0.1390625 0.4375 0.04140625 0.06015625
0 0.4859375 0.4421875 0.0234375 0.04609375
0 0.88671875 0.446875 0.06015625 0.08828125
0 0.09296875 0.4515625 0.03203125 0.05078125
0 0.46328125 0.45625 0.04609375 0.09296875
0 0.84921875 0.471875 0.03203125 0.05078125
0 0.528125 0.47890625 0.05546875 0.07890625
0 0.94453125 0.48125 0.06953125 0.115625