0 0.94921875 0.284375 0.06484375 0.125
0 0.47890625 0.2984375 0.05078125 0.07890625
0 0.79609375 0.3171875 0.03203125 0.10625
0 0.1109375 0.3515625 0.06484375 0.1203125
0 0.84296875 0.35625 0.06953125 0.14375
0 0.05546875 0.375 0.06015625 0.1390625
0 0.571875 0.3890625 0.08828125 0.1390625
0 0.178125 0.40078125 0.07421875 0.18046875
0 0.26875 0.04140625 0.0234375 0.03203125
0 0.365625 0.07421875 0.01875 0.04140625
0 0.16171875 0.08125 0.01875 0.03203125
0 0.60625 0.0859375 0.01875 0.03671875
0 0.96328125 0.09921875 0.009375 0.01875
0 0.2265625 0.10625 0.01875 0.03203125
0 0.02109375 0.10859375 0.0234375 0.05078125
0 0.26640625 0.10859375 0.01875 0.04609375
0 0.65546875 0.10859375 0.03671875 0.01875
0 0.91875 0.10859375 0.0140625 0.03203125
0 0.48828125 0.10859375 0.01875 0.028125
0 0.784375 0.1109375 0.0234375 0.01875
0 0.04609375 0.1109375 0.028125 0.04140625
0 0.196875 0.1109375 0.028125 0.03671875
0 0.07421875 0.11328125 0.009375 0.0234375
0 0.13671875 0.11328125 0.009375 0.03203125
0 0.93984375 0.11328125 0.0140625 0.028125
0 0.09296875 0.115625 0.028125 0.0234375
0 0.29375 0.11796875 0.01875 0.03671875
0 0.53046875 0.11796875 0.01875 0.03671875
0 0.54375 0.11796875 0.0140625 0.03203125
0 0.89375 0.11796875 0.01875 0.03203125
0 0.115625 0.11796875 0.01875 0.04140625
0 0.4609375 0.1203125 0.0140625 0.03671875
0 0.35625 0.125 0.0234375 0.03671875
0 0.8703125 0.125 0.0140625 0.04140625
0 0.990625 0.12734375 0.0140625 0.03203125
0 0.15078125 0.12734375 0.01875 0.04609375
0 0.446875 0.12734375 0.0234375 0.03203125
0 0.24296875 0.1296875 0.028125 0.03203125
0 0.70625 0.1296875 0.0234375 0.03203125
0 0.17578125 0.13203125 0.03203125 0.03671875
0 0.66171875 0.13203125 0.028125 0.04140625
0 0.9609375 0.13203125 0.0140625 0.0234375
0 0.57421875 0.134375 0.01875 0.03203125
0 0.4140625 0.13671875 0.0234375 0.03671875
0 0.32890625 0.13671875 0.0234375 0.04140625
0 0.3890625 0.13671875 0.0234375 0.05078125
0 0.81484375 0.1390625 0.01875 0.028125
0 0.490625 0.1390625 0.01875 0.0234375
0 0.7546875 0.14140625 0.03203125 0.03671875
0 0.7265625 0.14140625 0.028125 0.0234375
0 0.79375 0.14140625 0.0234375 0.03203125
0 0.61328125 0.14375 0.0234375 0.03203125
0 0.04140625 0.15546875 0.04609375 0.0234375
0 0.82890625 0.15703125 0.0234375 0.03671875
0 0.1296875 0.16171875 0.03203125 0.05078125
0 0.51640625 0.16171875 0.01875 0.03671875
0 0.91171875 0.16171875 0.0234375 0.03671875
0 0.65546875 0.16640625 0.028125 0.03203125
0 0.76640625 0.16640625 0.03203125 0.04140625
0 0.95625 0.16640625 0.03671875 0.04140625
0 0.23828125 0.17109375 0.0234375 0.03203125
0 0.85390625 0.17109375 0.0234375 0.05078125
0 0.4609375 0.1734375 0.03203125 0.05546875
0 0.43515625 0.17578125 0.03671875 0.06015625
0 0.17109375 0.18046875 0.028125 0.03203125
0 0.48828125 0.18046875 0.028125 0.04140625
0 0.73125 0.1828125 0.028125 0.05546875
0 0.590625 0.18984375 0.03203125 0.05546875
0 0.19921875 0.18984375 0.03671875 0.07421875
0 0.6296875 0.2015625 0.03671875 0.03671875
0 0.77578125 0.2015625 0.028125 0.04609375
0 0.09296875 0.21953125 0.03203125 0.05546875
0 0.3984375 0.2265625 0.04609375 0.096875
0 0.2359375 0.2265625 0.03203125 0.04609375
0 0.03203125 0.240625 0.05078125 0.08359375
0 0.63671875 0.2453125 0.03203125 0.06953125
0 0.56015625 0.25234375 0.04140625 0.07421875
0 0.67578125 0.25703125 0.04609375 0.08828125