0 0.634375 0.73125 0.03671875 0.05078125
0 0.7453125 0.73828125 0.0234375 0.04140625
0 0.365625 0.74296875 0.04140625 0.05078125
0 0.20390625 0.74296875 0.01875 0.03671875
0 0.71796875 0.7453125 0.028125 0.028125
0 0.68046875 0.74765625 0.03203125 0.05078125
0 0.55546875 0.7546875 0.028125 0.03671875
0 0.79609375 0.759375 0.0140625 0.0234375
0 0.42578125 0.759375 0.0234375 0.05078125
0 0.971875 0.759375 0.0234375 0.06015625
0 0.27109375 0.76171875 0.028125 0.03671875
0 0.65703125 0.76171875 0.01875 0.04140625
0 0.8078125 0.7640625 0.0140625 0.028125
0 0.30078125 0.76640625 0.0234375 0.03671875
0 0.90546875 0.77109375 0.028125 0.05546875
0 0.534375 0.77109375 0.01875 0.03671875
0 0.8703125 0.77109375 0.0140625 0.01875
0 0.46796875 0.7734375 0.028125 0.04140625
0 0.846875 0.7734375 0.01875 0.03671875
0 0.95390625 0.7734375 0.0234375 0.05078125
0 0.05546875 0.77578125 0.01875 0.01875
0 0.0671875 0.77578125 0.0140625 0.01875
0 0.88203125 0.778125 0.0234375 0.03671875
0 0.50703125 0.78203125 0.03671875 0.04609375
0 0.78671875 0.784375 0.0140625 0.028125
0 0.15703125 0.784375 0.01875 0.0234375
0 0.02578125 0.78671875 0.0140625 0.01875
0 0.83125 0.78671875 0.0140625 0.028125
0 0.0140625 0.78671875 0.01875 0.028125
0 0.07421875 0.80078125 0.028125 0.028125