0 0.24296875 0.17109375 0.0234375 0.028125
0 0.36796875 0.17578125 0.0140625 0.0234375
0 0.8890625 0.18046875 0.0046875 0.009375
0 0.70390625 0.18046875 0.009375 0.009375
0 0.71953125 0.18046875 0.0140625 0.01875
0 0.87734375 0.1828125 0.0046875 0.009375
0 0.22421875 0.1828125 0.009375 0.009375
0 0.384375 0.1828125 0.01875 0.0234375
0 0.19453125 0.18515625 0.01875 0.03671875
0 0.41875 0.1875 0.0140625 0.01875
0 0.740625 0.1875 0.0140625 0.0234375
0 0.153125 0.18984375 0.01875 0.028125
0 0.90078125 0.18984375 0.0140625 0.01875
0 0.7546875 0.18984375 0.009375 0.0140625
0 0.10625 0.1921875 0.0234375 0.03203125
0 0.7734375 0.1921875 0.0140625 0.01875
0 0.37265625 0.1921875 0.0140625 0.01875
0 0.6484375 0.19453125 0.009375 0.0140625
0 0.74765625 0.196875 0.0140625 0.01875
0 0.87734375 0.19921875 0.009375 0.01875
0 0.34921875 0.19921875 0.01875 0.0234375
0 0.696875 0.19921875 0.0140625 0.01875
0 0.67109375 0.19921875 0.0140625 0.028125
0 0.14609375 0.19921875 0.01875 0.028125
0 0.2265625 0.2015625 0.0140625 0.028125
0 0.365625 0.2015625 0.01875 0.0234375
0 0.66171875 0.2015625 0.0140625 0.0234375
0 0.80546875 0.2015625 0.0140625 0.028125
0 0.85859375 0.20390625 0.01875 0.01875
0 0.821875 0.20390625 0.0140625 0.01875
0 0.7546875 0.20390625 0.0140625 0.01875
0 0.31953125 0.20625 0.01875 0.028125
0 0.1640625 0.21328125 0.0140625 0.01875
0 0.83359375 0.21328125 0.0140625 0.0234375
0 0.178125 0.21328125 0.01875 0.03203125
0 0.58125 0.21328125 0.01875 0.028125
0 0.84453125 0.215625 0.0140625 0.028125
0 0.7984375 0.21953125 0.01875 0.028125
0 0.87734375 0.21953125 0.0140625 0.0234375
0 0.93515625 0.21953125 0.01875 0.028125
0 0.13203125 0.221875 0.0234375 0.028125
0 0.08828125 0.221875 0.028125 0.03671875
0 0.15078125 0.22421875 0.01875 0.028125
0 0.77578125 0.22421875 0.01875 0.028125
0 0.8609375 0.22890625 0.01875 0.01875
0 0.16875 0.22890625 0.0234375 0.03203125
0 0.6484375 0.22890625 0.01875 0.0234375
0 0.9765625 0.22890625 0.0140625 0.0140625
0 0.66640625 0.23125 0.01875 0.0234375
0 0.715625 0.23125 0.0140625 0.0234375
0 0.95625 0.23125 0.009375 0.01875
0 0.82890625 0.2359375 0.0140625 0.01875
0 0.94921875 0.2359375 0.0140625 0.028125
0 0.303125 0.240625 0.0140625 0.01875
0 0.99296875 0.240625 0.0140625 0.01875
0 0.11796875 0.240625 0.01875 0.04140625
0 0.86796875 0.24296875 0.0140625 0.0140625
0 0.78203125 0.2453125 0.0140625 0.01875
0 0.971875 0.25 0.0140625 0.0140625
0 0.8171875 0.25 0.0140625 0.0234375
0 0.82890625 0.25 0.0140625 0.0234375
0 0.903125 0.2546875 0.0140625 0.0234375
0 0.721875 0.2546875 0.0234375 0.0234375
0 0.759375 0.2546875 0.01875 0.0234375
0 0.884375 0.2546875 0.0140625 0.0234375
0 0.94921875 0.25703125 0.01875 0.0234375
0 0.0859375 0.259375 0.028125 0.0234375
0 0.78203125 0.26171875 0.01875 0.0234375
0 0.9859375 0.2640625 0.0140625 0.0234375
0 0.93046875 0.26640625 0.01875 0.028125
0 0.73828125 0.26640625 0.0234375 0.0234375
0 0.28203125 0.26640625 0.01875 0.028125
0 0.9953125 0.27109375 0.009375 0.0234375
0 0.58125 0.27109375 0.01875 0.0234375
0 0.32421875 0.27109375 0.028125 0.03203125
0 0.7640625 0.27578125 0.01875 0.0234375
0 0.9765625 0.27578125 0.01875 0.03203125
0 0.8515625 0.278125 0.0140625 0.01875
0 0.0484375 0.28046875 0.028125 0.0234375
0 0.7984375 0.284375 0.01875 0.0234375
0 0.12265625 0.284375 0.028125 0.0234375
0 0.89375 0.2890625 0.01875 0.028125
0 0.090625 0.29140625 0.028125 0.03203125
0 0.0234375 0.29140625 0.028125 0.028125
0 0.27578125 0.29140625 0.01875 0.01875
0 0.778125 0.29375 0.0234375 0.0234375
0 0.9234375 0.29375 0.0140625 0.0234375
0 0.9421875 0.29609375 0.01875 0.028125
0 0.58828125 0.29609375 0.01875 0.03671875
0 0.69921875 0.2984375 0.028125 0.03671875
0 0.7984375 0.30078125 0.0140625 0.0234375
0 0.87734375 0.30078125 0.01875 0.03203125
0 0.6390625 0.30078125 0.01875 0.01875
0 0.84296875 0.30078125 0.028125 0.03671875
0 0.75 0.303125 0.0234375 0.03671875
0 0.97890625 0.3078125 0.0140625 0.03671875
0 0.96796875 0.31015625 0.0140625 0.028125
0 0.5578125 0.3125 0.0234375 0.03203125
0 0.61328125 0.3171875 0.0140625 0.0234375
0 0.54140625 0.31953125 0.01875 0.01875
0 0.9140625 0.31953125 0.0234375 0.03671875
0 0.80546875 0.321875 0.0234375 0.028125
0 0.32421875 0.321875 0.028125 0.03671875
0 0.12265625 0.32421875 0.03203125 0.04609375
0 0.0234375 0.32421875 0.03203125 0.03671875
0 0.35859375 0.33125 0.0234375 0.03203125
0 0.30546875 0.33359375 0.0234375 0.03671875
0 0.48828125 0.33359375 0.0234375 0.04140625
0 0.63203125 0.33359375 0.01875 0.028125
0 0.653125 0.33359375 0.0234375 0.03671875
0 0.9609375 0.33828125 0.0234375 0.04140625
0 0.7015625 0.340625 0.028125 0.04140625
0 0.58125 0.34921875 0.028125 0.04140625
0 0.54140625 0.3515625 0.028125 0.03671875
0 0.86796875 0.3609375 0.028125 0.04609375
0 0.73359375 0.36328125 0.028125 0.03671875
0 0.0578125 0.36796875 0.05078125 0.07421875
0 0.69921875 0.37734375 0.028125 0.0234375
0 0.884375 0.3890625 0.01875 0.028125
0 0.70390625 0.3984375 0.028125 0.028125
0 0.61328125 0.3984375 0.03203125 0.03203125
0 0.38203125 0.40078125 0.03671875 0.03203125
0 0.4421875 0.40078125 0.03671875 0.05078125
0 0.2734375 0.403125 0.06484375 0.09296875
0 0.553125 0.403125 0.028125 0.03671875
0 0.4765625 0.40546875 0.05078125 0.03203125
0 0.13203125 0.409375 0.07421875 0.09296875
0 0.15078125 0.41171875 0.01875 0.04140625
0 0.865625 0.42578125 0.04609375 0.06015625
0 0.9140625 0.42578125 0.04140625 0.06484375
0 0.42578125 0.43984375 0.028125 0.04140625
0 0.178125 0.4421875 0.03671875 0.05078125
0 0.51875 0.446875 0.0234375 0.06484375
0 0.54140625 0.46328125 0.04140625 0.07421875
0 0.946875 0.46796875 0.04140625 0.07421875
0 0.64140625 0.46796875 0.07890625 0.125
0 0.58828125 0.46953125 0.05078125 0.1109375
0 0.4859375 0.48359375 0.05546875 0.1109375
0 0.74296875 0.48359375 0.07421875 0.134375
0 0.89375 0.49765625 0.05078125 0.06953125
0 0.3890625 0.5046875 0.09296875 0.17109375
0 0.259375 0.54140625 0.06953125 0.1203125