0 0.403125 0.29609375 0.03671875 0.06953125
0 0.71328125 0.30078125 0.03203125 0.07421875
0 0.528125 0.31015625 0.03203125 0.06015625
0 0.46328125 0.31015625 0.03671875 0.06015625
0 0.21953125 0.3125 0.04140625 0.07421875
0 0.590625 0.31953125 0.03203125 0.06015625
0 0.278125 0.32890625 0.03671875 0.07421875
0 0.03046875 0.32890625 0.03671875 0.06484375
0 0.778125 0.33359375 0.03203125 0.06953125
0 0.10390625 0.33359375 0.028125 0.06953125
0 0.946875 0.33828125 0.03671875 0.06953125
0 0.84296875 0.33828125 0.03671875 0.07421875
0 0.64609375 0.33828125 0.04140625 0.06953125
0 0.34453125 0.3609375 0.03671875 0.06953125
0 0.47890625 0.42109375 0.028125 0.06953125
0 0.96796875 0.42578125 0.03671875 0.06015625
0 0.01875 0.428125 0.028125 0.06015625
0 0.5859375 0.43046875 0.03671875 0.07890625
0 0.403125 0.43515625 0.03671875 0.07421875
0 0.90078125 0.446875 0.03671875 0.07890625
0 0.1640625 0.44921875 0.03203125 0.06953125
0 0.115625 0.45390625 0.03203125 0.07421875
0 0.35625 0.45390625 0.03203125 0.06484375
0 0.2265625 0.46328125 0.03671875 0.04609375
0 0.28046875 0.465625 0.03203125 0.06484375
0 0.77578125 0.465625 0.03671875 0.07890625
0 0.715625 0.48125 0.028125 0.05546875
0 0.15546875 0.05078125 0.03203125 0.05078125
0 0.34453125 0.05546875 0.03203125 0.05546875
0 0.20859375 0.54140625 0.03203125 0.05078125
0 0.4609375 0.54375 0.0234375 0.06484375
0 0.13671875 0.54609375 0.04140625 0.08359375
0 0.384375 0.5484375 0.03203125 0.06015625
0 0.51875 0.55078125 0.03671875 0.07421875
0 0.01171875 0.55546875 0.0234375 0.07421875
0 0.278125 0.5578125 0.03203125 0.05546875
0 0.64609375 0.56484375 0.03671875 0.06484375
0 0.33125 0.56953125 0.03203125 0.06484375
0 0.76875 0.56953125 0.03203125 0.06484375
0 0.71796875 0.56953125 0.03203125 0.07421875
0 0.8984375 0.57890625 0.04140625 0.08359375
0 0.10390625 0.06015625 0.028125 0.06015625
0 0.07421875 0.57890625 0.03671875 0.06484375
0 0.9609375 0.57890625 0.028125 0.06484375
0 0.58828125 0.59296875 0.03671875 0.07421875
0 0.75234375 0.06015625 0.03203125 0.05546875
0 0.64140625 0.06015625 0.03671875 0.06015625
0 0.821875 0.06015625 0.03671875 0.06015625
0 0.034375 0.0625 0.028125 0.06953125
0 0.70390625 0.06484375 0.03203125 0.05078125
0 0.21796875 0.06484375 0.03671875 0.05546875
0 0.94453125 0.06953125 0.03671875 0.06484375
0 0.3890625 0.68046875 0.03671875 0.06484375
0 0.01640625 0.68515625 0.03203125 0.07421875
0 0.2015625 0.68515625 0.028125 0.06484375
0 0.76875 0.68984375 0.03671875 0.07421875
0 0.83359375 0.68984375 0.03203125 0.06484375
0 0.39375 0.06953125 0.028125 0.06953125
0 0.32890625 0.69453125 0.04140625 0.06484375
0 0.26875 0.69921875 0.03671875 0.07421875
0 0.90078125 0.69921875 0.03203125 0.05546875
0 0.63203125 0.7015625 0.03671875 0.06953125
0 0.70859375 0.7015625 0.03203125 0.06484375
0 0.58125 0.70390625 0.03671875 0.06953125
0 0.98359375 0.71328125 0.028125 0.07421875
0 0.13671875 0.715625 0.03203125 0.06484375
0 0.4609375 0.71953125 0.03671875 0.07421875
0 0.5234375 0.740625 0.04140625 0.07890625
0 0.28046875 0.0765625 0.028125 0.05546875
0 0.2109375 0.80546875 0.03671875 0.06484375
0 0.50703125 0.81953125 0.03671875 0.06484375
0 0.071875 0.81953125 0.03203125 0.06484375
0 0.0140625 0.81953125 0.028125 0.06953125
0 0.63203125 0.821875 0.03203125 0.06015625
0 0.26171875 0.8265625 0.03671875 0.07421875
0 0.1390625 0.82890625 0.03203125 0.06953125
0 0.32421875 0.82890625 0.03671875 0.07890625
0 0.87734375 0.08359375 0.03671875 0.06015625
0 0.384375 0.83359375 0.03203125 0.06015625
0 0.971875 0.8515625 0.03203125 0.06953125
0 0.7109375 0.86796875 0.03203125 0.06484375
0 0.903125 0.86796875 0.028125 0.06484375
0 0.79140625 0.875 0.03203125 0.06484375
0 0.58359375 0.09296875 0.03671875 0.06015625
0 0.98828125 0.09296875 0.0234375 0.06015625
0 0.25234375 0.94921875 0.028125 0.06484375
0 0.971875 0.94921875 0.03203125 0.06953125
0 0.01171875 0.94921875 0.0234375 0.07421875
0 0.50703125 0.9515625 0.04140625 0.07421875
0 0.446875 0.95390625 0.03671875 0.07421875
0 0.18984375 0.95859375 0.03203125 0.06015625
0 0.71953125 0.96328125 0.03671875 0.06484375
0 0.3265625 0.96796875 0.03203125 0.05546875
0 0.578125 0.9671875 0.028125 0.065625
0 0.0625 0.96796875 0.028125 0.05546875
0 0.3796875 0.96796875 0.03203125 0.06015625
0 0.84453125 0.96796875 0.03203125 0.06015625
0 0.903125 0.96796875 0.028125 0.06015625
0 0.78203125 0.971875 0.03671875 0.05078125
0 0.4765625 0.09921875 0.03671875 0.06953125
0 0.51640625 0.1203125 0.04140625 0.06015625
0 0.35859375 0.16875 0.03671875 0.07421875
0 0.0390625 0.16875 0.03203125 0.05546875
0 0.29375 0.17578125 0.04140625 0.06953125
0 0.40703125 0.18046875 0.03671875 0.06953125
0 0.72890625 0.18046875 0.03203125 0.05546875
0 0.53671875 0.18515625 0.03203125 0.06484375
0 0.23828125 0.18515625 0.03671875 0.06484375
0 0.10390625 0.1921875 0.028125 0.06015625
0 0.16875 0.19453125 0.03671875 0.06015625
0 0.78203125 0.19453125 0.03203125 0.06953125
0 0.90546875 0.19453125 0.04140625 0.07890625
0 0.971875 0.19453125 0.03671875 0.06015625
0 0.85625 0.196875 0.03671875 0.06484375
0 0.596875 0.19921875 0.03203125 0.06953125
0 0.4765625 0.19921875 0.03671875 0.07421875
0 0.65703125 0.20390625 0.03203125 0.06953125