0 0.58125 0.2640625 0.06484375 0.1015625
0 0.1296875 0.26875 0.03671875 0.06015625
0 0.09453125 0.278125 0.03203125 0.04140625
0 0.4140625 0.28046875 0.04140625 0.06015625
0 0.36328125 0.284375 0.0140625 0.03671875
0 0.17109375 0.28671875 0.01875 0.04609375
0 0.81953125 0.28671875 0.04140625 0.05078125
0 0.4609375 0.2890625 0.01875 0.0234375
0 0.03046875 0.2890625 0.05078125 0.08359375
0 0.96953125 0.29375 0.05078125 0.05546875
0 0.52578125 0.29609375 0.0140625 0.01875
0 0.22421875 0.29609375 0.04609375 0.05546875
0 0.615625 0.31015625 0.028125 0.03671875
0 0.3078125 0.31015625 0.04609375 0.06484375
0 0.44921875 0.3125 0.0234375 0.03671875
0 0.49296875 0.3265625 0.028125 0.06953125
0 0.715625 0.32890625 0.04609375 0.07421875
0 0.08125 0.33359375 0.0234375 0.06015625
0 0.79375 0.33359375 0.06484375 0.09296875
0 0.3984375 0.35390625 0.03671875 0.06015625
0 0.1296875 0.36328125 0.04609375 0.07890625
0 0.9421875 0.37265625 0.04609375 0.05546875
0 0.69453125 0.37734375 0.04609375 0.07890625
0 0.23828125 0.39609375 0.06953125 0.06953125
0 0.45390625 0.39609375 0.05078125 0.06953125
0 0.97890625 0.40078125 0.03203125 0.08828125
0 0.59453125 0.42578125 0.04609375 0.07890625
0 0.90546875 0.43046875 0.04609375 0.07421875
0 0.10859375 0.5234375 0.06015625 0.07890625