0 0.56015625 0.49296875 0.0140625 0.01875
0 0.6921875 0.5 0.01875 0.03203125
0 0.43515625 0.50234375 0.009375 0.0046875
0 0.465625 0.5046875 0.009375 0.01875
0 0.6484375 0.50703125 0.0140625 0.0234375
0 0.75703125 0.50703125 0.0140625 0.0234375
0 0.42578125 0.509375 0.0140625 0.0234375
0 0.53046875 0.509375 0.0140625 0.0234375
0 0.63671875 0.509375 0.0140625 0.0234375
0 0.59296875 0.509375 0.0140625 0.028125
0 0.3890625 0.51171875 0.0140625 0.0234375
0 0.44453125 0.5140625 0.009375 0.0140625
0 0.5 0.5140625 0.0140625 0.03671875
0 0.54609375 0.5140625 0.01875 0.028125
0 0.48828125 0.51640625 0.009375 0.01875
0 0.67109375 0.51875 0.009375 0.01875
0 0.7359375 0.51875 0.009375 0.0234375
0 0.615625 0.52109375 0.0140625 0.0234375
0 0.71953125 0.52109375 0.01875 0.03671875
0 0.45625 0.5234375 0.009375 0.01875
0 0.471875 0.53046875 0.0140625 0.028125
0 0.75 0.53203125 0.01875 0.028125
0 0.4375 0.534375 0.009375 0.0234375
0 0.446875 0.53671875 0.009375 0.0140625
0 0.42109375 0.5390625 0.01875 0.028125
0 0.76875 0.54375 0.01875 0.028125
0 0.80546875 0.54609375 0.0140625 0.028125
0 0.5625 0.54609375 0.01875 0.03671875
0 0.65078125 0.54609375 0.0234375 0.04140625
0 0.62265625 0.5484375 0.0140625 0.028125
0 0.534375 0.553125 0.01875 0.04609375
0 0.7890625 0.5578125 0.01875 0.03203125
0 0.47421875 0.571875 0.01875 0.03671875
0 0.4234375 0.5765625 0.028125 0.028125
0 0.8609375 0.590625 0.028125 0.05546875
0 0.6734375 0.59453125 0.028125 0.03203125
0 0.76640625 0.6015625 0.03671875 0.06484375
0 0.38671875 0.6203125 0.0140625 0.04609375
0 0.88671875 0.6296875 0.04140625 0.06015625
0 0.31953125 0.634375 0.03203125 0.05546875
0 0.40546875 0.6390625 0.028125 0.06484375
0 0.3515625 0.64140625 0.0234375 0.04609375
0 0.68515625 0.64375 0.04140625 0.05078125
0 0.2546875 0.659375 0.03203125 0.04140625
0 0.971875 0.67109375 0.04140625 0.07890625
0 0.55546875 0.68046875 0.028125 0.04140625
0 0.6921875 0.69921875 0.03671875 0.04609375
0 0.86328125 0.70390625 0.05078125 0.06484375
0 0.8078125 0.73125 0.03671875 0.06484375
0 0.3984375 0.73359375 0.03671875 0.06953125
0 0.25703125 0.7359375 0.04609375 0.08359375
0 0.76875 0.7453125 0.04140625 0.05078125
0 0.18984375 0.76640625 0.05546875 0.07890625
0 0.71796875 0.76640625 0.05078125 0.06015625
0 0.91171875 0.77578125 0.04140625 0.07421875
0 0.33359375 0.803125 0.04609375 0.08359375
0 0.5390625 0.81953125 0.07890625 0.07890625
0 0.77109375 0.83828125 0.06015625 0.06953125
0 0.1109375 0.86796875 0.08359375 0.1015625
0 0.21328125 0.8703125 0.04609375 0.08359375
0 0.8265625 0.87734375 0.04609375 0.07421875