0 0.29609375 0.03046875 0.0234375 0.03671875
0 0.3890625 0.03046875 0.01875 0.0234375
0 0.0578125 0.03046875 0.01875 0.03671875
0 0.75703125 0.03046875 0.0234375 0.03671875
0 0.01171875 0.03046875 0.0234375 0.03203125
0 0.9328125 0.03203125 0.028125 0.04609375
0 0.784375 0.30546875 0.05078125 0.08359375
0 0.68046875 0.3125 0.06484375 0.1203125
0 0.375 0.3171875 0.05078125 0.096875
0 0.9609375 0.33125 0.06015625 0.096875
0 0.240625 0.35625 0.06015625 0.096875
0 0.81953125 0.03671875 0.028125 0.04140625
0 0.840625 0.365625 0.06484375 0.10625
0 0.053125 0.38203125 0.09296875 0.07890625
0 0.97890625 0.38671875 0.04140625 0.08828125
0 0.85859375 0.0390625 0.01875 0.03671875
0 0.10859375 0.04140625 0.0234375 0.04140625
0 0.6875 0.04375 0.0234375 0.04140625
0 0.98828125 0.04609375 0.0234375 0.028125
0 0.44453125 0.04609375 0.0234375 0.028125
0 0.54375 0.04609375 0.01875 0.04140625
0 0.54140625 0.46328125 0.08359375 0.134375
0 0.034375 0.48984375 0.06875 0.1578125
0 0.278125 0.509375 0.08828125 0.15703125
0 0.58828125 0.05078125 0.0234375 0.03671875
0 0.63203125 0.053125 0.01875 0.04140625
0 0.346875 0.05546875 0.01875 0.04140625
0 0.6640625 0.56015625 0.07421875 0.1296875
0 0.36796875 0.0578125 0.0234375 0.03203125
0 0.03671875 0.06015625 0.01875 0.04140625
0 0.471875 0.06015625 0.01875 0.028125
0 0.9609375 0.5765625 0.07421875 0.20859375
0 0.3609375 0.009375 0.028125 0.01875
0 0.52109375 0.06015625 0.0234375 0.0234375
0 0.65546875 0.0625 0.028125 0.04140625
0 0.23359375 0.06484375 0.01875 0.03203125
0 0.26171875 0.06484375 0.028125 0.03203125
0 0.15703125 0.0671875 0.01875 0.03203125
0 0.8078125 0.06953125 0.0234375 0.028125
0 0.4953125 0.071875 0.0234375 0.03203125
0 0.13203125 0.69921875 0.07421875 0.18984375
0 0.53046875 0.71328125 0.10625 0.20859375
0 0.840625 0.071875 0.0234375 0.04140625
0 0.884375 0.071875 0.0234375 0.04140625
0 0.08828125 0.07421875 0.0234375 0.04140625
0 0.58359375 0.0765625 0.028125 0.028125
0 0.6734375 0.0765625 0.0234375 0.03203125
0 0.04609375 0.7609375 0.0921875 0.309375
0 0.19453125 0.76875 0.125 0.20859375
0 0.909375 0.07890625 0.028125 0.04609375
0 0.01171875 0.07890625 0.0234375 0.04140625
0 0.98359375 0.08125 0.028125 0.04140625
0 0.21796875 0.08125 0.0234375 0.04140625
0 0.38671875 0.08359375 0.0234375 0.04140625
0 0.125 0.0859375 0.01875 0.03203125
0 0.93984375 0.090625 0.028125 0.04140625
0 0.58125 0.009375 0.01875 0.01875
0 0.26875 0.01171875 0.0234375 0.0234375
0 0.446875 0.01171875 0.01875 0.0234375
0 0.18984375 0.09296875 0.028125 0.05078125
0 0.43046875 0.09453125 0.03203125 0.04609375
0 0.77578125 0.09453125 0.0234375 0.04140625
0 0.340625 0.09921875 0.0234375 0.03671875
0 0.81015625 0.1015625 0.028125 0.04140625
0 0.14375 0.10390625 0.028125 0.04140625
0 0.7546875 0.10625 0.028125 0.05546875
0 0.06484375 0.10625 0.0234375 0.04140625
0 0.6296875 0.1109375 0.028125 0.06015625
0 0.25703125 0.1109375 0.01875 0.03671875
0 0.1015625 0.1109375 0.0234375 0.03203125
0 0.48359375 0.115625 0.0234375 0.03203125
0 0.528125 0.115625 0.03671875 0.05078125
0 0.7265625 0.115625 0.028125 0.05078125
0 0.3265625 0.11796875 0.028125 0.04140625
0 0.846875 0.01171875 0.01875 0.0234375
0 0.90703125 0.01171875 0.01875 0.0234375
0 0.39609375 0.0140625 0.01875 0.028125
0 0.4234375 0.0140625 0.01875 0.028125
0 0.134375 0.0140625 0.03203125 0.028125
0 0.17109375 0.1203125 0.03203125 0.05078125
0 0.5859375 0.12265625 0.03671875 0.05078125
0 0.65546875 0.12265625 0.04140625 0.06953125
0 0.409375 0.125 0.028125 0.05546875
0 0.85859375 0.12734375 0.028125 0.04140625
0 0.70625 0.1296875 0.03203125 0.05546875
0 0.4421875 0.13203125 0.028125 0.04609375
0 0.04609375 0.13203125 0.028125 0.04609375
0 0.90078125 0.1390625 0.028125 0.05078125
0 0.9859375 0.14375 0.0234375 0.06015625
0 0.29375 0.14375 0.03671875 0.06953125
0 0.77578125 0.14375 0.04140625 0.06484375
0 0.36796875 0.1484375 0.04140625 0.07890625
0 0.24765625 0.01640625 0.01875 0.03203125
0 0.67109375 0.01640625 0.01875 0.03203125
0 0.9609375 0.01640625 0.028125 0.03203125
0 0.98828125 0.01875 0.01875 0.03671875
0 0.21328125 0.15078125 0.04140625 0.06953125
0 0.2359375 0.15078125 0.028125 0.05546875
0 0.81953125 0.15078125 0.028125 0.05546875
0 0.51875 0.15703125 0.04140625 0.06953125
0 0.465625 0.159375 0.04140625 0.05546875
0 0.12734375 0.1640625 0.04140625 0.06953125
0 0.5671875 0.16640625 0.03671875 0.06015625
0 0.89140625 0.16640625 0.04140625 0.05546875
0 0.31484375 0.01875 0.01875 0.03671875
0 0.18515625 0.01875 0.0234375 0.03671875
0 0.553125 0.02109375 0.0140625 0.0234375
0 0.33359375 0.1875 0.04140625 0.06953125
0 0.4328125 0.1875 0.04140625 0.07890625
0 0.78046875 0.1921875 0.05078125 0.06953125
0 0.971875 0.2015625 0.04140625 0.06953125
0 0.01875 0.20859375 0.03671875 0.05546875
0 0.784375 0.02109375 0.0234375 0.03671875
0 0.1640625 0.02109375 0.01875 0.03203125
0 0.20859375 0.0234375 0.01875 0.028125
0 0.721875 0.0234375 0.0234375 0.04140625
0 0.6640625 0.21796875 0.04609375 0.06484375
0 0.6390625 0.2265625 0.03203125 0.096875
0 0.5765625 0.22890625 0.05078125 0.10625
0 0.21328125 0.23125 0.04609375 0.07890625
0 0.47890625 0.0234375 0.01875 0.0234375
0 0.4609375 0.25234375 0.04609375 0.096875
0 0.13671875 0.2640625 0.05078125 0.1109375
0 0.31015625 0.26875 0.05546875 0.096875
0 0.50234375 0.27109375 0.06015625 0.096875
0 0.07421875 0.27109375 0.07421875 0.125
0 0.5046875 0.028125 0.01875 0.03203125
0 0.403125 0.28671875 0.06953125 0.1390625
0 0.02578125 0.29375 0.05078125 0.09296875