0 0.5625 0.1296875 0.01875 0.03203125
0 0.3703125 0.1296875 0.0234375 0.03203125
0 0.3078125 0.13671875 0.0234375 0.04140625
0 0.63203125 0.1390625 0.0234375 0.03203125
0 0.67109375 0.14140625 0.0234375 0.03671875
0 0.44453125 0.153125 0.0234375 0.03203125
0 0.6203125 0.17109375 0.0234375 0.03671875
0 0.29140625 0.18515625 0.0234375 0.04140625
0 0.39140625 0.1875 0.0234375 0.03203125
0 0.53671875 0.1921875 0.0234375 0.04140625
0 0.4515625 0.2109375 0.028125 0.04140625
0 0.57890625 0.21328125 0.0234375 0.04140625
0 0.34296875 0.21953125 0.0234375 0.04140625
0 0.41171875 0.23828125 0.028125 0.04140625
0 0.53046875 0.2453125 0.028125 0.04140625
0 0.66171875 0.24765625 0.0234375 0.04140625
0 0.3515625 0.25703125 0.0234375 0.03671875
0 0.28671875 0.26640625 0.0234375 0.03671875
0 0.134375 0.27109375 0.04140625 0.04609375
0 0.43984375 0.2734375 0.028125 0.03671875
0 0.3984375 0.28046875 0.0234375 0.05078125
0 0.6484375 0.28203125 0.0234375 0.03203125
0 0.596875 0.28203125 0.01875 0.03671875
0 0.58125 0.2890625 0.028125 0.03671875
0 0.41640625 0.2890625 0.0234375 0.04609375
0 0.68046875 0.29140625 0.028125 0.03671875
0 0.615625 0.29140625 0.0234375 0.03203125
0 0.259375 0.29375 0.0234375 0.03671875
0 0.51171875 0.29609375 0.01875 0.028125
0 0.47421875 0.2984375 0.028125 0.0234375
0 0.2984375 0.2984375 0.0234375 0.03671875
0 0.2734375 0.303125 0.0234375 0.04140625
0 0.5 0.303125 0.0234375 0.03671875
0 0.56015625 0.30546875 0.0234375 0.03671875
0 0.4515625 0.3078125 0.01875 0.03671875
0 0.634375 0.31484375 0.028125 0.04609375
0 0.5140625 0.3171875 0.0234375 0.04140625
0 0.66171875 0.3171875 0.01875 0.03671875
0 0.0765625 0.3171875 0.028125 0.04140625
0 0.33125 0.3171875 0.0234375 0.04140625
0 0.7890625 0.3171875 0.01875 0.028125
0 0.2265625 0.321875 0.01875 0.03203125
0 0.3515625 0.321875 0.0234375 0.04140625
0 0.125 0.32421875 0.01875 0.028125
0 0.68984375 0.3265625 0.028125 0.03203125
0 0.471875 0.32890625 0.028125 0.04140625
0 0.028125 0.33125 0.03203125 0.04609375
0 0.42109375 0.33359375 0.028125 0.03671875
0 0.76171875 0.3359375 0.0234375 0.03203125
0 0.15546875 0.33828125 0.0234375 0.03203125
0 0.18515625 0.33828125 0.028125 0.04609375
0 0.53671875 0.33828125 0.0234375 0.04140625
0 0.60859375 0.33828125 0.03203125 0.04609375
0 0.6640625 0.34296875 0.028125 0.0234375
0 0.821875 0.34453125 0.0234375 0.04140625
0 0.284375 0.346875 0.01875 0.0234375
0 0.44921875 0.346875 0.03203125 0.04609375
0 0.10625 0.35625 0.0234375 0.03203125
0 0.240625 0.35625 0.028125 0.04609375
0 0.403125 0.35625 0.0234375 0.03671875
0 0.37265625 0.35859375 0.03203125 0.04140625
0 0.74296875 0.35859375 0.01875 0.03203125
0 0.63671875 0.35859375 0.028125 0.03671875
0 0.79609375 0.3609375 0.028125 0.05078125
0 0.08359375 0.36328125 0.03203125 0.04140625
0 0.12734375 0.365625 0.028125 0.05078125
0 0.321875 0.365625 0.0234375 0.04140625
0 0.04609375 0.365625 0.03671875 0.06015625
0 0.30078125 0.365625 0.0140625 0.0234375
0 0.48359375 0.365625 0.03203125 0.04609375
0 0.6875 0.36796875 0.028125 0.04609375
0 0.34296875 0.36796875 0.0234375 0.04140625
0 0.43515625 0.3703125 0.03203125 0.03203125
0 0.51875 0.3703125 0.028125 0.04609375
0 0.7734375 0.37265625 0.028125 0.04609375
0 0.653125 0.37265625 0.028125 0.04609375
0 0.46796875 0.375 0.0234375 0.03671875
0 0.15703125 0.37734375 0.0234375 0.03671875
0 0.1015625 0.3796875 0.028125 0.03203125
0 0.18984375 0.3796875 0.0234375 0.03203125
0 0.5765625 0.38203125 0.0234375 0.04140625
0 0.29140625 0.3890625 0.03203125 0.05546875
0 0.47421875 0.3890625 0.01875 0.03203125
0 0.06015625 0.39140625 0.028125 0.03671875
0 0.82421875 0.39140625 0.0234375 0.04140625
0 0.5578125 0.39140625 0.01875 0.03203125
0 0.7359375 0.39140625 0.03671875 0.05078125
0 0.43515625 0.39375 0.0234375 0.03203125
0 0.634375 0.39375 0.028125 0.04140625
0 0.4140625 0.39609375 0.028125 0.04609375
0 0.2734375 0.39609375 0.03203125 0.04609375
0 0.38671875 0.40078125 0.03203125 0.03671875
0 0.7109375 0.403125 0.0234375 0.03671875
0 0.5 0.40546875 0.028125 0.04140625
0 0.33125 0.40703125 0.028125 0.03671875
0 0.19921875 0.40703125 0.028125 0.03203125
0 0.54609375 0.40703125 0.03671875 0.05546875
0 0.1828125 0.41171875 0.01875 0.03203125
0 0.10859375 0.4140625 0.028125 0.03671875
0 0.25234375 0.41640625 0.03203125 0.04609375
0 0.6734375 0.41875 0.03203125 0.05078125
0 0.35390625 0.42578125 0.0234375 0.03203125
0 0.44453125 0.428125 0.03203125 0.05078125
0 0.4765625 0.428125 0.03203125 0.04609375
0 0.86328125 0.43046875 0.03671875 0.05546875
0 0.5671875 0.4328125 0.0234375 0.05078125
0 0.79140625 0.4328125 0.028125 0.05078125
0 0.59296875 0.4375 0.03671875 0.06015625
0 0.06484375 0.4375 0.03671875 0.05546875
0 0.215625 0.43984375 0.01875 0.03671875
0 0.13671875 0.44453125 0.03203125 0.05078125
0 0.32421875 0.44453125 0.0234375 0.04140625
0 0.83828125 0.44453125 0.03671875 0.06484375
0 0.1828125 0.44453125 0.03203125 0.04140625
0 0.09296875 0.446875 0.03203125 0.04609375
0 0.5046875 0.44921875 0.028125 0.04609375
0 0.15078125 0.44921875 0.028125 0.04140625
0 0.39140625 0.4515625 0.028125 0.04609375
0 0.2984375 0.45625 0.028125 0.04609375
0 0.26640625 0.45625 0.0234375 0.04609375
0 0.73828125 0.45859375 0.03671875 0.06015625
0 0.365625 0.4609375 0.028125 0.04609375
0 0.41875 0.46328125 0.03671875 0.05078125
0 0.47890625 0.46796875 0.03203125 0.05546875
0 0.696875 0.4765625 0.03671875 0.06015625
0 0.01640625 0.48125 0.03203125 0.06484375
0 0.17578125 0.48828125 0.03203125 0.04140625
0 0.52109375 0.490625 0.04609375 0.07421875
0 0.24296875 0.49296875 0.03203125 0.06484375
0 0.3125 0.49296875 0.03203125 0.06015625
0 0.09296875 0.4953125 0.03203125 0.04609375
0 0.9328125 0.4953125 0.028125 0.03671875
0 0.56484375 0.49765625 0.03203125 0.05546875
0 0.20859375 0.5 0.028125 0.05078125
0 0.41640625 0.50234375 0.04140625 0.04609375
0 0.83125 0.50234375 0.03671875 0.06484375
0 0.36796875 0.5046875 0.028125 0.04609375
0 0.33359375 0.50703125 0.03671875 0.03203125
0 0.1484375 0.509375 0.01875 0.03671875
0 0.86328125 0.509375 0.03203125 0.04609375
0 0.6296875 0.51171875 0.04140625 0.06015625
0 0.72890625 0.5140625 0.03203125 0.05078125
0 0.553125 0.51875 0.028125 0.05078125
0 0.65078125 0.53203125 0.04140625 0.04609375
0 0.18046875 0.534375 0.04140625 0.06484375
0 0.85390625 0.5390625 0.05078125 0.06484375
0 0.93046875 0.54609375 0.03203125 0.04140625
0 0.41171875 0.55078125 0.04140625 0.06484375
0 0.3515625 0.5625 0.04609375 0.06484375
0 0.6828125 0.56484375 0.03671875 0.06015625
0 0.09453125 0.5671875 0.03203125 0.06953125
0 0.52578125 0.5671875 0.03671875 0.05078125
0 0.05078125 0.5765625 0.03203125 0.05546875
0 0.7640625 0.58359375 0.05078125 0.07421875
0 0.1390625 0.58828125 0.04140625 0.05546875
0 0.24296875 0.58828125 0.03671875 0.06015625
0 0.6484375 0.59453125 0.04140625 0.07421875
0 0.96796875 0.60390625 0.05078125 0.07421875
0 0.5 0.60859375 0.04609375 0.07421875
0 0.6015625 0.63203125 0.04140625 0.06015625
0 0.1875 0.634375 0.04140625 0.06484375
0 0.05546875 0.63671875 0.03671875 0.05546875
0 0.73359375 0.6390625 0.04609375 0.06953125
0 0.87265625 0.6390625 0.04609375 0.06484375
0 0.02109375 0.64375 0.04140625 0.07421875
0 0.82890625 0.653125 0.05546875 0.07421875
0 0.35390625 0.66640625 0.05078125 0.07421875
0 0.125 0.66875 0.04140625 0.06953125
0 0.284375 0.696875 0.04140625 0.06484375
0 0.54140625 0.696875 0.05546875 0.06484375
0 0.93984375 0.72421875 0.05546875 0.07421875
0 0.06484375 0.76875 0.05546875 0.06484375
0 0.26640625 0.76875 0.06484375 0.08828125
0 0.52578125 0.77109375 0.04140625 0.06015625
0 0.6640625 0.78203125 0.05546875 0.06484375
0 0.56953125 0.79140625 0.05546875 0.07421875
0 0.94453125 0.80078125 0.05546875 0.07890625
0 0.06484375 0.8125 0.06484375 0.06953125
0 0.42109375 0.81953125 0.07421875 0.08359375
0 0.70625 0.82421875 0.05546875 0.07421875
0 0.98125 0.82890625 0.03671875 0.08359375
0 0.20390625 0.88203125 0.06953125 0.08828125
0 0.08828125 0.88671875 0.05546875 0.06953125
0 0.71328125 0.903125 0.05078125 0.08359375
0 0.903125 0.91875 0.06953125 0.096875
0 0.59921875 0.928125 0.06953125 0.08828125
0 0.75234375 0.95859375 0.07890625 0.06953125
0 0.10390625 0.96953125 0.07890625 0.05546875
0 0.32890625 0.971875 0.06953125 0.05078125