0 0.8984375 0.08125 0.03671875 0.1015625
0 0.8171875 0.096875 0.04140625 0.10625
0 0.7546875 0.12734375 0.03203125 0.096875
0 0.3171875 0.13203125 0.03203125 0.115625
0 0.6484375 0.1484375 0.03671875 0.08828125
0 0.52578125 0.159375 0.03203125 0.10625
0 0.71953125 0.16171875 0.03671875 0.10625
0 0.34921875 0.16640625 0.03203125 0.10625
0 0.5671875 0.18046875 0.04140625 0.10625
0 0.25703125 0.18046875 0.03671875 0.10625
0 0.1203125 0.18046875 0.03671875 0.1203125
0 0.2015625 0.18515625 0.03671875 0.115625
0 0.46328125 0.19453125 0.03671875 0.1109375
0 0.43046875 0.20859375 0.03203125 0.10625
0 0.61328125 0.2109375 0.04140625 0.1203125
0 0.39375 0.21953125 0.03203125 0.10625
0 0.071875 0.2453125 0.04140625 0.1296875
0 0.92109375 0.25234375 0.04609375 0.1203125
0 0.70390625 0.26640625 0.04140625 0.115625
0 0.659375 0.26875 0.03671875 0.125
0 0.803125 0.26875 0.03671875 0.1296875
0 0.49765625 0.27578125 0.03671875 0.1484375
0 0.7546875 0.27578125 0.04140625 0.1203125
0 0.85390625 0.278125 0.03671875 0.153125
0 0.31953125 0.29609375 0.03203125 0.1015625
0 0.534375 0.30078125 0.03203125 0.125
0 0.61328125 0.30078125 0.03671875 0.125
0 0.16640625 0.30546875 0.04140625 0.10625
0 0.21328125 0.30546875 0.03203125 0.096875
0 0.45859375 0.3125 0.03671875 0.1109375
0 0.1109375 0.3125 0.04609375 0.1203125
0 0.35390625 0.31484375 0.03671875 0.1203125
0 0.56953125 0.31484375 0.03203125 0.1109375
0 0.28671875 0.31953125 0.03671875 0.1109375
0 0.403125 0.340625 0.03203125 0.1015625