0 0.97421875 0.196875 0.028125 0.04140625
0 0.10390625 0.2109375 0.03671875 0.05078125
0 0.884375 0.21328125 0.028125 0.03671875
0 0.6296875 0.2265625 0.03203125 0.04609375
0 0.21328125 0.2265625 0.03203125 0.03203125
0 0.278125 0.23125 0.0234375 0.03203125
0 0.14375 0.2359375 0.03203125 0.04609375
0 0.82890625 0.2359375 0.03671875 0.04609375
0 0.97421875 0.23828125 0.028125 0.03671875
0 0.78046875 0.2453125 0.04140625 0.05546875
0 0.23359375 0.25 0.028125 0.03671875
0 0.8703125 0.25234375 0.03203125 0.03203125
0 0.4421875 0.25234375 0.0234375 0.03203125
0 0.93984375 0.2546875 0.03203125 0.03203125
0 0.715625 0.25703125 0.03671875 0.05078125
0 0.61796875 0.259375 0.04140625 0.05078125
0 0.89609375 0.259375 0.0234375 0.03203125
0 0.41171875 0.26171875 0.028125 0.03203125
0 0.66171875 0.26171875 0.03203125 0.04140625
0 0.51171875 0.26171875 0.028125 0.03203125
0 0.0578125 0.2640625 0.0234375 0.04140625
0 0.58125 0.2640625 0.04140625 0.04609375
0 0.18984375 0.26640625 0.03671875 0.06015625
0 0.471875 0.26875 0.028125 0.03203125
0 0.37265625 0.26875 0.04609375 0.05078125
0 0.84296875 0.27109375 0.04140625 0.04140625
0 0.0234375 0.2734375 0.03671875 0.04140625
0 0.25703125 0.278125 0.03671875 0.04609375
0 0.6875 0.278125 0.028125 0.04140625
0 0.7359375 0.28046875 0.04140625 0.03671875
0 0.92109375 0.28203125 0.04140625 0.04609375
0 0.5578125 0.284375 0.04140625 0.05078125
0 0.153125 0.284375 0.04140625 0.05078125
0 0.86328125 0.284375 0.03203125 0.03203125
0 0.43984375 0.284375 0.03671875 0.028125
0 0.48828125 0.2890625 0.028125 0.04140625
0 0.221875 0.29609375 0.03203125 0.04140625
0 0.40703125 0.2984375 0.03671875 0.04609375
0 0.80078125 0.2984375 0.03671875 0.04140625
0 0.60390625 0.3078125 0.04140625 0.06484375
0 0.3796875 0.31015625 0.04609375 0.04609375
0 0.97421875 0.31015625 0.05078125 0.08359375
0 0.6734375 0.3125 0.04140625 0.03671875
0 0.090625 0.31484375 0.05078125 0.07890625
0 0.0390625 0.31484375 0.03671875 0.04609375
0 0.76171875 0.31484375 0.04609375 0.04140625
0 0.2984375 0.31953125 0.03671875 0.04609375
0 0.840625 0.3265625 0.04609375 0.05078125
0 0.8890625 0.33125 0.05078125 0.07421875
0 0.50234375 0.33828125 0.03671875 0.04140625
0 0.57421875 0.340625 0.05078125 0.07421875
0 0.75 0.34453125 0.03671875 0.04140625
0 0.340625 0.346875 0.03671875 0.05546875
0 0.45859375 0.34921875 0.04609375 0.05546875
0 0.14609375 0.34921875 0.06015625 0.06484375
0 0.196875 0.35390625 0.05078125 0.07421875
0 0.02109375 0.35859375 0.04140625 0.08359375
0 0.26640625 0.3609375 0.05546875 0.09296875
0 0.71328125 0.3609375 0.03671875 0.05078125
0 0.66875 0.3703125 0.05078125 0.07421875
0 0.93046875 0.37734375 0.05078125 0.07421875
0 0.78046875 0.3796875 0.05546875 0.04140625
0 0.3796875 0.384375 0.05078125 0.04609375
0 0.53671875 0.3890625 0.06484375 0.1015625
0 0.9859375 0.39609375 0.01875 0.06015625
0 0.82421875 0.40078125 0.06015625 0.07890625
0 0.30546875 0.409375 0.05078125 0.07421875
0 0.56953125 0.4140625 0.04140625 0.06484375
0 0.03671875 0.428125 0.05546875 0.07421875
0 0.65703125 0.43046875 0.06484375 0.115625
0 0.9765625 0.4328125 0.04140625 0.06953125
0 0.428125 0.4328125 0.05546875 0.07421875
0 0.89609375 0.4375 0.07421875 0.1015625
0 0.75234375 0.446875 0.06484375 0.08359375
0 0.19921875 0.44921875 0.05546875 0.07421875
0 0.10625 0.45859375 0.08828125 0.1015625
0 0.48359375 0.465625 0.08828125 0.134375
0 0.3796875 0.46796875 0.06015625 0.06484375
0 0.61796875 0.4765625 0.07421875 0.115625
0 0.86328125 0.4765625 0.05546875 0.04609375
0 0.98125 0.53203125 0.03203125 0.096875
0 0.03046875 0.5390625 0.06015625 0.125
0 0.278125 0.553125 0.08359375 0.1296875
0 0.95390625 0.5859375 0.06953125 0.115625
0 0.40546875 0.59296875 0.09296875 0.153125
0 0.6734375 0.60625 0.08828125 0.1296875
0 0.2015625 0.62265625 0.09296875 0.15703125
0 0.8609375 0.634375 0.134375 0.21796875
0 0.1109375 0.6390625 0.096875 0.15703125
0 0.365625 0.7265625 0.096875 0.125
0 0.95546875 0.73515625 0.0890625 0.1984375
0 0.553125 0.75 0.1203125 0.19453125
0 0.321875 0.8609375 0.16171875 0.21328125