0 0.54140625 0.19921875 0.009375 0.0140625
0 0.59921875 0.20390625 0.009375 0.0140625
0 0.51640625 0.20625 0.009375 0.0140625
0 0.52578125 0.20625 0.009375 0.0140625
0 0.56015625 0.20625 0.0140625 0.0140625
0 0.60625 0.20625 0.009375 0.0140625
0 0.58125 0.20859375 0.009375 0.0140625
0 0.625 0.20859375 0.0140625 0.0140625
0 0.72421875 0.2109375 0.009375 0.0140625
0 0.65546875 0.21328125 0.009375 0.0140625
0 0.571875 0.215625 0.0046875 0.009375
0 0.54375 0.215625 0.009375 0.01875
0 0.51875 0.21796875 0.009375 0.009375
0 0.64140625 0.21796875 0.0140625 0.01875
0 0.740625 0.21953125 0.009375 0.0140625
0 0.53203125 0.21953125 0.0046875 0.0140625
0 0.46953125 0.21953125 0.0140625 0.01875
0 0.4859375 0.221875 0.0140625 0.01875
0 0.60390625 0.221875 0.009375 0.0140625
0 0.6875 0.22421875 0.009375 0.0140625
0 0.446875 0.2265625 0.01875 0.0140625
0 0.625 0.2265625 0.0140625 0.0140625
0 0.7265625 0.2265625 0.0140625 0.0140625
0 0.6734375 0.2265625 0.0140625 0.0140625
0 0.58359375 0.23125 0.0140625 0.0234375
0 0.65546875 0.2359375 0.009375 0.0140625
0 0.59453125 0.2359375 0.0140625 0.01875
0 0.60625 0.2359375 0.0140625 0.01875
0 0.5578125 0.23828125 0.0140625 0.0140625
0 0.69921875 0.23828125 0.009375 0.0140625
0 0.6734375 0.240625 0.0140625 0.01875
0 0.534375 0.240625 0.0140625 0.0140625
0 0.49765625 0.24296875 0.009375 0.0140625
0 0.6921875 0.24296875 0.009375 0.0140625
0 0.88203125 0.24296875 0.01875 0.028125
0 0.48828125 0.2453125 0.009375 0.0140625
0 0.58359375 0.24765625 0.0140625 0.01875
0 0.63203125 0.24765625 0.0140625 0.01875
0 0.44453125 0.25234375 0.01875 0.0234375
0 0.85859375 0.25234375 0.0140625 0.028125
0 0.6640625 0.2546875 0.0140625 0.01875
0 0.7015625 0.2546875 0.0140625 0.01875
0 0.58828125 0.25703125 0.0140625 0.0140625
0 0.653125 0.25703125 0.0140625 0.0234375
0 0.721875 0.259375 0.0140625 0.01875
0 0.528125 0.259375 0.009375 0.0140625
0 0.6390625 0.259375 0.0140625 0.01875
0 0.68046875 0.2640625 0.0140625 0.01875
0 0.72890625 0.2640625 0.0140625 0.01875
0 0.78671875 0.26640625 0.0140625 0.01875
0 0.62265625 0.26640625 0.0140625 0.0140625
0 0.740625 0.26640625 0.009375 0.0140625
0 0.5046875 0.26640625 0.0140625 0.01875
0 0.7546875 0.26875 0.0140625 0.0140625
0 0.490625 0.26875 0.0140625 0.01875
0 0.64140625 0.26875 0.009375 0.0140625
0 0.47421875 0.27109375 0.0140625 0.01875
0 0.6921875 0.27109375 0.0140625 0.01875
0 0.60859375 0.2734375 0.0140625 0.0234375
0 0.45859375 0.2734375 0.01875 0.01875
0 0.57421875 0.2734375 0.0140625 0.01875
0 0.78046875 0.27578125 0.0140625 0.01875
0 0.446875 0.27578125 0.0140625 0.0140625
0 0.76171875 0.27578125 0.0140625 0.01875
0 0.52578125 0.278125 0.009375 0.0140625
0 0.5578125 0.278125 0.0140625 0.01875
0 0.625 0.28046875 0.0140625 0.0234375
0 0.89140625 0.28046875 0.0140625 0.0234375
0 0.66171875 0.28046875 0.01875 0.0234375
0 0.53671875 0.28046875 0.0140625 0.01875
0 0.75 0.28203125 0.009375 0.0140625
0 0.68046875 0.284375 0.0140625 0.0234375
0 0.84453125 0.28671875 0.0140625 0.0234375
0 0.73359375 0.28671875 0.0140625 0.0234375
0 0.85625 0.28671875 0.01875 0.028125
0 0.4375 0.2890625 0.0140625 0.0234375
0 0.86796875 0.2890625 0.0140625 0.028125
0 0.49296875 0.2890625 0.0140625 0.01875
0 0.8359375 0.29140625 0.01875 0.0234375
0 0.59296875 0.29140625 0.01875 0.028125
0 0.42109375 0.29140625 0.01875 0.0234375
0 0.68984375 0.29375 0.0140625 0.0234375
0 0.71796875 0.29609375 0.0140625 0.0234375
0 0.7015625 0.29609375 0.0140625 0.0234375
0 0.92578125 0.2984375 0.01875 0.028125
0 0.7546875 0.2984375 0.0140625 0.01875
0 0.57421875 0.2984375 0.0140625 0.0140625
0 0.446875 0.30078125 0.0140625 0.0234375
0 0.9609375 0.30078125 0.0234375 0.0234375
0 0.634375 0.303125 0.01875 0.028125
0 0.784375 0.31015625 0.0140625 0.0234375
0 0.43515625 0.31015625 0.0140625 0.0234375
0 0.5140625 0.3125 0.0140625 0.028125
0 0.409375 0.31484375 0.01875 0.0234375
0 0.6828125 0.31484375 0.0140625 0.01875
0 0.740625 0.3171875 0.0140625 0.0234375
0 0.39140625 0.31953125 0.01875 0.0234375
0 0.5765625 0.31953125 0.0234375 0.0234375
0 0.96328125 0.31953125 0.028125 0.0234375
0 0.92109375 0.31953125 0.0234375 0.0234375
0 0.8125 0.3265625 0.01875 0.0234375
0 0.490625 0.3265625 0.0234375 0.03203125
0 0.8796875 0.3265625 0.0234375 0.0234375
0 0.53203125 0.3265625 0.01875 0.0234375
0 0.63203125 0.32890625 0.0234375 0.0234375
0 0.70859375 0.33125 0.01875 0.028125
0 0.30078125 0.33359375 0.03203125 0.05546875
0 0.7734375 0.33359375 0.0234375 0.028125
0 0.85390625 0.3359375 0.01875 0.028125
0 0.403125 0.33828125 0.0140625 0.01875
0 0.36328125 0.34296875 0.0234375 0.03203125
0 0.159375 0.34296875 0.03671875 0.05078125
0 0.45390625 0.34296875 0.0234375 0.03671875
0 0.73359375 0.34453125 0.01875 0.0234375
0 0.27578125 0.34453125 0.0234375 0.03671875
0 0.82890625 0.346875 0.028125 0.03671875
0 0.62734375 0.346875 0.0140625 0.0234375
0 0.6015625 0.34921875 0.03203125 0.05078125
0 0.11328125 0.34921875 0.0140625 0.028125
0 0.528125 0.35625 0.028125 0.03203125
0 0.3890625 0.35625 0.0234375 0.028125
0 0.803125 0.36328125 0.03671875 0.04609375
0 0.4765625 0.365625 0.0234375 0.0234375
0 0.95625 0.365625 0.04140625 0.05546875
0 0.6296875 0.37734375 0.0234375 0.04609375
0 0.83125 0.37734375 0.0234375 0.03203125
0 0.73359375 0.37734375 0.028125 0.03671875
0 0.53203125 0.384375 0.028125 0.04609375
0 0.4421875 0.38671875 0.0234375 0.04140625
0 0.384375 0.3984375 0.04140625 0.05546875
0 0.6484375 0.403125 0.03671875 0.06484375
0 0.42109375 0.40703125 0.03203125 0.04609375
0 0.471875 0.4140625 0.03671875 0.05078125
0 0.49296875 0.41640625 0.03671875 0.06015625
0 0.10859375 0.42578125 0.03671875 0.06015625
0 0.21953125 0.4421875 0.05546875 0.06953125
0 0.83828125 0.465625 0.07890625 0.07890625
0 0.07421875 0.4765625 0.06953125 0.1015625
0 0.61796875 0.5 0.06015625 0.09296875
0 0.6921875 0.5046875 0.05546875 0.07421875
0 0.94921875 0.5140625 0.04609375 0.04140625
0 0.321875 0.5140625 0.06015625 0.096875
0 0.98125 0.53046875 0.03671875 0.07421875
0 0.14375 0.53046875 0.07890625 0.1109375
0 0.24765625 0.534375 0.05546875 0.096875
0 0.84453125 0.55078125 0.07421875 0.08359375
0 0.93515625 0.571875 0.07421875 0.115625
0 0.1875 0.6015625 0.08359375 0.14375
0 0.5140625 0.6109375 0.07421875 0.10625
0 0.7015625 0.67578125 0.10625 0.1390625
0 0.46328125 0.68046875 0.08359375 0.1203125
0 0.33359375 0.71953125 0.14375 0.17578125