0 0.0140625 0.471875 0.028125 0.125
0 0.875 0.4765625 0.01875 0.04609375
0 0.89140625 0.4765625 0.01875 0.05078125
0 0.45625 0.48828125 0.05078125 0.1296875
0 0.7453125 0.54140625 0.04609375 0.096875
0 0.62265625 0.57890625 0.03671875 0.08828125
0 0.48828125 0.59921875 0.03203125 0.06484375
0 0.98828125 0.63671875 0.0234375 0.16171875
0 0.51171875 0.6484375 0.04140625 0.08359375
0 0.55546875 0.66875 0.05078125 0.08828125
0 0.0484375 0.6828125 0.04140625 0.07421875
0 0.8078125 0.7890625 0.07421875 0.134375
0 0.73828125 0.80546875 0.05546875 0.10625
0 0.1296875 0.259375 0.05546875 0.1203125
0 0.97890625 0.28671875 0.028125 0.04609375
0 0.27109375 0.32890625 0.04140625 0.08828125
0 0.40546875 0.3359375 0.03671875 0.09296875
0 0.83125 0.35625 0.03203125 0.05078125
0 0.803125 0.3609375 0.03671875 0.08359375
0 0.57421875 0.36328125 0.028125 0.06484375
0 0.85625 0.36328125 0.028125 0.06015625
0 0.7546875 0.36328125 0.0234375 0.03671875
0 0.31953125 0.365625 0.05546875 0.134375
0 0.92578125 0.3703125 0.03671875 0.07421875
0 0.44921875 0.37265625 0.0234375 0.06015625
0 0.7015625 0.3796875 0.01875 0.04140625
0 0.5046875 0.38671875 0.03671875 0.07890625
0 0.6015625 0.38671875 0.03671875 0.06484375
0 0.6390625 0.38671875 0.028125 0.05546875
0 0.7265625 0.39375 0.03203125 0.06484375
0 0.8265625 0.39375 0.028125 0.05078125
0 0.9765625 0.39609375 0.03671875 0.115625
0 0.7546875 0.39609375 0.0234375 0.05078125
0 0.21796875 0.3984375 0.06015625 0.096875
0 0.659375 0.40703125 0.01875 0.04609375
0 0.6734375 0.42109375 0.0140625 0.05078125
0 0.78046875 0.42109375 0.03671875 0.07890625