0 0.090625 0.23828125 0.04140625 0.07421875
0 0.56484375 0.24765625 0.04140625 0.07890625
0 0.14140625 0.25 0.03671875 0.08359375
0 0.11328125 0.26171875 0.03203125 0.06015625
0 0.6390625 0.2640625 0.04140625 0.08359375
0 0.86796875 0.26640625 0.03671875 0.05078125
0 0.39140625 0.26875 0.05078125 0.09296875
0 0.74765625 0.26875 0.03671875 0.05546875
0 0.96328125 0.26875 0.03671875 0.05078125
0 0.5140625 0.27109375 0.04609375 0.07890625
0 0.81015625 0.27578125 0.03671875 0.06953125
0 0.46796875 0.28046875 0.04609375 0.07890625
0 0.30546875 0.28203125 0.04140625 0.08359375
0 0.69453125 0.2890625 0.04140625 0.06953125
0 0.07421875 0.29140625 0.04609375 0.07421875
0 0.93046875 0.29375 0.03203125 0.05546875
0 0.6109375 0.29375 0.05078125 0.07890625
0 0.23125 0.29609375 0.04609375 0.06953125
0 0.36796875 0.3125 0.04140625 0.07421875
0 0.89140625 0.31953125 0.04609375 0.07890625
0 0.01875 0.32421875 0.03671875 0.08359375
0 0.76640625 0.340625 0.04140625 0.09296875
0 0.57421875 0.340625 0.04140625 0.096875
0 0.8265625 0.346875 0.04140625 0.09296875
0 0.1921875 0.35390625 0.04140625 0.08828125
0 0.46953125 0.35625 0.04140625 0.08828125
0 0.10390625 0.3609375 0.05078125 0.08359375
0 0.69453125 0.36328125 0.04140625 0.06953125
0 0.14609375 0.365625 0.04609375 0.08828125
0 0.26640625 0.375 0.04140625 0.07890625
0 0.365625 0.38203125 0.05078125 0.06953125
0 0.965625 0.39375 0.05546875 0.1296875
0 0.05078125 0.40703125 0.04609375 0.096875
0 0.403125 0.4859375 0.04609375 0.09296875
0 0.5 0.5 0.06484375 0.08828125
0 0.6203125 0.50234375 0.06015625 0.096875
0 0.3703125 0.50703125 0.04609375 0.08828125
0 0.24765625 0.509375 0.06484375 0.096875
0 0.8078125 0.534375 0.05546875 0.1109375
0 0.4234375 0.10390625 0.04609375 0.06953125
0 0.52109375 0.10390625 0.03671875 0.06484375
0 0.59921875 0.10625 0.04140625 0.07890625
0 0.35390625 0.11796875 0.05078125 0.06953125
0 0.47890625 0.12734375 0.04140625 0.06015625
0 0.31484375 0.16640625 0.04609375 0.07890625