0 0.51640625 0.15546875 0.04609375 0.06953125
0 0.3609375 0.17578125 0.05546875 0.06953125
0 0.26640625 0.18515625 0.04609375 0.06953125
0 0.70625 0.23125 0.04140625 0.06484375
0 0.86796875 0.23359375 0.05078125 0.06953125
0 0.45859375 0.2359375 0.03203125 0.05078125
0 0.58359375 0.2359375 0.04140625 0.04609375
0 0.4140625 0.24765625 0.04140625 0.07890625
0 0.23359375 0.259375 0.04140625 0.05546875
0 0.36328125 0.26171875 0.05078125 0.07890625
0 0.5046875 0.27578125 0.05078125 0.06484375
0 0.31953125 0.28203125 0.04609375 0.07421875
0 0.60859375 0.28671875 0.04609375 0.06953125
0 0.65546875 0.29375 0.05546875 0.07890625
0 0.57421875 0.303125 0.04140625 0.06484375
0 0.75234375 0.3078125 0.05078125 0.07421875
0 0.86796875 0.32421875 0.04609375 0.08828125
0 0.08125 0.3265625 0.05078125 0.07890625
0 0.4515625 0.3359375 0.05546875 0.06953125
0 0.25234375 0.34296875 0.04609375 0.06953125
0 0.82890625 0.34921875 0.04140625 0.06015625
0 0.17109375 0.35859375 0.05078125 0.06953125
0 0.40703125 0.365625 0.06484375 0.07890625
0 0.4859375 0.384375 0.05078125 0.07890625
0 0.6734375 0.4140625 0.04140625 0.07890625
0 0.30078125 0.43046875 0.05078125 0.06484375
0 0.75234375 0.43984375 0.05078125 0.08359375
0 0.61796875 0.446875 0.05078125 0.08828125
0 0.83125 0.49296875 0.05078125 0.08359375
0 0.1921875 0.50234375 0.06015625 0.08359375
0 0.446875 0.52109375 0.06015625 0.096875
0 0.4140625 0.64140625 0.06484375 0.07421875