0 0.42109375 0.10859375 0.01875 0.03203125
0 0.24296875 0.1109375 0.0234375 0.03671875
0 0.340625 0.11328125 0.028125 0.03671875
0 0.25 0.14375 0.0234375 0.04609375
0 0.3796875 0.1484375 0.0234375 0.028125
0 0.4765625 0.1484375 0.01875 0.0140625
0 0.60625 0.15703125 0.0234375 0.03203125
0 0.41640625 0.159375 0.0140625 0.01875
0 0.51640625 0.159375 0.0140625 0.01875
0 0.64375 0.159375 0.03203125 0.03671875
0 0.85625 0.1640625 0.028125 0.03203125
0 0.48828125 0.16875 0.03203125 0.03671875
0 0.29375 0.1734375 0.03671875 0.06953125
0 0.34453125 0.17578125 0.03203125 0.05078125
0 0.3125 0.178125 0.028125 0.05078125
0 0.54375 0.18046875 0.01875 0.03203125
0 0.72421875 0.1828125 0.01875 0.028125
0 0.821875 0.1828125 0.028125 0.028125
0 0.3890625 0.18515625 0.0234375 0.03203125
0 0.4140625 0.1875 0.0234375 0.01875
0 0.590625 0.18984375 0.028125 0.04609375
0 0.15078125 0.18984375 0.03203125 0.04609375
0 0.19453125 0.18984375 0.028125 0.03671875
0 0.03203125 0.19453125 0.04609375 0.06953125
0 0.07890625 0.196875 0.04140625 0.05546875
0 0.2265625 0.196875 0.028125 0.03203125
0 0.375 0.196875 0.0234375 0.03203125
0 0.51171875 0.196875 0.01875 0.028125
0 0.26171875 0.196875 0.0234375 0.028125
0 0.09453125 0.19921875 0.03203125 0.05078125
0 0.52578125 0.2015625 0.0140625 0.028125
0 0.6296875 0.20390625 0.028125 0.03203125
0 0.7640625 0.20625 0.04140625 0.06015625
0 0.65703125 0.20859375 0.0234375 0.04140625
0 0.87734375 0.2109375 0.01875 0.03671875
0 0.5765625 0.21328125 0.0234375 0.03203125
0 0.6109375 0.21328125 0.028125 0.03671875
0 0.66875 0.215625 0.03203125 0.05546875
0 0.18984375 0.215625 0.03203125 0.04140625
0 0.471875 0.215625 0.0234375 0.05546875
0 0.12734375 0.21796875 0.03203125 0.04140625
0 0.43515625 0.21796875 0.03203125 0.06015625
0 0.55078125 0.21796875 0.028125 0.03671875
0 0.91875 0.21953125 0.04140625 0.06015625
0 0.5 0.21953125 0.03671875 0.05078125
0 0.70859375 0.22421875 0.03671875 0.05078125
0 0.40078125 0.2265625 0.03203125 0.06015625
0 0.16875 0.2359375 0.03671875 0.05078125
0 0.95859375 0.23828125 0.01875 0.01875
0 0.3515625 0.24296875 0.04140625 0.06484375
0 0.990625 0.25 0.009375 0.028125
0 0.84921875 0.24765625 0.04140625 0.06953125
0 0.64375 0.25 0.03203125 0.05546875
0 0.240625 0.25234375 0.04140625 0.06484375
0 0.7890625 0.25703125 0.028125 0.04140625
0 0.95625 0.2640625 0.0234375 0.03203125
0 0.59453125 0.26640625 0.04140625 0.04609375
0 0.875 0.2734375 0.01875 0.04140625
0 0.13671875 0.28046875 0.03671875 0.06015625
0 0.990625 0.29140625 0.01875 0.04140625
0 0.7109375 0.3078125 0.03671875 0.05546875
0 0.45625 0.31484375 0.04140625 0.05078125
0 0.96953125 0.34453125 0.028125 0.04140625
0 0.5140625 0.35859375 0.03671875 0.05078125
0 0.83359375 0.42578125 0.04140625 0.08359375
0 0.96796875 0.46796875 0.05078125 0.06484375
0 0.7359375 0.47421875 0.04609375 0.05078125
0 0.45625 0.4765625 0.04609375 0.06953125
0 0.634375 0.4859375 0.04609375 0.06953125
0 0.19921875 0.4859375 0.04140625 0.05078125
0 0.34296875 0.50703125 0.04609375 0.07421875
0 0.04375 0.5140625 0.04609375 0.07421875
0 0.153125 0.51640625 0.03203125 0.05078125
0 0.29609375 0.51640625 0.04140625 0.06015625
0 0.4765625 0.51640625 0.03671875 0.06484375
0 0.8125 0.52109375 0.04140625 0.06484375
0 0.68515625 0.53046875 0.05078125 0.08359375
0 0.19921875 0.54140625 0.04609375 0.06953125
0 0.96328125 0.56015625 0.04140625 0.06484375
0 0.02109375 0.56015625 0.04140625 0.06015625
0 0.10390625 0.5671875 0.04609375 0.06953125
0 0.83828125 0.57890625 0.04140625 0.07890625
0 0.1734375 0.60859375 0.05546875 0.07421875
0 0.73828125 0.61328125 0.04609375 0.06953125
0 0.43046875 0.61328125 0.05546875 0.08359375
0 0.31953125 0.615625 0.05546875 0.08359375
0 0.6203125 0.62265625 0.05546875 0.07421875
0 0.51171875 0.63671875 0.05546875 0.08359375