0 0.634375 0.21796875 0.009375 0.01875
0 0.69453125 0.21953125 0.009375 0.009375
0 0.60625 0.221875 0.009375 0.0140625
0 0.66875 0.22421875 0.009375 0.009375
0 0.68046875 0.2265625 0.009375 0.0046875
0 0.99765625 0.22890625 0.0046875 0.0140625
0 0.60859375 0.22890625 0.009375 0.0140625
0 0.615625 0.22890625 0.009375 0.0140625
0 0.990625 0.23125 0.009375 0.01875
0 0.6015625 0.23359375 0.009375 0.0140625
0 0.44453125 0.23359375 0.0046875 0.0046875
0 0.53671875 0.23359375 0.009375 0.009375
0 0.97890625 0.2359375 0.009375 0.01875
0 0.56015625 0.2359375 0.009375 0.0140625
0 0.46328125 0.23828125 0.009375 0.009375
0 0.45859375 0.23828125 0.009375 0.0140625
0 0.5234375 0.23828125 0.009375 0.01875
0 0.5140625 0.23828125 0.009375 0.0140625
0 0.54375 0.23828125 0.0046875 0.009375
0 0.4421875 0.24296875 0.009375 0.0140625
0 0.36796875 0.24296875 0.009375 0.009375
0 0.71953125 0.24296875 0.009375 0.0140625
0 0.4328125 0.2453125 0.009375 0.0140625
0 0.62265625 0.2453125 0.0140625 0.0140625
0 0.73359375 0.24765625 0.009375 0.009375
0 0.74765625 0.25 0.009375 0.0140625
0 0.3515625 0.25 0.009375 0.009375
0 0.7109375 0.25 0.0140625 0.01875
0 0.42578125 0.25234375 0.009375 0.0140625
0 0.4515625 0.25234375 0.009375 0.0140625
0 0.96328125 0.25234375 0.009375 0.0140625
0 0.26875 0.25234375 0.0140625 0.0140625
0 0.98359375 0.25234375 0.009375 0.0140625
0 0.278125 0.25234375 0.0046875 0.0140625
0 0.6734375 0.25234375 0.009375 0.0140625
0 0.21328125 0.25234375 0.0140625 0.0234375
0 0.6640625 0.25234375 0.009375 0.0140625
0 0.2890625 0.2546875 0.009375 0.01875
0 0.70390625 0.2546875 0.009375 0.0140625
0 0.30546875 0.2546875 0.009375 0.009375
0 0.4421875 0.2546875 0.009375 0.0140625
0 0.590625 0.2546875 0.0140625 0.01875
0 0.25234375 0.25703125 0.0140625 0.01875
0 0.97421875 0.25703125 0.009375 0.0140625
0 0.73359375 0.259375 0.009375 0.0140625
0 0.5390625 0.26171875 0.0140625 0.01875
0 0.3171875 0.26171875 0.009375 0.0140625
0 0.34921875 0.2640625 0.009375 0.0140625
0 0.3890625 0.2640625 0.009375 0.0140625
0 0.37734375 0.2640625 0.009375 0.0140625
0 0.2109375 0.26640625 0.0140625 0.01875
0 0.35625 0.26640625 0.009375 0.01875
0 0.365625 0.26640625 0.009375 0.01875
0 0.821875 0.26875 0.009375 0.0234375
0 0.47890625 0.26875 0.0140625 0.0234375
0 0.4328125 0.26875 0.0140625 0.01875
0 0.91640625 0.26875 0.0140625 0.01875
0 0.26171875 0.26875 0.0140625 0.01875
0 0.6484375 0.26875 0.009375 0.01875
0 0.87265625 0.27109375 0.009375 0.0140625
0 0.99296875 0.27109375 0.009375 0.01875
0 0.840625 0.27109375 0.0140625 0.01875
0 0.8890625 0.2734375 0.0140625 0.0234375
0 0.2359375 0.2734375 0.0140625 0.0234375
0 0.96796875 0.27578125 0.0140625 0.01875
0 0.63203125 0.27578125 0.009375 0.0234375
0 0.62265625 0.28046875 0.0140625 0.0234375
0 0.85390625 0.28203125 0.0140625 0.01875
0 0.39140625 0.28203125 0.0140625 0.01875
0 0.9765625 0.28203125 0.0140625 0.0234375
0 0.24296875 0.284375 0.0140625 0.01875
0 0.87265625 0.284375 0.0140625 0.01875
0 0.91171875 0.284375 0.0140625 0.0234375
0 0.5859375 0.28671875 0.0140625 0.01875
0 0.54140625 0.28671875 0.0140625 0.01875
0 0.5046875 0.29140625 0.0140625 0.0234375
0 0.56484375 0.29140625 0.0140625 0.01875
0 0.41640625 0.29375 0.0140625 0.0234375
0 0.53203125 0.29375 0.0140625 0.0140625
0 0.39375 0.29609375 0.0140625 0.01875
0 0.215625 0.2984375 0.01875 0.0234375
0 0.6640625 0.2984375 0.01875 0.028125
0 0.490625 0.303125 0.0140625 0.01875
0 0.04375 0.3078125 0.0140625 0.0140625
0 0.028125 0.3125 0.01875 0.028125
0 0.6015625 0.3171875 0.01875 0.0234375
0 0.49765625 0.321875 0.0140625 0.0234375
0 0.20390625 0.32421875 0.0140625 0.01875
0 0.18984375 0.32421875 0.0140625 0.01875
0 0.64375 0.3265625 0.01875 0.028125
0 0.053125 0.32890625 0.01875 0.0234375
0 0.91171875 0.33828125 0.01875 0.028125
0 0.04140625 0.33828125 0.0140625 0.01875
0 0.00703125 0.346875 0.0140625 0.0234375
0 0.88671875 0.3515625 0.01875 0.0234375
0 0.840625 0.35390625 0.0234375 0.03203125
0 0.99296875 0.35859375 0.009375 0.03203125
0 0.22421875 0.3609375 0.01875 0.028125
0 0.4140625 0.36328125 0.0140625 0.028125
0 0.20859375 0.36796875 0.01875 0.0234375
0 0.1203125 0.3703125 0.0234375 0.028125
0 0.17109375 0.3703125 0.01875 0.0234375
0 0.965625 0.3703125 0.01875 0.0234375
0 0.9421875 0.38203125 0.0234375 0.04609375
0 0.43046875 0.38203125 0.01875 0.0234375
0 0.0578125 0.38203125 0.01875 0.028125
0 0.009375 0.3890625 0.01875 0.028125
0 0.903125 0.3890625 0.01875 0.03203125
0 0.14609375 0.39375 0.01875 0.0234375
0 0.3796875 0.3984375 0.01875 0.03671875
0 0.44453125 0.40078125 0.01875 0.03203125
0 0.034375 0.40546875 0.01875 0.03203125
0 0.18984375 0.40546875 0.01875 0.03203125
0 0.42109375 0.40703125 0.0234375 0.028125
0 0.4953125 0.41640625 0.0234375 0.0234375
0 0.14609375 0.43046875 0.028125 0.04140625
0 0.99296875 0.4328125 0.0140625 0.03671875
0 0.6015625 0.43515625 0.0234375 0.04140625
0 0.3171875 0.634375 0.028125 0.04140625
0 0.07890625 0.6484375 0.03203125 0.04140625
0 0.13671875 0.77578125 0.05078125 0.06015625
0 0.7109375 0.8125 0.04609375 0.06953125
0 0.46796875 0.82421875 0.04609375 0.06015625
0 0.96953125 0.85625 0.05078125 0.08359375
0 0.37734375 0.909375 0.04609375 0.07421875