0 0.77109375 0.32890625 0.0140625 0.0234375
0 0.7359375 0.34453125 0.0140625 0.0234375
0 0.62734375 0.35625 0.009375 0.01875
0 0.846875 0.36796875 0.009375 0.0140625
0 0.70859375 0.36796875 0.01875 0.01875
0 0.58125 0.3703125 0.01875 0.01875
0 0.55078125 0.37265625 0.009375 0.0140625
0 0.8125 0.37265625 0.0046875 0.009375
0 0.82421875 0.37265625 0.0140625 0.0140625
0 0.65078125 0.37734375 0.0140625 0.0234375
0 0.678125 0.37734375 0.0140625 0.01875
0 0.87265625 0.3796875 0.0140625 0.0234375
0 0.62734375 0.38671875 0.0140625 0.01875
0 0.4765625 0.3890625 0.01875 0.0234375
0 0.5046875 0.39140625 0.0140625 0.0140625
0 0.48125 0.409375 0.0140625 0.01875
0 0.53046875 0.5390625 0.0140625 0.0140625
0 0.33125 0.54375 0.0140625 0.01875
0 0.58125 0.54609375 0.01875 0.03203125
0 0.3609375 0.54609375 0.009375 0.0140625
0 0.5390625 0.54609375 0.0140625 0.0140625
0 0.346875 0.5484375 0.009375 0.0140625
0 0.51171875 0.55078125 0.0140625 0.01875
0 0.990625 0.55546875 0.009375 0.04609375
0 0.80546875 0.5578125 0.01875 0.01875
0 0.85859375 0.5578125 0.0046875 0.009375
0 0.8359375 0.5578125 0.01875 0.0234375
0 0.4859375 0.5578125 0.01875 0.01875
0 0.46953125 0.56015625 0.0140625 0.01875
0 0.865625 0.56015625 0.0046875 0.009375
0 0.70859375 0.56015625 0.01875 0.0234375
0 0.38671875 0.5625 0.0140625 0.0140625
0 0.40078125 0.56484375 0.0140625 0.01875
0 0.3078125 0.56484375 0.01875 0.028125
0 0.98125 0.5671875 0.0140625 0.01875
0 0.41171875 0.5671875 0.0140625 0.01875
0 0.88671875 0.56953125 0.0234375 0.05078125
0 0.7265625 0.571875 0.01875 0.028125
0 0.659375 0.571875 0.01875 0.028125
0 0.79140625 0.57421875 0.0140625 0.01875
0 0.928125 0.57421875 0.01875 0.0140625
0 0.62734375 0.57421875 0.01875 0.0234375
0 0.471875 0.58125 0.009375 0.0140625
0 0.6015625 0.5859375 0.028125 0.03203125
0 0.26875 0.58828125 0.01875 0.03671875
0 0.24765625 0.58828125 0.01875 0.03203125
0 0.82421875 0.59296875 0.03671875 0.04609375
0 0.42109375 0.59453125 0.028125 0.028125
0 0.946875 0.60390625 0.03203125 0.05546875
0 0.37734375 0.60625 0.0234375 0.028125
0 0.35625 0.60859375 0.0140625 0.0140625
0 0.3125 0.6109375 0.028125 0.05078125
0 0.46796875 0.6109375 0.03203125 0.04140625
0 0.971875 0.61328125 0.028125 0.04140625
0 0.01171875 0.62265625 0.0234375 0.03671875
0 0.5390625 0.6828125 0.03203125 0.03671875
0 0.21328125 0.70625 0.04140625 0.07890625
0 0.11328125 0.70859375 0.05546875 0.06015625
0 0.31484375 0.71328125 0.04609375 0.06015625
0 0.35859375 0.740625 0.05078125 0.06484375
0 0.15078125 0.78203125 0.06484375 0.096875