0 0.9859375 0.17109375 0.009375 0.0140625
0 0.971875 0.17578125 0.0140625 0.0140625
0 0.88671875 0.17578125 0.0046875 0.009375
0 0.3265625 0.17578125 0.009375 0.0140625
0 0.88203125 0.178125 0.0046875 0.009375
0 0.79375 0.178125 0.009375 0.0140625
0 0.58125 0.178125 0.0140625 0.01875
0 0.44921875 0.1828125 0.009375 0.0046875
0 0.596875 0.1828125 0.009375 0.01875
0 0.778125 0.18515625 0.009375 0.0140625
0 0.41171875 0.18515625 0.0140625 0.0046875
0 0.29609375 0.18515625 0.009375 0.009375
0 0.6875 0.18515625 0.009375 0.01875
0 0.26875 0.18515625 0.009375 0.0046875
0 0.38671875 0.1875 0.009375 0.0140625
0 0.34453125 0.18984375 0.0046875 0.009375
0 0.31015625 0.18984375 0.009375 0.009375
0 0.43046875 0.18984375 0.0140625 0.0140625
0 0.1875 0.18984375 0.009375 0.0046875
0 0.3796875 0.1921875 0.009375 0.01875
0 0.2265625 0.19453125 0.009375 0.0140625
0 0.2640625 0.19453125 0.0140625 0.009375
0 0.27109375 0.19453125 0.009375 0.009375
0 0.2890625 0.19453125 0.009375 0.009375
0 0.08125 0.19453125 0.009375 0.009375
0 0.178125 0.19453125 0.0140625 0.0140625
0 0.053125 0.19453125 0.009375 0.009375
0 0.240625 0.196875 0.009375 0.0140625
0 0.25 0.196875 0.009375 0.009375
0 0.20390625 0.19921875 0.0140625 0.0140625
0 0.06953125 0.19921875 0.009375 0.0140625
0 0.2109375 0.2015625 0.0140625 0.0046875
0 0.1484375 0.20859375 0.0140625 0.0140625
0 0.16171875 0.20859375 0.009375 0.0046875
0 0.18515625 0.2109375 0.0140625 0.01875
0 0.02109375 0.22421875 0.0234375 0.028125
0 0.85390625 0.22421875 0.03203125 0.03203125
0 0.73125 0.2265625 0.028125 0.03203125
0 0.89375 0.22890625 0.0140625 0.0140625
0 0.009375 0.23828125 0.01875 0.0234375
0 0.25234375 0.240625 0.03203125 0.03203125
0 0.90078125 0.2453125 0.0234375 0.03203125
0 0.5 0.2453125 0.01875 0.0234375
0 0.97890625 0.25 0.0234375 0.03203125
0 0.65078125 0.25 0.009375 0.0234375
0 0.78203125 0.25234375 0.01875 0.028125
0 0.3125 0.25234375 0.028125 0.03671875
0 0.696875 0.25234375 0.0234375 0.04140625
0 0.8265625 0.2546875 0.0234375 0.04609375
0 0.3796875 0.2546875 0.028125 0.03203125
0 0.596875 0.2546875 0.0234375 0.03671875
0 0.865625 0.2546875 0.01875 0.0234375
0 0.98828125 0.26171875 0.0140625 0.04140625
0 0.57890625 0.259375 0.01875 0.03671875
0 0.66640625 0.26171875 0.028125 0.04609375
0 0.63671875 0.26171875 0.0234375 0.04140625
0 0.7453125 0.2640625 0.03671875 0.05546875
0 0.95859375 0.26640625 0.028125 0.04609375
0 0.0859375 0.26640625 0.01875 0.0234375
0 0.01171875 0.27109375 0.0234375 0.03671875
0 0.40546875 0.27109375 0.0234375 0.03203125
0 0.1921875 0.27109375 0.03203125 0.03671875
0 0.534375 0.2734375 0.028125 0.04140625
0 0.50234375 0.2734375 0.028125 0.03671875
0 0.85390625 0.2734375 0.01875 0.0234375
0 0.90078125 0.27578125 0.028125 0.03671875
0 0.0625 0.27578125 0.028125 0.03671875
0 0.8078125 0.27578125 0.0234375 0.03671875
0 0.13203125 0.278125 0.03203125 0.03671875
0 0.784375 0.28046875 0.03203125 0.03671875
0 0.27578125 0.28671875 0.028125 0.04609375
0 0.7265625 0.28671875 0.028125 0.05078125
0 0.875 0.28671875 0.028125 0.04609375
0 0.2265625 0.29140625 0.03203125 0.03671875
0 0.465625 0.29140625 0.03203125 0.03671875
0 0.18984375 0.29140625 0.0234375 0.028125
0 0.4328125 0.29140625 0.0234375 0.04140625
0 0.60625 0.29375 0.0234375 0.04140625
0 0.56015625 0.29609375 0.028125 0.04609375
0 0.31015625 0.29609375 0.03203125 0.04140625
0 0.37265625 0.2984375 0.01875 0.04609375
0 0.8359375 0.30078125 0.0234375 0.04140625
0 0.00703125 0.30546875 0.0140625 0.0234375
0 0.35625 0.30546875 0.028125 0.03671875
0 0.778125 0.31015625 0.028125 0.04140625
0 0.090625 0.3125 0.028125 0.04140625
0 0.21328125 0.3171875 0.0234375 0.028125
0 0.66640625 0.321875 0.03203125 0.04609375
0 0.1390625 0.321875 0.028125 0.04140625
0 0.9421875 0.34296875 0.03203125 0.04609375
0 0.03203125 0.34453125 0.0234375 0.04140625
0 0.5046875 0.34921875 0.028125 0.05078125
0 0.7359375 0.36328125 0.0234375 0.05078125
0 0.16640625 0.37265625 0.028125 0.04140625
0 0.11328125 0.3796875 0.028125 0.05078125
0 0.8890625 0.3890625 0.03203125 0.05546875
0 0.36796875 0.65078125 0.05078125 0.06484375