0 0.284375 0.09921875 0.01875 0.03671875
0 0.365625 0.09921875 0.01875 0.04140625
0 0.4421875 0.09921875 0.0234375 0.05546875
0 0.34296875 0.1015625 0.01875 0.03671875
0 0.5578125 0.1015625 0.028125 0.06015625
0 0.91875 0.10859375 0.028125 0.05546875
0 0.63671875 0.10859375 0.0234375 0.05078125
0 0.9328125 0.01171875 0.01875 0.0234375
0 0.5859375 0.11328125 0.028125 0.04609375
0 0.50703125 0.11328125 0.028125 0.05546875
0 0.27109375 0.11328125 0.0234375 0.04609375
0 0.1875 0.115625 0.01875 0.04140625
0 0.31953125 0.115625 0.028125 0.05078125
0 0.16640625 0.11796875 0.03203125 0.05546875
0 0.2109375 0.11796875 0.028125 0.05078125
0 0.67578125 0.0140625 0.01875 0.028125
0 0.51640625 0.0140625 0.0234375 0.028125
0 0.465625 0.1203125 0.01875 0.03671875
0 0.54140625 0.0140625 0.01875 0.028125
0 0.7984375 0.0140625 0.01875 0.028125
0 0.115625 0.13203125 0.028125 0.04609375
0 0.55546875 0.0140625 0.01875 0.0234375
0 0.6015625 0.0140625 0.01875 0.028125
0 0.76171875 0.0140625 0.0234375 0.028125
0 0.971875 0.0140625 0.01875 0.028125
0 0.6640625 0.1390625 0.04140625 0.06484375
0 0.73125 0.1390625 0.028125 0.03671875
0 0.79140625 0.14609375 0.04140625 0.04609375
0 0.95859375 0.14609375 0.03203125 0.06015625
0 0.55078125 0.15078125 0.028125 0.03671875
0 0.89140625 0.15546875 0.03203125 0.06484375
0 0.02109375 0.15703125 0.04140625 0.06953125
0 0.4609375 0.01640625 0.0140625 0.028125
0 0.92109375 0.159375 0.028125 0.06484375
0 0.2453125 0.159375 0.03203125 0.05546875
0 0.98828125 0.16640625 0.0234375 0.06484375
0 0.85390625 0.16875 0.04140625 0.08359375
0 0.13203125 0.17109375 0.028125 0.05546875
0 0.5765625 0.1734375 0.04140625 0.07421875
0 0.43984375 0.1734375 0.03671875 0.06484375
0 0.62265625 0.01875 0.01875 0.03671875
0 0.49296875 0.01875 0.0140625 0.028125
0 0.76875 0.17578125 0.03671875 0.05546875
0 0.740625 0.178125 0.028125 0.05546875
0 0.80546875 0.18046875 0.028125 0.06015625
0 0.3078125 0.18515625 0.03671875 0.06484375
0 0.9140625 0.01875 0.01875 0.03671875
0 0.715625 0.02109375 0.01875 0.0234375
0 0.38671875 0.19453125 0.028125 0.06484375
0 0.7015625 0.2109375 0.04140625 0.05546875
0 0.553125 0.215625 0.04140625 0.07890625
0 0.196875 0.221875 0.03203125 0.05546875
0 0.9328125 0.221875 0.03671875 0.05546875
0 0.840625 0.0234375 0.0234375 0.03203125
0 0.77578125 0.23359375 0.03671875 0.06484375
0 0.22421875 0.2359375 0.03671875 0.07421875
0 0.10859375 0.23828125 0.05078125 0.09296875
0 0.03046875 0.23828125 0.0234375 0.04609375
0 0.83125 0.25 0.04609375 0.07421875
0 0.73359375 0.02578125 0.0140625 0.01875
0 0.3171875 0.02578125 0.01875 0.028125
0 0.34453125 0.25234375 0.04140625 0.07890625
0 0.40546875 0.25234375 0.03203125 0.05078125
0 0.0625 0.25703125 0.03671875 0.05546875
0 0.75703125 0.02578125 0.01875 0.03203125
0 0.39375 0.02578125 0.01875 0.03671875
0 0.4609375 0.028125 0.0140625 0.03671875
0 0.8984375 0.27109375 0.03671875 0.05546875
0 0.88203125 0.028125 0.0234375 0.03671875
0 0.2015625 0.028125 0.01875 0.03671875
0 0.06484375 0.03046875 0.028125 0.04609375
0 0.44453125 0.03046875 0.01875 0.03203125
0 0.4765625 0.2890625 0.05546875 0.08828125
0 0.41875 0.29140625 0.04140625 0.06484375
0 0.94921875 0.03046875 0.01875 0.03671875
0 0.21796875 0.03046875 0.01875 0.04140625
0 0.24765625 0.03046875 0.01875 0.028125
0 0.43046875 0.03046875 0.0140625 0.03203125
0 0.69921875 0.30546875 0.04609375 0.096875
0 0.7890625 0.3078125 0.03671875 0.07890625
0 0.73828125 0.31484375 0.05546875 0.1203125
0 0.62265625 0.3171875 0.04140625 0.09296875
0 0.24765625 0.31953125 0.04609375 0.07890625
0 0.04375 0.34453125 0.05546875 0.096875
0 0.95625 0.346875 0.05546875 0.1296875
0 0.93046875 0.03671875 0.01875 0.04140625
0 0.346875 0.3609375 0.05546875 0.1015625
0 0.82421875 0.36328125 0.06015625 0.115625
0 0.51171875 0.03671875 0.01875 0.03203125
0 0.44453125 0.38203125 0.06015625 0.10625
0 0.2109375 0.38203125 0.05546875 0.1015625
0 0.23125 0.0390625 0.0140625 0.03203125
0 0.90546875 0.40703125 0.06484375 0.1484375
0 0.0140625 0.409375 0.028125 0.1296875
0 0.58125 0.04140625 0.0234375 0.03671875
0 0.5578125 0.41875 0.06484375 0.06953125
0 0.27578125 0.04375 0.01875 0.03671875
0 0.153125 0.44453125 0.05546875 0.1109375
0 0.1734375 0.04375 0.0234375 0.028125
0 0.8125 0.46953125 0.05546875 0.1015625
0 0.6734375 0.0484375 0.01875 0.03671875
0 0.115625 0.0484375 0.0234375 0.03203125
0 0.3078125 0.0484375 0.01875 0.028125
0 0.36328125 0.05078125 0.0140625 0.01875
0 0.98125 0.52109375 0.028125 0.16171875
0 0.6109375 0.54609375 0.07421875 0.1484375
0 0.14375 0.0578125 0.0234375 0.03671875
0 0.3265625 0.0578125 0.0140625 0.03203125
0 0.528125 0.5765625 0.08828125 0.18984375
0 0.81953125 0.0578125 0.028125 0.04609375
0 0.44921875 0.06015625 0.01875 0.03671875
0 0.49765625 0.0625 0.01875 0.03671875
0 0.5671875 0.0625 0.01875 0.028125
0 0.259375 0.634375 0.09296875 0.17578125
0 0.715625 0.06484375 0.01875 0.03203125
0 0.1828125 0.06484375 0.0234375 0.03671875
0 0.70390625 0.00703125 0.009375 0.0140625
0 0.87265625 0.0671875 0.028125 0.05546875
0 0.34921875 0.0671875 0.01875 0.03203125
0 0.9765625 0.06953125 0.03203125 0.06015625
0 0.91640625 0.73359375 0.096875 0.17109375
0 0.221875 0.07421875 0.01875 0.03203125
0 0.0484375 0.07421875 0.028125 0.04609375
0 0.3171875 0.0765625 0.01875 0.028125
0 0.5234375 0.08125 0.01875 0.03671875
0 0.9515625 0.08125 0.028125 0.04140625
0 0.39609375 0.08125 0.0234375 0.03671875
0 0.10859375 0.08359375 0.028125 0.04140625
0 0.54140625 0.08359375 0.01875 0.028125
0 0.89375 0.08359375 0.0234375 0.04140625
0 0.465625 0.08359375 0.01875 0.03671875