0 0.09296875 0.178125 0.07421875 0.04609375
0 0.54140625 0.18984375 0.0140625 0.01875
0 0.60859375 0.18984375 0.009375 0.0140625
0 0.93046875 0.19921875 0.0140625 0.01875
0 0.87265625 0.2015625 0.009375 0.0234375
0 0.5671875 0.2015625 0.0140625 0.01875
0 0.58828125 0.2015625 0.0140625 0.01875
0 0.70859375 0.20625 0.05546875 0.08828125
0 0.78203125 0.2109375 0.0140625 0.0234375
0 0.91171875 0.21328125 0.0140625 0.0234375
0 0.7984375 0.21796875 0.01875 0.0234375
0 0.8359375 0.221875 0.01875 0.028125
0 0.965625 0.221875 0.028125 0.028125
0 0.85859375 0.22421875 0.01875 0.0234375
0 0.990625 0.240625 0.01875 0.06015625
0 0.634375 0.24296875 0.05078125 0.08828125
0 0.51640625 0.24296875 0.05078125 0.1109375
0 0.96328125 0.259375 0.028125 0.04609375
0 0.29375 0.26640625 0.07421875 0.125
0 0.08125 0.2734375 0.07890625 0.1203125
0 0.36796875 0.28046875 0.05078125 0.07890625
0 0.91875 0.29609375 0.028125 0.06015625
0 0.6015625 0.2984375 0.03671875 0.06484375
0 0.41171875 0.2984375 0.05078125 0.06953125
0 0.8359375 0.30078125 0.05546875 0.08359375
0 0.46328125 0.3078125 0.06953125 0.125
0 0.2015625 0.3125 0.1015625 0.14375
0 0.70625 0.33828125 0.06484375 0.1109375
0 0.9578125 0.3859375 0.084375 0.190625
0 0.84453125 0.5140625 0.096875 0.1390625