0 0.9328125 0.50234375 0.05546875 0.07421875
0 0.8609375 0.54140625 0.05078125 0.08359375
0 0.721875 0.66640625 0.0046875 0.0046875
0 0.59921875 0.66875 0.009375 0.009375
0 0.50703125 0.66875 0.0046875 0.009375
0 0.71796875 0.66875 0.0046875 0.009375
0 0.4375 0.67109375 0.0046875 0.009375
0 0.5625 0.67109375 0.0046875 0.009375
0 0.5578125 0.67109375 0.0046875 0.009375
0 0.70390625 0.67109375 0.0046875 0.009375
0 0.6828125 0.67109375 0.0046875 0.009375
0 0.67578125 0.6734375 0.0046875 0.009375
0 0.59453125 0.6734375 0.0046875 0.009375
0 0.5046875 0.6734375 0.0046875 0.009375
0 0.509375 0.6734375 0.0046875 0.009375
0 0.23359375 0.67578125 0.009375 0.01875
0 0.409375 0.67578125 0.009375 0.009375
0 0.471875 0.67578125 0.009375 0.0140625
0 0.61796875 0.67578125 0.0046875 0.009375
0 0.12265625 0.67578125 0.009375 0.009375
0 0.375 0.67578125 0.0046875 0.009375
0 0.38203125 0.67578125 0.0140625 0.0140625
0 0.49296875 0.67578125 0.0046875 0.0140625
0 0.6875 0.67578125 0.009375 0.009375
0 0.56953125 0.67578125 0.0046875 0.009375
0 0.57890625 0.67578125 0.0046875 0.009375
0 0.69453125 0.67578125 0.0046875 0.009375
0 0.61328125 0.67578125 0.009375 0.009375
0 0.4234375 0.67578125 0.0046875 0.009375
0 0.59296875 0.67578125 0.0046875 0.009375
0 0.321875 0.678125 0.0140625 0.01875
0 0.72421875 0.678125 0.009375 0.0140625
0 0.45859375 0.678125 0.0046875 0.009375
0 0.48359375 0.678125 0.0046875 0.0140625
0 0.53671875 0.678125 0.0046875 0.0046875
0 0.5859375 0.678125 0.0046875 0.009375
0 0.8078125 0.678125 0.009375 0.01875
0 0.73125 0.678125 0.009375 0.009375
0 0.36796875 0.678125 0.0046875 0.009375
0 0.5625 0.678125 0.0046875 0.009375
0 0.1875 0.678125 0.009375 0.01875
0 0.53203125 0.678125 0.0046875 0.009375
0 0.3609375 0.678125 0.0046875 0.009375
0 0.62734375 0.678125 0.0046875 0.009375
0 0.10625 0.678125 0.009375 0.0140625
0 0.26640625 0.68046875 0.009375 0.0140625
0 0.30078125 0.68046875 0.0140625 0.0140625
0 0.51875 0.68046875 0.0046875 0.009375
0 0.56015625 0.68046875 0.0046875 0.009375
0 0.5234375 0.68046875 0.009375 0.0140625
0 0.14609375 0.68046875 0.0140625 0.0140625
0 0.55078125 0.68046875 0.0046875 0.009375
0 0.81953125 0.6828125 0.0140625 0.01875
0 0.715625 0.6828125 0.009375 0.0140625
0 0.6640625 0.6828125 0.009375 0.0140625
0 0.840625 0.6828125 0.0140625 0.0140625
0 0.4421875 0.6828125 0.009375 0.01875
0 0.0390625 0.6828125 0.0140625 0.0140625
0 0.159375 0.6828125 0.0046875 0.0140625
0 0.40703125 0.6828125 0.0046875 0.0140625
0 0.759375 0.6828125 0.009375 0.0140625
0 0.24765625 0.6828125 0.0140625 0.0234375
0 0.54375 0.68515625 0.0046875 0.0140625
0 0.43046875 0.68515625 0.0046875 0.0140625
0 0.4515625 0.68515625 0.009375 0.0140625
0 0.2109375 0.68515625 0.0140625 0.01875
0 0.115625 0.68515625 0.0140625 0.0140625
0 0.68046875 0.6875 0.009375 0.0140625
0 0.5671875 0.6875 0.009375 0.009375
0 0.3703125 0.6875 0.009375 0.01875
0 0.41875 0.6875 0.0046875 0.01875
0 0.4609375 0.6875 0.009375 0.0046875
0 0.2359375 0.6875 0.0140625 0.0140625
0 0.35859375 0.68984375 0.009375 0.01875
0 0.53046875 0.68984375 0.0046875 0.01875
0 0.0234375 0.68984375 0.009375 0.0140625
0 0.1640625 0.68984375 0.0140625 0.01875
0 0.46953125 0.68984375 0.0046875 0.0046875
0 0.32890625 0.68984375 0.0140625 0.01875
0 0.69453125 0.68984375 0.009375 0.0140625
0 0.384375 0.6921875 0.0140625 0.01875
0 0.428125 0.6921875 0.0046875 0.0140625
0 0.63203125 0.6921875 0.009375 0.01875
0 0.615625 0.6921875 0.0140625 0.01875
0 0.77578125 0.6921875 0.009375 0.0140625
0 0.29140625 0.69453125 0.009375 0.0234375
0 0.5390625 0.69453125 0.009375 0.01875
0 0.55546875 0.69453125 0.0140625 0.01875
0 0.07890625 0.69453125 0.009375 0.01875
0 0.115625 0.69453125 0.009375 0.01875
0 0.09921875 0.69453125 0.01875 0.03203125
0 0.31484375 0.69453125 0.0140625 0.01875
0 0.64375 0.69453125 0.009375 0.0140625
0 0.4609375 0.696875 0.009375 0.0140625
0 0.28046875 0.696875 0.0140625 0.0234375
0 0.51171875 0.696875 0.009375 0.0140625
0 0.44921875 0.696875 0.009375 0.0140625
0 0.57890625 0.696875 0.009375 0.01875
0 0.26640625 0.69921875 0.01875 0.0234375
0 0.79609375 0.69921875 0.028125 0.04140625
0 0.303125 0.69921875 0.009375 0.0140625
0 0.14609375 0.69921875 0.009375 0.0234375
0 0.50234375 0.69921875 0.009375 0.0140625
0 0.48359375 0.7015625 0.009375 0.01875
0 0.4328125 0.7015625 0.009375 0.0140625
0 0.0671875 0.7015625 0.0140625 0.03203125
0 0.08828125 0.7015625 0.0140625 0.01875
0 0.7546875 0.7015625 0.0140625 0.01875
0 0.82890625 0.7015625 0.0046875 0.01875
0 0.4234375 0.70390625 0.0140625 0.0140625
0 0.18046875 0.70390625 0.0140625 0.0234375
0 0.39609375 0.70390625 0.0140625 0.028125
0 0.74765625 0.70390625 0.009375 0.0140625
0 0.490625 0.70390625 0.009375 0.01875
0 0.81484375 0.70625 0.0140625 0.01875
0 0.70625 0.70625 0.01875 0.028125
0 0.596875 0.70625 0.0140625 0.0234375
0 0.46953125 0.70625 0.0140625 0.01875
0 0.37265625 0.70859375 0.01875 0.0234375
0 0.2359375 0.70859375 0.009375 0.01875
0 0.8359375 0.70859375 0.0140625 0.0140625
0 0.63203125 0.7109375 0.009375 0.009375
0 0.215625 0.7109375 0.01875 0.04140625
0 0.6390625 0.71328125 0.009375 0.01875
0 0.56953125 0.71328125 0.0140625 0.028125
0 0.4421875 0.715625 0.0140625 0.01875
0 0.3515625 0.715625 0.01875 0.028125
0 0.009375 0.715625 0.01875 0.05078125
0 0.028125 0.71953125 0.0234375 0.05546875
0 0.615625 0.71953125 0.0234375 0.03671875
0 0.77109375 0.71953125 0.01875 0.028125
0 0.05546875 0.71953125 0.009375 0.028125
0 0.42578125 0.721875 0.01875 0.03203125
0 0.72890625 0.72421875 0.01875 0.028125
0 0.66171875 0.72421875 0.028125 0.04140625
0 0.98125 0.73125 0.028125 0.1296875
0 0.13203125 0.72890625 0.028125 0.04140625
0 0.08359375 0.73359375 0.0234375 0.04140625
0 0.4859375 0.740625 0.028125 0.04609375
0 0.29609375 0.740625 0.01875 0.03671875
0 0.784375 0.759375 0.028125 0.05078125
0 0.009375 0.77109375 0.01875 0.04609375
0 0.12734375 0.778125 0.03671875 0.07421875
0 0.24296875 0.81015625 0.05078125 0.07890625
0 0.54609375 0.82421875 0.04140625 0.06953125
0 0.83125 0.83359375 0.07890625 0.1203125
0 0.69453125 0.840625 0.04609375 0.07890625
0 0.3890625 0.91171875 0.09296875 0.14375