0 0.07890625 0.3703125 0.009375 0.0140625
0 0.51171875 0.3703125 0.009375 0.0140625
0 0.06953125 0.37265625 0.009375 0.0140625
0 0.43984375 0.37265625 0.0140625 0.0234375
0 0.134375 0.37265625 0.01875 0.03203125
0 0.18515625 0.37265625 0.0140625 0.0140625
0 0.08828125 0.37265625 0.009375 0.01875
0 0.240625 0.375 0.0046875 0.0140625
0 0.21796875 0.375 0.0046875 0.009375
0 0.2546875 0.375 0.0140625 0.03203125
0 0.39609375 0.375 0.0140625 0.01875
0 0.26640625 0.375 0.0046875 0.009375
0 0.03046875 0.375 0.0234375 0.03671875
0 0.23359375 0.375 0.0046875 0.0046875
0 0.278125 0.37734375 0.0140625 0.0234375
0 0.0578125 0.37734375 0.0140625 0.0234375
0 0.18515625 0.37734375 0.009375 0.01875
0 0.55078125 0.37734375 0.0046875 0.009375
0 0.12265625 0.37734375 0.0140625 0.0234375
0 0.22890625 0.37734375 0.0140625 0.028125
0 0.8078125 0.37734375 0.0046875 0.0046875
0 0.53203125 0.3796875 0.0046875 0.0140625
0 0.590625 0.3796875 0.0046875 0.009375
0 0.65546875 0.3796875 0.0046875 0.0046875
0 0.29375 0.3796875 0.0046875 0.01875
0 0.60625 0.3796875 0.0046875 0.0046875
0 0.490625 0.3796875 0.009375 0.0140625
0 0.52109375 0.3796875 0.0046875 0.009375
0 0.59921875 0.3796875 0.009375 0.009375
0 0.70859375 0.3796875 0.0046875 0.0046875
0 0.19921875 0.3796875 0.0140625 0.0140625
0 0.5 0.3796875 0.0046875 0.0046875
0 0.5140625 0.3796875 0.009375 0.0140625
0 0.6109375 0.3796875 0.0046875 0.009375
0 0.375 0.38203125 0.028125 0.04140625
0 0.71796875 0.38203125 0.0046875 0.0046875
0 0.740625 0.38203125 0.0046875 0.0046875
0 0.63203125 0.38203125 0.0046875 0.0046875
0 0.68046875 0.38203125 0.0046875 0.0046875
0 0.72421875 0.38203125 0.0046875 0.0046875
0 0.6296875 0.38203125 0.0046875 0.0046875
0 0.26171875 0.38203125 0.009375 0.0140625
0 0.465625 0.38203125 0.009375 0.0234375
0 0.86796875 0.38203125 0.0046875 0.0046875
0 0.471875 0.38203125 0.0046875 0.009375
0 0.6828125 0.38203125 0.0046875 0.0046875
0 0.70390625 0.38203125 0.0046875 0.0046875
0 0.67109375 0.38203125 0.0046875 0.0046875
0 0.40703125 0.38203125 0.0046875 0.009375
0 0.5390625 0.38203125 0.009375 0.0140625
0 0.6875 0.38203125 0.0046875 0.0046875
0 0.7109375 0.38203125 0.0046875 0.0046875
0 0.7359375 0.38203125 0.0046875 0.0046875
0 0.2109375 0.38203125 0.0140625 0.0234375
0 0.64375 0.38203125 0.0046875 0.0046875
0 0.178125 0.38203125 0.0140625 0.009375
0 0.2359375 0.384375 0.0046875 0.009375
0 0.528125 0.384375 0.009375 0.0140625
0 0.67578125 0.384375 0.0046875 0.0046875
0 0.2984375 0.384375 0.009375 0.0140625
0 0.6484375 0.384375 0.0046875 0.009375
0 0.33359375 0.384375 0.04609375 0.08359375
0 0.55546875 0.384375 0.0046875 0.0140625
0 0.653125 0.384375 0.0046875 0.0046875
0 0.715625 0.384375 0.0046875 0.0046875
0 0.15703125 0.384375 0.01875 0.01875
0 0.7890625 0.384375 0.0046875 0.0046875
0 0.61328125 0.384375 0.009375 0.0046875
0 0.11328125 0.384375 0.0140625 0.0234375
0 0.80546875 0.384375 0.0046875 0.0046875
0 0.56015625 0.384375 0.0046875 0.0140625
0 0.5 0.384375 0.0046875 0.009375
0 0.71796875 0.384375 0.0046875 0.009375
0 0.721875 0.384375 0.0046875 0.0046875
0 0.7109375 0.384375 0.0046875 0.0046875
0 0.54609375 0.38671875 0.009375 0.0140625
0 0.31015625 0.38671875 0.009375 0.0140625
0 0.79140625 0.38671875 0.0046875 0.0046875
0 0.64140625 0.38671875 0.0046875 0.009375
0 0.40546875 0.38671875 0.0046875 0.009375
0 0.0484375 0.38671875 0.0140625 0.0234375
0 0.72890625 0.38671875 0.0046875 0.0046875
0 0.865625 0.38671875 0.0046875 0.0140625
0 0.696875 0.3890625 0.0046875 0.0046875
0 0.73359375 0.3890625 0.0046875 0.0046875
0 0.79375 0.3890625 0.0046875 0.0046875
0 0.4859375 0.3890625 0.009375 0.0140625
0 0.09453125 0.3890625 0.0140625 0.0234375
0 0.6921875 0.3890625 0.009375 0.0140625
0 0.8078125 0.3890625 0.0046875 0.0046875
0 0.63671875 0.3890625 0.009375 0.0140625
0 0.81015625 0.3890625 0.0046875 0.0046875
0 0.87265625 0.3890625 0.0046875 0.009375
0 0.79140625 0.3890625 0.0046875 0.0046875
0 0.80078125 0.3890625 0.0046875 0.009375
0 0.28671875 0.3890625 0.0046875 0.009375
0 0.45625 0.39140625 0.009375 0.01875
0 0.52109375 0.39140625 0.0046875 0.0140625
0 0.821875 0.39140625 0.01875 0.03203125
0 0.7359375 0.39140625 0.0046875 0.009375
0 0.80546875 0.39140625 0.0046875 0.009375
0 0.678125 0.39140625 0.009375 0.009375
0 0.6296875 0.39140625 0.0046875 0.0140625
0 0.6015625 0.39140625 0.0140625 0.0234375
0 0.71796875 0.39140625 0.0046875 0.009375
0 0.72890625 0.39140625 0.0046875 0.0046875
0 0.7890625 0.39375 0.0046875 0.0046875
0 0.79609375 0.39375 0.0046875 0.0046875
0 0.63203125 0.39375 0.009375 0.009375
0 0.00234375 0.39375 0.0046875 0.0046875
0 0.44921875 0.39375 0.009375 0.01875
0 0.72421875 0.39375 0.0046875 0.0046875
0 0.615625 0.39375 0.009375 0.0140625
0 0.69921875 0.39609375 0.009375 0.009375
0 0.90546875 0.39609375 0.05078125 0.08359375
0 0.54375 0.39609375 0.0046875 0.0140625
0 0.6734375 0.39609375 0.009375 0.01875
0 0.46796875 0.3984375 0.009375 0.01875
0 0.53203125 0.3984375 0.009375 0.01875
0 0.84453125 0.3984375 0.0140625 0.0234375
0 0.55078125 0.3984375 0.009375 0.0140625
0 0.8796875 0.3984375 0.009375 0.0140625
0 0.0046875 0.3984375 0.0046875 0.009375
0 0.0140625 0.3984375 0.009375 0.0140625
0 0.06484375 0.40078125 0.009375 0.03203125
0 0.715625 0.40078125 0.0140625 0.01875
0 0.6296875 0.40078125 0.009375 0.009375
0 0.81484375 0.40078125 0.009375 0.01875
0 0.79140625 0.40078125 0.0046875 0.009375
0 0.178125 0.403125 0.0140625 0.028125
0 0.51640625 0.403125 0.009375 0.0234375
0 0.57421875 0.403125 0.01875 0.04140625
0 0.19453125 0.403125 0.01875 0.028125
0 0.2984375 0.40546875 0.01875 0.028125
0 0.50234375 0.40546875 0.0046875 0.01875
0 0.3125 0.40703125 0.009375 0.028125
0 0.51171875 0.40703125 0.009375 0.01875
0 0.596875 0.40703125 0.01875 0.04140625
0 0.08359375 0.409375 0.01875 0.03203125
0 0.4859375 0.41171875 0.0234375 0.028125
0 0.6296875 0.41171875 0.0140625 0.0234375
0 0.56015625 0.41171875 0.0046875 0.01875
0 0.55078125 0.4140625 0.0140625 0.0234375
0 0.20625 0.41640625 0.0140625 0.0234375
0 0.6640625 0.41640625 0.028125 0.05078125
0 0.79609375 0.41875 0.01875 0.028125
0 0.68515625 0.41875 0.0140625 0.01875
0 0.2359375 0.42109375 0.0140625 0.03203125
0 0.64609375 0.4234375 0.009375 0.0140625
0 0.71328125 0.42578125 0.01875 0.03203125
0 0.615625 0.42578125 0.01875 0.028125
0 0.76171875 0.428125 0.04140625 0.06484375
0 0.696875 0.43046875 0.0140625 0.01875
0 0.42578125 0.4328125 0.03203125 0.07421875
0 0.50703125 0.4328125 0.01875 0.03203125
0 0.36796875 0.43515625 0.0234375 0.028125
0 0.15078125 0.4375 0.03203125 0.05546875
0 0.25 0.4375 0.0234375 0.05078125
0 0.634375 0.43984375 0.0140625 0.01875
0 0.5234375 0.4421875 0.0140625 0.0234375
0 0.49765625 0.46953125 0.01875 0.028125
0 0.9765625 0.50234375 0.03671875 0.08828125
0 0.8265625 0.50703125 0.04140625 0.08828125
0 0.76640625 0.55078125 0.03203125 0.04140625