0 0.41171875 0.3265625 0.0046875 0.009375
0 0.49296875 0.33125 0.0046875 0.009375
0 0.40078125 0.33125 0.0046875 0.0140625
0 0.42578125 0.33359375 0.009375 0.0140625
0 0.48125 0.33359375 0.0046875 0.009375
0 0.46953125 0.3359375 0.0140625 0.01875
0 0.4375 0.340625 0.009375 0.0140625
0 0.49765625 0.34296875 0.0046875 0.009375
0 0.47890625 0.346875 0.009375 0.01875
0 0.46328125 0.36796875 0.009375 0.0140625
0 0.47421875 0.37265625 0.009375 0.0140625
0 0.51875 0.37734375 0.0046875 0.01875
0 0.51640625 0.4234375 0.009375 0.0140625
0 0.4765625 0.428125 0.009375 0.0140625
0 0.41875 0.428125 0.009375 0.009375
0 0.45859375 0.4328125 0.009375 0.0140625
0 0.49765625 0.4328125 0.0140625 0.01875
0 0.43984375 0.43515625 0.009375 0.0140625
0 0.39140625 0.4375 0.009375 0.0140625
0 0.42578125 0.43984375 0.009375 0.0140625
0 0.409375 0.43984375 0.009375 0.0140625
0 0.49765625 0.44453125 0.009375 0.009375
0 0.409375 0.45390625 0.009375 0.0140625
0 0.39609375 0.465625 0.009375 0.0140625
0 0.42578125 0.47421875 0.009375 0.0140625
0 0.51640625 0.48125 0.009375 0.009375
0 0.49765625 0.48359375 0.009375 0.01875
0 0.4375 0.490625 0.009375 0.01875
0 0.4515625 0.50234375 0.009375 0.0140625
0 0.40546875 0.50234375 0.009375 0.009375
0 0.4421875 0.5140625 0.009375 0.0140625
0 0.45859375 0.5140625 0.009375 0.0140625
0 0.528125 0.52109375 0.009375 0.0140625
0 0.43046875 0.5234375 0.009375 0.01875
0 0.51640625 0.5234375 0.009375 0.0140625
0 0.3984375 0.5484375 0.009375 0.0140625
0 0.54140625 0.55078125 0.009375 0.0140625
0 0.5234375 0.55078125 0.0140625 0.01875
0 0.49765625 0.553125 0.009375 0.0140625
0 0.41640625 0.553125 0.009375 0.0140625
0 0.4953125 0.5765625 0.009375 0.0140625
0 0.43984375 0.57890625 0.0140625 0.0140625
0 0.54375 0.58359375 0.0046875 0.01875
0 0.528125 0.58359375 0.009375 0.0140625
0 0.409375 0.58828125 0.0140625 0.01875
0 0.5 0.58828125 0.009375 0.0140625
0 0.50234375 0.59921875 0.0046875 0.0140625
0 0.5765625 0.59921875 0.0140625 0.028125
0 0.4328125 0.60390625 0.009375 0.009375
0 0.34296875 0.60625 0.0140625 0.01875
0 0.48828125 0.60859375 0.009375 0.009375
0 0.54375 0.60859375 0.0046875 0.009375
0 0.47421875 0.60859375 0.009375 0.0140625
0 0.48125 0.60859375 0.009375 0.0140625
0 0.653125 0.60859375 0.0140625 0.0140625
0 0.61328125 0.60859375 0.0140625 0.0234375
0 0.4953125 0.6109375 0.0140625 0.01875
0 0.3609375 0.61328125 0.01875 0.0234375
0 0.409375 0.61328125 0.0140625 0.0140625
0 0.53046875 0.61328125 0.0046875 0.009375
0 0.6921875 0.615625 0.009375 0.01875
0 0.52109375 0.615625 0.009375 0.009375
0 0.5484375 0.615625 0.009375 0.01875
0 0.596875 0.61796875 0.0140625 0.0234375
0 0.67109375 0.61796875 0.009375 0.0234375
0 0.58828125 0.6203125 0.009375 0.01875
0 0.5578125 0.6203125 0.009375 0.01875
0 0.43984375 0.6203125 0.009375 0.0140625
0 0.42578125 0.62265625 0.0140625 0.01875
0 0.4140625 0.62265625 0.0140625 0.0140625
0 0.346875 0.62734375 0.0140625 0.01875
0 0.66171875 0.62734375 0.01875 0.028125
0 0.63671875 0.62734375 0.009375 0.01875
0 0.40078125 0.6296875 0.0140625 0.0234375
0 0.47890625 0.63203125 0.0140625 0.01875
0 0.696875 0.63203125 0.01875 0.028125
0 0.509375 0.63203125 0.01875 0.01875
0 0.465625 0.6390625 0.0140625 0.01875
0 0.615625 0.6390625 0.0140625 0.028125
0 0.64140625 0.64140625 0.009375 0.0234375
0 0.73359375 0.64140625 0.0140625 0.0234375
0 0.49765625 0.64375 0.01875 0.028125
0 0.34296875 0.64375 0.01875 0.0234375
0 0.37734375 0.64375 0.01875 0.0234375
0 0.38671875 0.64609375 0.0140625 0.01875
0 0.52109375 0.64609375 0.01875 0.0234375
0 0.44921875 0.6484375 0.0140625 0.0140625
0 0.5765625 0.65078125 0.01875 0.028125
0 0.4234375 0.653125 0.01875 0.028125
0 0.5578125 0.65703125 0.01875 0.028125
0 0.64140625 0.659375 0.0140625 0.01875
0 0.60390625 0.659375 0.01875 0.0234375
0 0.34296875 0.66640625 0.0140625 0.0140625
0 0.45390625 0.66875 0.0234375 0.0234375
0 0.66875 0.6734375 0.01875 0.028125
0 0.65703125 0.6734375 0.01875 0.01875
0 0.740625 0.67578125 0.028125 0.028125
0 0.6875 0.678125 0.0234375 0.028125
0 0.36328125 0.6828125 0.01875 0.01875
0 0.58359375 0.6921875 0.028125 0.04140625
0 0.51171875 0.69453125 0.03671875 0.05078125
0 0.76875 0.70390625 0.03203125 0.06015625
0 0.33828125 0.70625 0.03203125 0.04609375
0 0.63671875 0.70625 0.0234375 0.03203125
0 0.84453125 0.7109375 0.03671875 0.05546875
0 0.6015625 0.71328125 0.01875 0.0234375
0 0.6734375 0.715625 0.028125 0.04609375
0 0.45390625 0.7265625 0.04140625 0.06015625
0 0.240625 0.72890625 0.03671875 0.05546875
0 0.3078125 0.73125 0.03203125 0.04140625
0 0.78671875 0.73828125 0.03671875 0.06484375
0 0.70625 0.740625 0.04140625 0.06484375
0 0.59296875 0.75 0.03671875 0.06015625
0 0.50234375 0.75 0.04140625 0.06015625
0 0.6390625 0.75234375 0.03203125 0.04140625
0 0.40546875 0.75703125 0.05546875 0.08359375
0 0.90078125 0.76640625 0.05078125 0.06484375
0 0.07421875 0.76875 0.04140625 0.07421875
0 0.16171875 0.77578125 0.05078125 0.07421875
0 0.02578125 0.79140625 0.05078125 0.09296875
0 0.840625 0.80546875 0.04609375 0.07890625
0 0.97890625 0.8171875 0.04140625 0.07421875
0 0.8078125 0.82890625 0.03671875 0.06015625
0 0.75 0.8609375 0.05078125 0.08828125
0 0.6875 0.87734375 0.05078125 0.08359375
0 0.80546875 0.93515625 0.05546875 0.096875