0 0.46796875 0.38203125 0.028125 0.04609375
0 0.62734375 0.38203125 0.03203125 0.04609375
0 0.36328125 0.384375 0.028125 0.04609375
0 0.93984375 0.38671875 0.04609375 0.06484375
0 0.26875 0.38671875 0.0140625 0.01875
0 0.58359375 0.3890625 0.028125 0.03671875
0 0.30078125 0.39609375 0.01875 0.028125
0 0.90078125 0.403125 0.0140625 0.0234375
0 0.13203125 0.403125 0.0234375 0.03203125
0 0.72421875 0.403125 0.03203125 0.04609375
0 0.18515625 0.40546875 0.01875 0.028125
0 0.16875 0.40546875 0.0234375 0.028125
0 0.89140625 0.40703125 0.01875 0.01875
0 0.20390625 0.40703125 0.01875 0.028125
0 0.86328125 0.409375 0.0140625 0.0234375
0 0.67109375 0.409375 0.0234375 0.04140625
0 0.23359375 0.409375 0.028125 0.03203125
0 0.2546875 0.409375 0.01875 0.028125
0 0.38671875 0.409375 0.0140625 0.028125
0 0.99296875 0.4140625 0.0140625 0.01875
0 0.1015625 0.4140625 0.0234375 0.03671875
0 0.40078125 0.41640625 0.01875 0.0234375
0 0.91640625 0.41640625 0.0140625 0.01875
0 0.5046875 0.41640625 0.01875 0.01875
0 0.3359375 0.41875 0.01875 0.0234375
0 0.98359375 0.41875 0.01875 0.0234375
0 0.7734375 0.42109375 0.0140625 0.0234375
0 0.83125 0.42109375 0.0140625 0.01875
0 0.41875 0.42109375 0.009375 0.01875
0 0.43046875 0.42109375 0.0140625 0.028125
0 0.75703125 0.42109375 0.009375 0.0140625
0 0.7015625 0.4234375 0.01875 0.0234375
0 0.803125 0.42578125 0.0140625 0.01875
0 0.85390625 0.42578125 0.009375 0.01875
0 0.3171875 0.428125 0.0234375 0.028125
0 0.75234375 0.43046875 0.0140625 0.0234375
0 0.55078125 0.43046875 0.0234375 0.03203125
0 0.65078125 0.4375 0.05078125 0.06953125
0 0.5140625 0.43984375 0.0140625 0.0234375