0 0.64609375 0.31953125 0.01875 0.0234375
0 0.26875 0.321875 0.0234375 0.05078125
0 0.39375 0.3265625 0.0234375 0.03671875
0 0.053125 0.32890625 0.0234375 0.04140625
0 0.7984375 0.33125 0.0140625 0.03203125
0 0.33359375 0.340625 0.0234375 0.03671875
0 0.5765625 0.34453125 0.028125 0.05078125
0 0.6734375 0.34453125 0.01875 0.05078125
0 0.82421875 0.3515625 0.03671875 0.05546875
0 0.78046875 0.3515625 0.03671875 0.03203125
0 0.48828125 0.35625 0.028125 0.05078125
0 0.73125 0.3609375 0.028125 0.04609375
0 0.70625 0.37734375 0.0234375 0.04140625
0 0.39140625 0.38671875 0.03203125 0.05078125
0 0.78046875 0.39375 0.03671875 0.05078125
0 0.01875 0.403125 0.028125 0.05078125
0 0.57890625 0.40703125 0.04140625 0.07890625
0 0.9515625 0.41171875 0.028125 0.06953125
0 0.72421875 0.42109375 0.03671875 0.06015625
0 0.509375 0.428125 0.04140625 0.04609375
0 0.21796875 0.4328125 0.03671875 0.07421875
0 0.82890625 0.4375 0.04140625 0.06953125
0 0.67109375 0.4421875 0.03671875 0.06015625
0 0.92578125 0.446875 0.03671875 0.08359375
0 0.40546875 0.46328125 0.04609375 0.06953125
0 0.50703125 0.4859375 0.04609375 0.07890625
0 0.08359375 0.52109375 0.04140625 0.04609375
0 0.9859375 0.52578125 0.0234375 0.1296875
0 0.865625 0.528125 0.04609375 0.07421875
0 0.28203125 0.54609375 0.04140625 0.07421875
0 0.68515625 0.5484375 0.03671875 0.07421875
0 0.45859375 0.553125 0.028125 0.06484375
0 0.79375 0.553125 0.04609375 0.09296875
0 0.61796875 0.55546875 0.04609375 0.08828125
0 0.13203125 0.5765625 0.03203125 0.06484375
0 0.17109375 0.57890625 0.04140625 0.115625
0 0.48828125 0.59921875 0.05078125 0.08828125
0 0.590625 0.60390625 0.03671875 0.04140625
0 0.03046875 0.6390625 0.03671875 0.07890625
0 0.09453125 0.6484375 0.06015625 0.06953125
0 0.40546875 0.6640625 0.06484375 0.1203125
0 0.18046875 0.68984375 0.04609375 0.05078125
0 0.56953125 0.75234375 0.06484375 0.1203125
0 0.28046875 0.75703125 0.05078125 0.1296875
0 0.75703125 0.77109375 0.06015625 0.14375
0 0.07421875 0.90078125 0.1109375 0.1484375
0 0.9140625 0.9140625 0.08359375 0.1484375
0 0.31015625 0.18984375 0.009375 0.028125
0 0.33125 0.196875 0.01875 0.028125
0 0.47421875 0.20625 0.0140625 0.028125
0 0.3984375 0.2109375 0.0140625 0.028125
0 0.696875 0.2109375 0.01875 0.01875
0 0.678125 0.215625 0.01875 0.03671875
0 0.53046875 0.21953125 0.0140625 0.028125
0 0.43046875 0.22421875 0.0140625 0.03203125
0 0.49296875 0.22421875 0.0140625 0.028125
0 0.446875 0.2265625 0.0140625 0.0234375
0 0.35625 0.22890625 0.0140625 0.028125
0 0.3078125 0.23125 0.009375 0.028125
0 0.653125 0.23125 0.0140625 0.028125
0 0.29609375 0.23359375 0.009375 0.0234375
0 0.6390625 0.23359375 0.0140625 0.03203125
0 0.48125 0.240625 0.0140625 0.0234375
0 0.40703125 0.24765625 0.0140625 0.01875
0 0.08125 0.2640625 0.0234375 0.04609375
0 0.46953125 0.26640625 0.0140625 0.03203125
0 0.65078125 0.26640625 0.01875 0.01875
0 0.54140625 0.27109375 0.0140625 0.03203125
0 0.5859375 0.27109375 0.0140625 0.028125
0 0.78671875 0.27578125 0.028125 0.03671875
0 0.8359375 0.27578125 0.028125 0.05546875
0 0.3125 0.278125 0.009375 0.0234375
0 0.36328125 0.278125 0.01875 0.03203125
0 0.6015625 0.28046875 0.0140625 0.0234375
0 0.49296875 0.28046875 0.0140625 0.03203125
0 0.528125 0.28203125 0.0140625 0.03203125
0 0.5140625 0.284375 0.009375 0.03203125
0 0.56015625 0.28671875 0.01875 0.04140625
0 0.64140625 0.2890625 0.0140625 0.0234375
0 0.3890625 0.29375 0.01875 0.0234375
0 0.44453125 0.29375 0.01875 0.028125
0 0.7015625 0.29375 0.028125 0.03671875
0 0.75234375 0.29609375 0.028125 0.03203125
0 0.60625 0.30078125 0.0140625 0.0234375