0 0.45625 0.39609375 0.0046875 0.0046875
0 0.45859375 0.3984375 0.0046875 0.009375
0 0.465625 0.40078125 0.009375 0.009375
0 0.153125 0.41875 0.0046875 0.0046875
0 0.178125 0.42578125 0.0046875 0.009375
0 0.0578125 0.428125 0.0046875 0.009375
0 0.125 0.43046875 0.0046875 0.0140625
0 0.1734375 0.43046875 0.0046875 0.0046875
0 0.134375 0.43046875 0.009375 0.009375
0 0.16171875 0.43046875 0.009375 0.0046875
0 0.28203125 0.43046875 0.0046875 0.0046875
0 0.365625 0.43046875 0.0046875 0.0046875
0 0.0671875 0.43046875 0.0046875 0.009375
0 0.16875 0.4328125 0.0046875 0.009375
0 0.3078125 0.4328125 0.0046875 0.009375
0 0.0046875 0.43515625 0.009375 0.01875
0 0.03671875 0.43515625 0.0140625 0.0140625
0 0.20390625 0.4375 0.009375 0.009375
0 0.096875 0.4375 0.0140625 0.0140625
0 0.32421875 0.4375 0.0046875 0.0046875
0 0.1921875 0.43984375 0.009375 0.0140625
0 0.02109375 0.43984375 0.0140625 0.0140625
0 0.34296875 0.43984375 0.009375 0.0140625
0 0.38671875 0.43984375 0.0046875 0.009375
0 0.14375 0.43984375 0.009375 0.009375
0 0.21328125 0.43984375 0.009375 0.0140625
0 0.05078125 0.43984375 0.0140625 0.0140625
0 0.29609375 0.43984375 0.009375 0.0140625
0 0.303125 0.43984375 0.0046875 0.009375
0 0.41875 0.43984375 0.0046875 0.009375
0 0.115625 0.43984375 0.009375 0.0140625
0 0.28671875 0.4421875 0.009375 0.0140625
0 0.21953125 0.4421875 0.0046875 0.0140625
0 0.18046875 0.44453125 0.0140625 0.0234375
0 0.31015625 0.44453125 0.009375 0.0140625
0 0.25703125 0.44453125 0.0046875 0.0046875
0 0.35859375 0.44453125 0.0046875 0.009375
0 0.33359375 0.44453125 0.009375 0.0046875
0 0.071875 0.44453125 0.01875 0.0234375
0 0.278125 0.446875 0.0046875 0.009375
0 0.44921875 0.446875 0.009375 0.009375
0 0.14140625 0.446875 0.009375 0.0140625
0 0.4375 0.446875 0.0046875 0.009375
0 0.153125 0.446875 0.009375 0.0140625
0 0.125 0.446875 0.009375 0.0140625
0 0.46328125 0.446875 0.009375 0.009375
0 0.240625 0.44921875 0.009375 0.009375
0 0.36328125 0.44921875 0.009375 0.0140625
0 0.3796875 0.44921875 0.009375 0.0140625
0 0.56015625 0.44921875 0.0046875 0.009375
0 0.40546875 0.44921875 0.009375 0.0140625
0 0.26875 0.4515625 0.0140625 0.01875
0 0.5390625 0.4515625 0.0046875 0.009375
0 0.1640625 0.4515625 0.0140625 0.01875
0 0.34921875 0.4515625 0.009375 0.0140625
0 0.19453125 0.4515625 0.009375 0.0140625
0 0.4859375 0.4515625 0.009375 0.009375
0 0.33828125 0.4515625 0.009375 0.009375
0 0.45859375 0.45390625 0.0046875 0.009375
0 0.0390625 0.45625 0.0140625 0.0140625
0 0.54609375 0.45625 0.009375 0.0140625
0 0.21328125 0.45625 0.0140625 0.01875
0 0.4765625 0.45625 0.009375 0.0140625
0 0.44453125 0.45625 0.0046875 0.009375
0 0.51875 0.45625 0.009375 0.0140625
0 0.08359375 0.45625 0.0140625 0.0234375
0 0.28671875 0.45625 0.0140625 0.01875
0 0.33359375 0.45859375 0.009375 0.0140625
0 0.4953125 0.45859375 0.009375 0.0140625
0 0.22421875 0.45859375 0.0140625 0.01875
0 0.43046875 0.45859375 0.0140625 0.0140625
0 0.58125 0.45859375 0.0140625 0.0140625
0 0.4375 0.45859375 0.009375 0.009375
0 0.25 0.45859375 0.009375 0.0140625
0 0.2984375 0.45859375 0.009375 0.0140625
0 0.40078125 0.4609375 0.009375 0.0140625
0 0.60390625 0.4609375 0.0140625 0.0140625
0 0.61796875 0.4609375 0.0140625 0.0140625
0 0.54140625 0.46328125 0.009375 0.0140625
0 0.90078125 0.46328125 0.009375 0.0140625
0 0.259375 0.46328125 0.009375 0.0140625
0 0.49296875 0.46328125 0.009375 0.0140625
0 0.50234375 0.46328125 0.0046875 0.009375
0 0.64609375 0.46328125 0.009375 0.0046875
0 0.34921875 0.46328125 0.009375 0.0140625
0 0.596875 0.46328125 0.0140625 0.01875
0 0.6390625 0.46328125 0.0046875 0.0140625
0 0.3796875 0.465625 0.0140625 0.01875
0 0.0140625 0.465625 0.0234375 0.0234375
0 0.51171875 0.465625 0.0140625 0.01875
0 0.63203125 0.465625 0.009375 0.0140625
0 0.66171875 0.465625 0.009375 0.0140625
0 0.13671875 0.465625 0.0140625 0.0234375
0 0.27578125 0.46796875 0.0140625 0.01875
0 0.3171875 0.46796875 0.0140625 0.01875
0 0.5578125 0.46796875 0.009375 0.01875
0 0.11796875 0.46953125 0.0140625 0.0140625
0 0.7015625 0.46953125 0.009375 0.009375
0 0.20390625 0.46953125 0.0140625 0.01875
0 0.53203125 0.46953125 0.009375 0.01875
0 0.9234375 0.471875 0.009375 0.0046875
0 0.46328125 0.471875 0.009375 0.01875
0 0.5765625 0.471875 0.009375 0.0140625
0 0.653125 0.471875 0.009375 0.009375
0 0.93046875 0.47421875 0.0046875 0.009375
0 0.97890625 0.47421875 0.0046875 0.0046875
0 0.64609375 0.47421875 0.0140625 0.0140625
0 0.553125 0.47421875 0.0140625 0.01875
0 0.42109375 0.47421875 0.01875 0.0234375
0 0.76875 0.47421875 0.0140625 0.0234375
0 0.47421875 0.4765625 0.0140625 0.0140625
0 0.6734375 0.4765625 0.0140625 0.01875
0 0.721875 0.4765625 0.0140625 0.01875
0 0.68984375 0.4765625 0.0140625 0.0140625
0 0.44453125 0.47890625 0.01875 0.0234375
0 0.625 0.47890625 0.0140625 0.0140625
0 0.75 0.47890625 0.01875 0.0234375
0 0.61796875 0.48125 0.01875 0.01875
0 0.89609375 0.48125 0.009375 0.009375
0 0.94453125 0.48359375 0.009375 0.0140625
0 0.73125 0.48359375 0.009375 0.0140625
0 0.86328125 0.48359375 0.009375 0.0140625
0 0.8703125 0.48359375 0.009375 0.0140625
0 0.29375 0.4859375 0.0234375 0.03203125
0 0.33125 0.4859375 0.01875 0.0234375
0 0.5765625 0.4859375 0.0140625 0.0140625
0 0.85390625 0.4859375 0.009375 0.0140625
0 0.97421875 0.4859375 0.009375 0.0140625
0 0.7984375 0.4859375 0.0140625 0.01875
0 0.84296875 0.4859375 0.009375 0.0140625
0 0.1640625 0.4859375 0.028125 0.03671875
0 0.8796875 0.48828125 0.009375 0.0140625
0 0.27109375 0.48828125 0.0234375 0.03203125
0 0.83359375 0.490625 0.0140625 0.0140625
0 0.95390625 0.490625 0.0046875 0.0140625
0 0.2265625 0.490625 0.01875 0.03203125
0 0.40546875 0.49296875 0.0234375 0.03671875
0 0.54375 0.4953125 0.01875 0.028125
0 0.89140625 0.4953125 0.009375 0.01875
0 0.909375 0.4953125 0.0140625 0.0234375
0 0.70390625 0.4953125 0.009375 0.0140625
0 0.6296875 0.49765625 0.01875 0.0234375
0 0.78671875 0.49765625 0.01875 0.0234375
0 0.68984375 0.49765625 0.0140625 0.01875
0 0.1109375 0.5 0.03203125 0.03671875
0 0.721875 0.5 0.0140625 0.01875
0 0.94453125 0.50234375 0.009375 0.01875
0 0.04375 0.50234375 0.028125 0.03671875
0 0.50234375 0.5046875 0.0234375 0.03671875
0 0.99296875 0.50703125 0.0046875 0.03203125
0 0.590625 0.50703125 0.0234375 0.03671875
0 0.4234375 0.50703125 0.01875 0.0234375
0 0.840625 0.50703125 0.0140625 0.0234375
0 0.4765625 0.509375 0.028125 0.04140625
0 0.8125 0.51171875 0.0234375 0.028125
0 0.0671875 0.51171875 0.01875 0.028125
0 0.96953125 0.51171875 0.0140625 0.01875
0 0.98359375 0.5140625 0.0140625 0.01875
0 0.14140625 0.5140625 0.0234375 0.028125
0 0.7546875 0.51640625 0.0234375 0.028125
0 0.70390625 0.52109375 0.0234375 0.0234375
0 0.88203125 0.5234375 0.0234375 0.03671875
0 0.7265625 0.52578125 0.0234375 0.03203125
0 0.375 0.53046875 0.03203125 0.06015625
0 0.98359375 0.53671875 0.0140625 0.01875
0 0.284375 0.54140625 0.03203125 0.04140625
0 0.96796875 0.54140625 0.0140625 0.01875
0 0.55078125 0.54609375 0.03671875 0.028125
0 0.990625 0.54609375 0.009375 0.03671875
0 0.21796875 0.55078125 0.03203125 0.04140625
0 0.44453125 0.553125 0.03203125 0.05078125
0 0.84453125 0.5671875 0.03203125 0.03671875
0 0.56953125 0.58359375 0.03671875 0.04140625
0 0.34296875 0.58828125 0.03671875 0.05078125
0 0.89140625 0.590625 0.03671875 0.05546875
0 0.14609375 0.6203125 0.04609375 0.07890625
0 0.846875 0.634375 0.03203125 0.05546875
0 0.20625 0.66171875 0.06953125 0.07421875
0 0.77578125 0.66875 0.05078125 0.06953125
0 0.41171875 0.66875 0.06484375 0.1015625
0 0.65703125 0.7109375 0.07421875 0.115625