0 0.4859375 0.86328125 0.32890625 0.134375
0 0.78203125 0.1921875 0.009375 0.0046875
0 0.63671875 0.19453125 0.009375 0.0046875
0 0.64609375 0.19453125 0.009375 0.009375
0 0.83828125 0.196875 0.0140625 0.0046875
0 0.95859375 0.196875 0.01875 0.0140625
0 0.85390625 0.19921875 0.009375 0.009375
0 0.58828125 0.19921875 0.009375 0.009375
0 0.6734375 0.19921875 0.0140625 0.009375
0 0.57890625 0.19921875 0.0140625 0.0046875
0 0.553125 0.2015625 0.009375 0.009375
0 0.18984375 0.20390625 0.0140625 0.009375
0 0.31953125 0.20390625 0.0140625 0.009375
0 0.0484375 0.20390625 0.009375 0.0046875
0 0.60625 0.20390625 0.01875 0.0046875
0 0.403125 0.20390625 0.01875 0.009375
0 0.43046875 0.20390625 0.0140625 0.0046875
0 0.48828125 0.20390625 0.0140625 0.0046875
0 0.69921875 0.20625 0.009375 0.009375
0 0.96796875 0.20625 0.01875 0.0140625
0 0.86796875 0.20625 0.0140625 0.009375
0 0.78671875 0.20625 0.0140625 0.009375
0 0.134375 0.20625 0.0140625 0.009375
0 0.1640625 0.20625 0.01875 0.009375
0 0.1828125 0.20859375 0.0140625 0.009375
0 0.29140625 0.20859375 0.0234375 0.0140625
0 0.8078125 0.20859375 0.009375 0.0046875
0 0.51875 0.20859375 0.009375 0.0046875
0 0.09453125 0.20859375 0.009375 0.0046875
0 0.0765625 0.20859375 0.009375 0.0046875
0 0.46953125 0.20859375 0.0234375 0.0140625
0 0.590625 0.2109375 0.01875 0.0140625
0 0.83828125 0.2109375 0.01875 0.009375
0 0.5 0.2109375 0.0140625 0.009375
0 0.72890625 0.2109375 0.03671875 0.0234375
0 0.8984375 0.2109375 0.0140625 0.009375
0 0.44921875 0.2109375 0.0234375 0.009375
0 0.759375 0.2109375 0.0234375 0.01875
0 0.11796875 0.2109375 0.0140625 0.009375
0 0.14140625 0.21328125 0.01875 0.0140625
0 0.053125 0.21328125 0.0140625 0.0140625
0 0.571875 0.21328125 0.01875 0.0140625
0 0.54609375 0.21328125 0.028125 0.0234375
0 0.3890625 0.21328125 0.0140625 0.01875
0 0.36328125 0.21328125 0.0234375 0.01875
0 0.65078125 0.215625 0.03671875 0.01875
0 0.9234375 0.215625 0.0234375 0.0140625
0 0.403125 0.215625 0.01875 0.0140625
0 0.41875 0.215625 0.01875 0.009375
0 0.0859375 0.21796875 0.0140625 0.009375
0 0.84921875 0.21796875 0.01875 0.0046875
0 0.98359375 0.21796875 0.028125 0.0140625
0 0.22890625 0.21796875 0.03203125 0.028125
0 0.59453125 0.21796875 0.0140625 0.0046875
0 0.33828125 0.21796875 0.01875 0.01875
0 0.028125 0.21796875 0.05546875 0.05546875
0 0.4375 0.21796875 0.028125 0.009375
0 0.159375 0.21796875 0.028125 0.0140625
0 0.09453125 0.21796875 0.0140625 0.009375
0 0.34921875 0.21953125 0.0140625 0.0140625
0 0.6828125 0.21953125 0.03203125 0.0234375
0 0.284375 0.21953125 0.03203125 0.0234375
0 0.70625 0.21953125 0.01875 0.01875
0 0.10859375 0.21953125 0.0140625 0.0140625
0 0.81953125 0.21953125 0.03671875 0.01875
0 0.1828125 0.221875 0.028125 0.01875
0 0.471875 0.221875 0.03203125 0.0140625
0 0.6203125 0.221875 0.01875 0.0140625
0 0.875 0.221875 0.03203125 0.01875
0 0.3171875 0.221875 0.0234375 0.01875
0 0.9375 0.221875 0.01875 0.009375
0 0.51640625 0.221875 0.03671875 0.01875
0 0.78046875 0.22421875 0.03671875 0.0234375
0 0.85390625 0.2265625 0.03203125 0.01875
0 0.57890625 0.2265625 0.01875 0.01875
0 0.24765625 0.2265625 0.04140625 0.028125
0 0.81484375 0.2265625 0.028125 0.0140625
0 0.12265625 0.22890625 0.028125 0.01875
0 0.38671875 0.22890625 0.0234375 0.01875
0 0.27578125 0.22890625 0.03671875 0.03203125
0 0.07421875 0.22890625 0.03203125 0.01875
0 0.9421875 0.22890625 0.0234375 0.0140625
0 0.15703125 0.23125 0.0234375 0.009375
0 0.10390625 0.23125 0.028125 0.0234375
0 0.35859375 0.23125 0.03203125 0.01875
0 0.59453125 0.23125 0.01875 0.01875
0 0.98359375 0.23125 0.0234375 0.0140625
0 0.65546875 0.23359375 0.03671875 0.0234375
0 0.95859375 0.23359375 0.01875 0.0140625
0 0.47421875 0.23359375 0.028125 0.01875
0 0.446875 0.2359375 0.03203125 0.01875
0 0.56015625 0.23828125 0.03203125 0.0234375
0 0.90078125 0.240625 0.04140625 0.01875
0 0.75 0.240625 0.04609375 0.03203125
0 0.9421875 0.24296875 0.028125 0.0234375
0 0.3171875 0.2453125 0.03203125 0.03203125
0 0.6296875 0.24765625 0.04609375 0.03203125
0 0.52109375 0.24765625 0.04609375 0.03671875
0 0.96953125 0.24765625 0.028125 0.0234375
0 0.41875 0.25 0.05078125 0.04140625
0 0.98828125 0.25234375 0.0140625 0.04140625
0 0.3609375 0.2546875 0.06015625 0.028125
0 0.8265625 0.25703125 0.06484375 0.03203125
0 0.134375 0.25703125 0.03203125 0.03203125
0 0.1734375 0.2640625 0.04609375 0.03671875
0 0.7015625 0.26640625 0.06015625 0.04609375
0 0.125 0.27109375 0.05546875 0.05078125
0 0.46796875 0.28046875 0.06953125 0.05078125
0 0.096875 0.284375 0.08359375 0.07421875
0 0.6109375 0.28671875 0.05546875 0.04140625
0 0.89375 0.2890625 0.08359375 0.05546875
0 0.278125 0.2890625 0.04609375 0.04140625
0 0.53671875 0.3171875 0.06953125 0.06015625
0 0.384375 0.31953125 0.125 0.07890625
0 0.66875 0.321875 0.08828125 0.06484375
0 0.83828125 0.340625 0.08828125 0.08359375
0 0.58359375 0.40703125 0.1109375 0.1015625
0 0.46796875 0.5 0.1484375 0.115625
0 0.09453125 0.5234375 0.15703125 0.125
0 0.803125 0.5484375 0.17109375 0.16171875