0 0.85625 0.34921875 0.03671875 0.05078125
0 0.50703125 0.3703125 0.03203125 0.05078125
0 0.83828125 0.3703125 0.04609375 0.06484375
0 0.53671875 0.3703125 0.05078125 0.06484375
0 0.62265625 0.38671875 0.028125 0.03671875
0 0.72421875 0.39140625 0.028125 0.04609375
0 0.4953125 0.39609375 0.04609375 0.06953125
0 0.5765625 0.39609375 0.03671875 0.05546875
0 0.9515625 0.3984375 0.03671875 0.06015625
0 0.60859375 0.40703125 0.028125 0.04609375
0 0.24765625 0.409375 0.03671875 0.06015625
0 0.365625 0.409375 0.04140625 0.05546875
0 0.15703125 0.4140625 0.03671875 0.05546875
0 0.465625 0.41640625 0.028125 0.04609375
0 0.7546875 0.41640625 0.028125 0.04609375
0 0.64609375 0.41875 0.03671875 0.04609375
0 0.053125 0.43515625 0.04609375 0.06015625
0 0.01640625 0.4375 0.03203125 0.06484375
0 0.65078125 0.49296875 0.05078125 0.07421875
0 0.40703125 0.5046875 0.05078125 0.10625
0 0.12734375 0.52109375 0.028125 0.06015625
0 0.36328125 0.52578125 0.06484375 0.07890625
0 0.59453125 0.528125 0.05078125 0.08359375
0 0.1875 0.534375 0.06484375 0.07421875