0 0.95859375 0.35859375 0.03203125 0.06953125
0 0.92578125 0.365625 0.03203125 0.05078125
0 0.84296875 0.3703125 0.01875 0.04140625
0 0.70859375 0.37265625 0.01875 0.0234375
0 0.78671875 0.37265625 0.028125 0.05078125
0 0.89609375 0.3796875 0.028125 0.04609375
0 0.6640625 0.384375 0.0140625 0.0234375
0 0.721875 0.38671875 0.009375 0.028125
0 0.740625 0.38671875 0.0140625 0.028125
0 0.634375 0.3890625 0.009375 0.0140625
0 0.7640625 0.3890625 0.028125 0.04140625
0 0.67109375 0.3890625 0.009375 0.028125
0 0.62265625 0.39140625 0.0140625 0.0234375
0 0.6484375 0.39140625 0.009375 0.0140625
0 0.8078125 0.39609375 0.028125 0.04609375
0 0.69921875 0.39609375 0.0140625 0.0234375
0 0.596875 0.3984375 0.0046875 0.0140625
0 0.590625 0.3984375 0.0046875 0.0140625
0 0.60390625 0.3984375 0.009375 0.01875
0 0.6484375 0.40078125 0.009375 0.01875
0 0.99296875 0.403125 0.0046875 0.07421875
0 0.54375 0.40078125 0.0046875 0.009375
0 0.53203125 0.403125 0.0046875 0.009375
0 0.5390625 0.403125 0.0046875 0.009375
0 0.5671875 0.403125 0.009375 0.0140625
0 0.6390625 0.403125 0.009375 0.01875
0 0.60859375 0.40546875 0.009375 0.0140625
0 0.5234375 0.40546875 0.009375 0.0140625
0 0.5765625 0.40546875 0.009375 0.0140625
0 0.56015625 0.409375 0.009375 0.009375
0 0.3359375 0.409375 0.0140625 0.0234375
0 0.40546875 0.41171875 0.0140625 0.0234375
0 0.48125 0.41171875 0.0046875 0.009375
0 0.428125 0.4140625 0.0140625 0.0140625
0 0.39375 0.4140625 0.0140625 0.01875
0 0.16875 0.4234375 0.01875 0.028125
0 0.43984375 0.4234375 0.0046875 0.009375
0 0.51875 0.4234375 0.009375 0.01875
0 0.5671875 0.4234375 0.0140625 0.0234375
0 0.43515625 0.42578125 0.0046875 0.01875
0 0.553125 0.42578125 0.0140625 0.0140625
0 0.58125 0.42578125 0.0140625 0.0140625
0 0.35859375 0.42578125 0.009375 0.0140625
0 0.45625 0.42578125 0.0046875 0.0140625
0 0.409375 0.43046875 0.009375 0.01875
0 0.31484375 0.4328125 0.0140625 0.01875
0 0.446875 0.44453125 0.009375 0.0046875
0 0.48828125 0.44453125 0.0140625 0.0140625
0 0.51640625 0.44453125 0.0046875 0.0140625
0 0.5234375 0.44453125 0.009375 0.0140625
0 0.41875 0.446875 0.009375 0.009375
0 0.5046875 0.446875 0.009375 0.009375
0 0.58125 0.446875 0.01875 0.0234375
0 0.59296875 0.446875 0.009375 0.0234375
0 0.47890625 0.44921875 0.0046875 0.009375
0 0.59921875 0.44921875 0.009375 0.028125
0 0.46796875 0.44921875 0.0046875 0.009375
0 0.66875 0.44921875 0.03203125 0.03671875
0 0.37265625 0.44921875 0.009375 0.0140625
0 0.40703125 0.4515625 0.0046875 0.0140625
0 0.40078125 0.4515625 0.009375 0.009375
0 0.38671875 0.45390625 0.009375 0.0140625
0 0.39375 0.45390625 0.0046875 0.01875
0 0.51171875 0.45390625 0.009375 0.01875
0 0.30546875 0.45390625 0.009375 0.01875
0 0.45859375 0.45390625 0.0046875 0.009375
0 0.4234375 0.45625 0.0140625 0.0140625
0 0.446875 0.45625 0.009375 0.0140625
0 0.51875 0.45625 0.0046875 0.009375
0 0.49296875 0.45859375 0.009375 0.0140625
0 0.35625 0.45859375 0.0140625 0.01875
0 0.3984375 0.45859375 0.009375 0.009375
0 0.46953125 0.4609375 0.0046875 0.009375
0 0.62734375 0.4609375 0.03203125 0.05546875
0 0.45390625 0.46328125 0.009375 0.009375
0 0.3265625 0.465625 0.0140625 0.0140625
0 0.44453125 0.46796875 0.0140625 0.01875
0 0.5046875 0.46796875 0.0140625 0.01875
0 0.14140625 0.46796875 0.01875 0.028125
0 0.4609375 0.46796875 0.009375 0.01875
0 0.409375 0.46953125 0.0140625 0.0140625
0 0.30078125 0.46953125 0.0140625 0.01875
0 0.346875 0.471875 0.0140625 0.01875
0 0.471875 0.471875 0.009375 0.01875
0 0.4859375 0.471875 0.0140625 0.01875
0 0.31015625 0.47421875 0.009375 0.01875
0 0.38203125 0.47421875 0.0140625 0.01875
0 0.240625 0.47421875 0.0140625 0.01875
0 0.35859375 0.4765625 0.01875 0.01875
0 0.26171875 0.47890625 0.009375 0.01875
0 0.25234375 0.48359375 0.0140625 0.01875
0 0.3703125 0.48359375 0.009375 0.01875
0 0.46328125 0.4859375 0.0140625 0.01875
0 0.3265625 0.490625 0.0140625 0.0234375
0 0.45390625 0.490625 0.0140625 0.0234375
0 0.24296875 0.49296875 0.009375 0.01875
0 0.43984375 0.49296875 0.0140625 0.0140625
0 0.340625 0.4953125 0.01875 0.028125
0 0.31484375 0.4953125 0.01875 0.0234375
0 0.48828125 0.49765625 0.0140625 0.0234375
0 0.409375 0.49765625 0.0140625 0.028125
0 0.35859375 0.49765625 0.01875 0.03203125
0 0.67578125 0.49765625 0.03671875 0.05546875
0 0.17109375 0.5 0.01875 0.0234375
0 0.2359375 0.5046875 0.01875 0.028125
0 0.28671875 0.5046875 0.01875 0.028125
0 0.39140625 0.5140625 0.01875 0.028125
0 0.37265625 0.51875 0.01875 0.03203125
0 0.46328125 0.52109375 0.01875 0.028125
0 0.11328125 0.5234375 0.028125 0.04140625
0 0.0625 0.5234375 0.028125 0.04140625
0 0.52109375 0.52578125 0.0234375 0.03671875
0 0.43984375 0.52578125 0.0234375 0.04140625
0 0.17578125 0.528125 0.028125 0.03203125
0 0.15078125 0.5390625 0.01875 0.028125
0 0.35390625 0.54375 0.0234375 0.028125
0 0.01875 0.54609375 0.028125 0.028125
0 0.08359375 0.5484375 0.03203125 0.04140625
0 0.2109375 0.55078125 0.028125 0.05078125
0 0.23828125 0.55078125 0.0234375 0.03671875
0 0.321875 0.5578125 0.028125 0.04140625
0 0.01875 0.571875 0.03671875 0.04140625
0 0.76640625 0.69921875 0.05078125 0.096875
0 0.08828125 0.69921875 0.05078125 0.06015625
0 0.60859375 0.75234375 0.06953125 0.1203125
0 0.01875 0.80078125 0.03671875 0.06484375
0 0.95546875 0.8671875 0.0890625 0.171875