0 0.85625 0.13203125 0.05078125 0.06015625
0 0.78203125 0.13203125 0.04140625 0.05546875
0 0.97890625 0.13671875 0.04140625 0.07890625
0 0.446875 0.14609375 0.05078125 0.08359375
0 0.88203125 0.153125 0.05078125 0.06953125
0 0.3359375 0.16640625 0.04609375 0.06484375
0 0.6640625 0.178125 0.05078125 0.07421875
0 0.2265625 0.18515625 0.05078125 0.06953125
0 0.78203125 0.1875 0.04140625 0.06015625
0 0.1109375 0.18984375 0.04609375 0.05546875
0 0.428125 0.19453125 0.05078125 0.07890625
0 0.5625 0.196875 0.04609375 0.07890625
0 0.56015625 0.02109375 0.028125 0.04140625
0 0.1015625 0.0234375 0.03203125 0.04140625
0 0.7546875 0.0234375 0.04609375 0.04609375
0 0.12265625 0.23125 0.04140625 0.06015625
0 0.31953125 0.2359375 0.04140625 0.06953125
0 0.81484375 0.02578125 0.04140625 0.05078125
0 0.596875 0.2453125 0.05546875 0.07890625
0 0.01640625 0.25 0.03203125 0.06484375
0 0.2359375 0.25 0.04140625 0.05078125
0 0.46796875 0.02578125 0.03671875 0.05078125
0 0.80546875 0.25703125 0.04609375 0.07421875
0 0.6203125 0.028125 0.05078125 0.05546875
0 0.278125 0.28046875 0.03203125 0.06953125
0 0.15546875 0.284375 0.05546875 0.08359375
0 0.35625 0.03046875 0.04140625 0.05546875
0 0.69453125 0.2890625 0.05078125 0.06484375
0 0.5765625 0.29375 0.05078125 0.08828125
0 0.73828125 0.30546875 0.06484375 0.07421875
0 0.0484375 0.31015625 0.04140625 0.06484375
0 0.88203125 0.32421875 0.05546875 0.07890625
0 0.51640625 0.32890625 0.05078125 0.08359375
0 0.10859375 0.33359375 0.05078125 0.06484375
0 0.90859375 0.034375 0.0515625 0.06875
0 0.64375 0.33359375 0.05546875 0.06484375
0 0.24765625 0.3359375 0.06015625 0.08359375
0 0.3515625 0.33828125 0.05078125 0.05546875
0 0.25703125 0.03671875 0.05546875 0.06015625
0 0.43046875 0.375 0.05078125 0.07890625
0 0.31953125 0.375 0.05078125 0.07421875
0 0.1640625 0.03671875 0.04609375 0.04609375
0 0.0578125 0.3796875 0.04140625 0.06015625
0 0.74765625 0.384375 0.05546875 0.09296875
0 0.375 0.40546875 0.05546875 0.06484375
0 0.10625 0.40703125 0.05546875 0.08828125
0 0.06484375 0.04140625 0.04140625 0.06015625
0 0.6484375 0.41171875 0.05546875 0.07890625
0 0.5 0.4140625 0.05546875 0.07890625
0 0.2015625 0.41640625 0.04140625 0.08359375
0 0.53671875 0.04140625 0.04140625 0.07421875
0 0.428125 0.04375 0.05078125 0.07421875
0 0.1390625 0.43515625 0.05078125 0.07890625
0 0.240625 0.446875 0.05546875 0.07890625
0 0.01171875 0.47421875 0.0234375 0.04140625
0 0.384375 0.49296875 0.05078125 0.07421875
0 0.44921875 0.49765625 0.06015625 0.09296875
0 0.72421875 0.05078125 0.04140625 0.06953125
0 0.24296875 0.5234375 0.05546875 0.08828125
0 0.60859375 0.5234375 0.06015625 0.08828125
0 0.03203125 0.528125 0.06015625 0.07421875
0 0.115625 0.53203125 0.05546875 0.08359375
0 0.72421875 0.54140625 0.05078125 0.09296875
0 0.97421875 0.05546875 0.05078125 0.06015625
0 0.86796875 0.0578125 0.04609375 0.06953125
0 0.59296875 0.59453125 0.05546875 0.096875
0 0.46796875 0.625 0.06484375 0.10625
0 0.31015625 0.63203125 0.05546875 0.09296875
0 0.18984375 0.66640625 0.06484375 0.1015625
0 0.05546875 0.68515625 0.06953125 0.096875
0 0.33828125 0.071875 0.04140625 0.06484375
0 0.240625 0.1015625 0.05078125 0.06484375
0 0.04140625 0.10390625 0.03671875 0.05546875
0 0.15703125 0.10390625 0.04609375 0.06015625