0 0.78671875 0.9515625 0.03671875 0.05546875
0 0.01640625 0.09453125 0.03203125 0.06953125
0 0.76171875 0.096875 0.03203125 0.04609375
0 0.58359375 0.96953125 0.06484375 0.05078125
0 0.66640625 0.97421875 0.06015625 0.05078125
0 0.7984375 0.9859375 0.05078125 0.01875
0 0.7109375 0.10390625 0.0234375 0.03203125
0 0.23125 0.10390625 0.03203125 0.04609375
0 0.3703125 0.10625 0.04140625 0.05078125
0 0.51640625 0.10859375 0.028125 0.05078125
0 0.79375 0.1109375 0.028125 0.04609375
0 0.96328125 0.12734375 0.03671875 0.05078125
0 0.490625 0.1296875 0.03671875 0.05546875
0 0.6734375 0.13203125 0.03203125 0.04140625
0 0.32890625 0.134375 0.03203125 0.05078125
0 0.7109375 0.13671875 0.03671875 0.05078125
0 0.10390625 0.14140625 0.04140625 0.06953125
0 0.6109375 0.15078125 0.03671875 0.06015625
0 0.57421875 0.15078125 0.03203125 0.04609375
0 0.2109375 0.153125 0.03203125 0.04140625
0 0.2890625 0.153125 0.03671875 0.06015625
0 0.653125 0.15546875 0.03203125 0.04140625
0 0.76875 0.15546875 0.028125 0.04609375
0 0.971875 0.01640625 0.0234375 0.03203125
0 0.92578125 0.159375 0.04140625 0.05546875
0 0.6390625 0.1734375 0.03203125 0.05078125
0 0.01171875 0.178125 0.0234375 0.06015625
0 0.0390625 0.178125 0.03671875 0.05546875
0 0.23359375 0.1828125 0.03671875 0.05546875
0 0.6734375 0.1921875 0.03671875 0.05546875
0 0.39375 0.19453125 0.03203125 0.05078125
0 0.98828125 0.196875 0.0140625 0.06015625
0 0.87265625 0.196875 0.03671875 0.05078125
0 0.75234375 0.02109375 0.03203125 0.04140625
0 0.94453125 0.02109375 0.028125 0.04140625
0 0.57421875 0.21328125 0.03203125 0.05078125
0 0.53203125 0.215625 0.03671875 0.05546875
0 0.39375 0.0234375 0.03671875 0.04609375
0 0.9234375 0.21796875 0.04140625 0.06484375
0 0.83828125 0.21796875 0.03671875 0.06015625
0 0.5 0.221875 0.04140625 0.05546875
0 0.34921875 0.221875 0.04140625 0.05078125
0 0.96796875 0.221875 0.03671875 0.05546875
0 0.81953125 0.0234375 0.028125 0.03671875
0 0.384375 0.23359375 0.03203125 0.05078125
0 0.45859375 0.23359375 0.03671875 0.06484375
0 0.68046875 0.0234375 0.03671875 0.04609375
0 0.696875 0.23828125 0.03671875 0.06015625
0 0.1640625 0.26171875 0.04140625 0.06953125
0 0.58125 0.26171875 0.04140625 0.05546875
0 0.7734375 0.2640625 0.03671875 0.05078125
0 0.96328125 0.28046875 0.04140625 0.06953125
0 0.73828125 0.28203125 0.03671875 0.06015625
0 0.84453125 0.28203125 0.03671875 0.03671875
0 0.53671875 0.284375 0.04140625 0.06015625
0 0.3703125 0.29140625 0.04140625 0.05546875
0 0.8515625 0.30078125 0.03203125 0.05078125
0 0.10859375 0.3078125 0.04609375 0.06015625
0 0.09609375 0.03203125 0.0453125 0.0640625
0 0.03203125 0.3125 0.028125 0.04140625
0 0.79375 0.31484375 0.04140625 0.05546875
0 0.45390625 0.31953125 0.04140625 0.06484375
0 0.93515625 0.33828125 0.03671875 0.06015625
0 0.48828125 0.37734375 0.04140625 0.05546875
0 0.31015625 0.3890625 0.04140625 0.06015625
0 0.23828125 0.39140625 0.03671875 0.06015625
0 0.40078125 0.39609375 0.03671875 0.06015625
0 0.66875 0.40078125 0.04140625 0.05546875
0 0.553125 0.40546875 0.04140625 0.05078125
0 0.86328125 0.41640625 0.03671875 0.03671875
0 0.27578125 0.42109375 0.04140625 0.06015625
0 0.52578125 0.4375 0.03671875 0.05546875
0 0.90078125 0.43984375 0.03671875 0.05078125
0 0.1921875 0.44453125 0.03203125 0.05546875
0 0.4609375 0.44453125 0.04140625 0.06484375
0 0.61328125 0.446875 0.04140625 0.06484375
0 0.625 0.04609375 0.03203125 0.04609375
0 0.40546875 0.465625 0.03671875 0.05078125
0 0.71328125 0.46796875 0.04140625 0.06015625
0 0.66640625 0.46796875 0.03671875 0.06015625
0 0.75703125 0.47421875 0.03671875 0.05078125
0 0.89609375 0.4765625 0.028125 0.03671875
0 0.01640625 0.47890625 0.03203125 0.05546875
0 0.9859375 0.48359375 0.01875 0.06015625
0 0.41875 0.4859375 0.028125 0.04609375
0 0.3265625 0.05078125 0.03671875 0.05546875
0 0.83125 0.509375 0.03671875 0.06015625
0 0.8796875 0.51640625 0.03203125 0.04140625
0 0.1734375 0.053125 0.04609375 0.06953125
0 0.91171875 0.53046875 0.028125 0.04140625
0 0.5234375 0.534375 0.04140625 0.06953125
0 0.221875 0.54375 0.05078125 0.06953125
0 0.80078125 0.54609375 0.04140625 0.05078125
0 0.08828125 0.55078125 0.04609375 0.05546875
0 0.88203125 0.56015625 0.03203125 0.03671875
0 0.90703125 0.56953125 0.028125 0.04140625
0 0.01875 0.571875 0.03671875 0.05078125
0 0.465625 0.0578125 0.03203125 0.04609375
0 0.9859375 0.06015625 0.028125 0.05078125
0 0.971875 0.58359375 0.03671875 0.05546875
0 0.45859375 0.590625 0.04140625 0.06015625
0 0.05546875 0.596875 0.03671875 0.05078125
0 0.1203125 0.596875 0.03671875 0.05078125
0 0.8078125 0.59921875 0.03671875 0.05078125
0 0.428125 0.6109375 0.03203125 0.04609375
0 0.40546875 0.6109375 0.04609375 0.05546875
0 0.92578125 0.61796875 0.03671875 0.04609375
0 0.22890625 0.61796875 0.03671875 0.06953125
0 0.85859375 0.6203125 0.03671875 0.06484375
0 0.35390625 0.62734375 0.04140625 0.06484375
0 0.90546875 0.62734375 0.028125 0.05078125
0 0.31484375 0.6296875 0.04140625 0.07421875
0 0.7109375 0.6296875 0.04609375 0.06953125
0 0.0234375 0.634375 0.04609375 0.07421875
0 0.60390625 0.06484375 0.028125 0.04140625
0 0.821875 0.06484375 0.03203125 0.04609375
0 0.67578125 0.64140625 0.028125 0.06015625
0 0.15078125 0.64375 0.04140625 0.06015625
0 0.65546875 0.6484375 0.03203125 0.05546875
0 0.29140625 0.65546875 0.04609375 0.06484375
0 0.78203125 0.65546875 0.028125 0.04140625
0 0.590625 0.6734375 0.04140625 0.06484375
0 0.0765625 0.6734375 0.03203125 0.05078125
0 0.41171875 0.68046875 0.04609375 0.06484375
0 0.471875 0.68046875 0.04140625 0.06015625
0 0.89375 0.06953125 0.03671875 0.06015625
0 0.7984375 0.696875 0.04140625 0.04140625
0 0.51171875 0.7015625 0.04140625 0.06953125
0 0.8609375 0.70390625 0.04140625 0.05546875
0 0.0671875 0.70625 0.04140625 0.06484375
0 0.76171875 0.70859375 0.03671875 0.05546875
0 0.25703125 0.70859375 0.03203125 0.05546875
0 0.1296875 0.7109375 0.04140625 0.06953125
0 0.69453125 0.71796875 0.03671875 0.05546875
0 0.9515625 0.7265625 0.03671875 0.06015625
0 0.01875 0.73359375 0.03671875 0.07421875
0 0.21328125 0.73359375 0.03671875 0.06015625
0 0.34453125 0.73359375 0.03671875 0.06953125
0 0.38671875 0.73828125 0.04609375 0.06484375
0 0.98359375 0.74296875 0.03203125 0.05546875
0 0.1734375 0.75234375 0.03671875 0.05078125
0 0.6390625 0.75703125 0.03671875 0.05078125
0 0.865625 0.76171875 0.04140625 0.06015625
0 0.58359375 0.76171875 0.04140625 0.04609375
0 0.73125 0.76875 0.04140625 0.06484375
0 0.83359375 0.78203125 0.03671875 0.05078125
0 0.46796875 0.784375 0.05078125 0.06953125
0 0.69453125 0.784375 0.04609375 0.05078125
0 0.40703125 0.78671875 0.03671875 0.06484375
0 0.778125 0.7890625 0.04609375 0.06953125
0 0.6828125 0.07890625 0.028125 0.04609375
0 0.10859375 0.7890625 0.04140625 0.07421875
0 0.259375 0.79609375 0.03671875 0.05078125
0 0.55546875 0.81953125 0.04140625 0.05546875
0 0.19921875 0.81953125 0.03671875 0.06484375
0 0.95625 0.82421875 0.03671875 0.04609375
0 0.33828125 0.82890625 0.04140625 0.06015625
0 0.2640625 0.83359375 0.03203125 0.04609375
0 0.88671875 0.83828125 0.03671875 0.06484375
0 0.7015625 0.84296875 0.05078125 0.07421875
0 0.92578125 0.84453125 0.03671875 0.05078125
0 0.01640625 0.84921875 0.03203125 0.07421875
0 0.6015625 0.85625 0.04140625 0.06484375
0 0.42109375 0.85625 0.03671875 0.05078125
0 0.52109375 0.08828125 0.01875 0.028125
0 0.8359375 0.865625 0.05546875 0.07421875
0 0.240625 0.87265625 0.03671875 0.05546875
0 0.66171875 0.87265625 0.06484375 0.08359375
0 0.3171875 0.875 0.04609375 0.06015625
0 0.9765625 0.88203125 0.03671875 0.06953125
0 0.35859375 0.8796875 0.03671875 0.06015625
0 0.54375 0.88203125 0.04140625 0.06484375
0 0.4421875 0.090625 0.028125 0.04609375
0 0.278125 0.89609375 0.04140625 0.07421875
0 0.4515625 0.8984375 0.03203125 0.06484375
0 0.46796875 0.90078125 0.03203125 0.06484375
0 0.471875 0.090625 0.03203125 0.04609375
0 0.58359375 0.90546875 0.03671875 0.05546875
0 0.2015625 0.90703125 0.04140625 0.07421875
0 0.428125 0.909375 0.04140625 0.06953125
0 0.50234375 0.909375 0.05078125 0.08359375
0 0.946875 0.909375 0.06015625 0.06484375
0 0.71953125 0.090625 0.028125 0.04609375
0 0.09921875 0.91171875 0.04609375 0.06953125
0 0.25 0.9140625 0.03671875 0.06015625
0 0.16640625 0.91875 0.03203125 0.05546875
0 0.909375 0.91875 0.05078125 0.07421875
0 0.865625 0.09296875 0.03203125 0.04609375
0 0.42109375 0.09296875 0.03203125 0.04609375
0 0.31484375 0.9375 0.05078125 0.06953125
0 0.3796875 0.93984375 0.03671875 0.06484375