0 0.5390625 0.18046875 0.03671875 0.07421875
0 0.76875 0.1875 0.04140625 0.06484375
0 0.63671875 0.24296875 0.03671875 0.06015625
0 0.59453125 0.27109375 0.028125 0.05078125
0 0.3984375 0.29140625 0.03203125 0.05078125
0 0.32421875 0.31953125 0.04140625 0.06015625
0 0.6296875 0.35390625 0.03203125 0.05078125
0 0.34453125 0.37265625 0.03671875 0.07421875
0 0.21796875 0.37734375 0.04140625 0.05546875
0 0.2640625 0.384375 0.04609375 0.06015625
0 0.58125 0.39140625 0.05078125 0.08359375
0 0.77578125 0.40546875 0.03671875 0.06953125
0 0.41171875 0.4140625 0.05078125 0.06484375
0 0.153125 0.41640625 0.04140625 0.04140625
0 0.47421875 0.45859375 0.05546875 0.06484375
0 0.70390625 0.471875 0.05078125 0.08828125
0 0.178125 0.48828125 0.03671875 0.06484375
0 0.28046875 0.509375 0.05078125 0.06015625
0 0.56015625 0.5390625 0.04140625 0.08359375
0 0.38203125 0.696875 0.05078125 0.06953125