0 0.5140625 0.153125 0.028125 0.04140625
0 0.10625 0.15546875 0.028125 0.03203125
0 0.25234375 0.15703125 0.03671875 0.04140625
0 0.49296875 0.01640625 0.0234375 0.03203125
0 0.74296875 0.16640625 0.0234375 0.03671875
0 0.16640625 0.17109375 0.028125 0.03203125
0 0.2984375 0.1734375 0.0234375 0.03203125
0 0.60625 0.178125 0.028125 0.03203125
0 0.0484375 0.01875 0.0234375 0.0234375
0 0.35859375 0.01875 0.0234375 0.028125
0 0.2015625 0.18046875 0.0234375 0.03203125
0 0.65546875 0.18046875 0.0234375 0.03671875
0 0.096875 0.18046875 0.0234375 0.03203125
0 0.67578125 0.18984375 0.0234375 0.03203125
0 0.196875 0.01875 0.01875 0.028125
0 0.25 0.01875 0.0234375 0.03671875
0 0.78203125 0.19921875 0.03671875 0.04609375
0 0.26875 0.19921875 0.028125 0.03203125
0 0.08828125 0.20390625 0.0234375 0.03203125
0 0.72890625 0.02109375 0.01875 0.03203125
0 0.3984375 0.2109375 0.0234375 0.04140625
0 0.70625 0.2109375 0.0234375 0.03203125
0 0.54140625 0.21328125 0.028125 0.03671875
0 0.85390625 0.22421875 0.028125 0.028125
0 0.76640625 0.0234375 0.0234375 0.03671875
0 0.653125 0.0234375 0.03203125 0.03671875
0 0.44921875 0.2265625 0.028125 0.03671875
0 0.30078125 0.2359375 0.028125 0.03671875
0 0.2453125 0.2359375 0.0234375 0.03203125
0 0.13203125 0.240625 0.028125 0.04140625
0 0.6921875 0.24296875 0.028125 0.04609375
0 0.05078125 0.2453125 0.0234375 0.03671875
0 0.96328125 0.24765625 0.028125 0.05078125
0 0.85390625 0.2546875 0.028125 0.04140625
0 0.6109375 0.27109375 0.028125 0.04140625
0 0.09921875 0.27109375 0.03203125 0.03671875
0 0.53046875 0.2734375 0.028125 0.03671875
0 0.45390625 0.27578125 0.028125 0.04140625
0 0.94453125 0.27578125 0.0234375 0.03203125
0 0.375 0.284375 0.028125 0.04609375
0 0.73125 0.28671875 0.03203125 0.04140625
0 0.12265625 0.03046875 0.0234375 0.028125
0 0.93046875 0.303125 0.0234375 0.03671875
0 0.14375 0.3078125 0.028125 0.03671875
0 0.4515625 0.3125 0.028125 0.04609375
0 0.81953125 0.3125 0.028125 0.03203125
0 0.54609375 0.31484375 0.028125 0.03671875
0 0.68515625 0.321875 0.03203125 0.03671875
0 0.3171875 0.32421875 0.0234375 0.04609375
0 0.04375 0.32421875 0.01875 0.028125
0 0.21953125 0.3265625 0.028125 0.03671875
0 0.365625 0.33828125 0.03203125 0.04609375
0 0.05546875 0.34296875 0.0234375 0.04140625
0 0.4421875 0.034375 0.0234375 0.03671875
0 0.94921875 0.34921875 0.03203125 0.05078125
0 0.90546875 0.03671875 0.028125 0.04140625
0 0.81953125 0.3609375 0.03671875 0.04609375
0 0.715625 0.3609375 0.03203125 0.04609375
0 0.61796875 0.365625 0.03203125 0.04140625
0 0.221875 0.36796875 0.028125 0.03203125
0 0.41875 0.36796875 0.0234375 0.04609375
0 0.54140625 0.3703125 0.0234375 0.03671875
0 0.11328125 0.3703125 0.0234375 0.04609375
0 0.29609375 0.38203125 0.028125 0.04140625
0 0.0859375 0.39140625 0.0234375 0.03671875
0 0.6109375 0.40703125 0.03671875 0.04140625
0 0.43046875 0.4140625 0.0234375 0.04140625
0 0.759375 0.41640625 0.028125 0.03671875
0 0.38671875 0.04140625 0.0234375 0.028125
0 0.31015625 0.04140625 0.0234375 0.03203125
0 0.29609375 0.4234375 0.028125 0.04609375
0 0.009375 0.43046875 0.01875 0.03671875
0 0.5578125 0.04375 0.01875 0.03671875
0 0.18515625 0.4515625 0.03203125 0.03671875
0 0.73828125 0.45625 0.03671875 0.04609375
0 0.8984375 0.46328125 0.03203125 0.04140625
0 0.29140625 0.04609375 0.0234375 0.028125
0 0.5 0.46796875 0.03203125 0.05078125
0 0.59921875 0.471875 0.03671875 0.04609375
0 0.08125 0.47890625 0.03671875 0.05078125
0 0.8796875 0.0484375 0.0234375 0.03671875
0 0.375 0.48125 0.028125 0.04609375
0 0.77578125 0.48359375 0.03671875 0.04140625
0 0.65546875 0.05078125 0.01875 0.0234375
0 0.125 0.52109375 0.028125 0.03671875
0 0.44921875 0.528125 0.03203125 0.04140625
0 0.91640625 0.53046875 0.03203125 0.05078125
0 0.2890625 0.53671875 0.028125 0.05078125
0 0.0234375 0.5390625 0.0234375 0.03671875
0 0.03203125 0.05546875 0.028125 0.028125
0 0.7546875 0.05546875 0.0234375 0.03203125
0 0.11796875 0.56953125 0.03203125 0.04140625
0 0.7359375 0.590625 0.04140625 0.05546875
0 0.96796875 0.06015625 0.028125 0.04609375
0 0.41875 0.625 0.03203125 0.05546875
0 0.4859375 0.0625 0.0234375 0.03671875
0 0.1015625 0.634375 0.03203125 0.05078125
0 0.946875 0.64609375 0.03203125 0.04609375
0 0.01171875 0.653125 0.0234375 0.04609375
0 0.27109375 0.65546875 0.028125 0.05078125
0 0.14140625 0.65546875 0.03203125 0.05078125
0 0.1734375 0.071875 0.01875 0.028125
0 0.5625 0.70625 0.03671875 0.04140625
0 0.57421875 0.07421875 0.01875 0.028125
0 0.4375 0.009375 0.0234375 0.01875
0 0.2015625 0.0765625 0.028125 0.03203125
0 0.64375 0.75234375 0.03671875 0.05078125
0 0.278125 0.778125 0.03671875 0.04140625
0 0.44921875 0.803125 0.03671875 0.04140625
0 0.99296875 0.803125 0.009375 0.04140625
0 0.09296875 0.81015625 0.03671875 0.04140625
0 0.31015625 0.08359375 0.0234375 0.028125
0 0.39375 0.08359375 0.01875 0.0234375
0 0.64609375 0.08359375 0.0234375 0.03671875
0 0.8125 0.8515625 0.04140625 0.07421875
0 0.83828125 0.08828125 0.028125 0.03671875
0 0.56953125 0.009375 0.0140625 0.01875
0 0.596875 0.009375 0.01875 0.01875
0 0.071875 0.90703125 0.03671875 0.03671875
0 0.57890625 0.90703125 0.04140625 0.05078125
0 0.7109375 0.09296875 0.0234375 0.03203125
0 0.03046875 0.92109375 0.04140625 0.06484375
0 0.15078125 0.09921875 0.028125 0.03203125
0 0.759375 0.1015625 0.01875 0.03671875
0 0.10859375 0.1015625 0.028125 0.03203125
0 0.55078125 0.01171875 0.01875 0.0234375
0 0.6734375 0.01171875 0.01875 0.0234375
0 0.39140625 0.10625 0.0234375 0.03203125
0 0.45390625 0.10625 0.0234375 0.03203125
0 0.24296875 0.10625 0.0234375 0.03203125
0 0.51640625 0.10859375 0.0234375 0.03203125
0 0.31015625 0.1109375 0.0234375 0.03203125
0 0.56953125 0.11796875 0.0234375 0.04140625
0 0.78046875 0.11796875 0.01875 0.03203125
0 0.04140625 0.11796875 0.0234375 0.01875
0 0.1296875 0.01171875 0.0140625 0.0234375
0 0.2734375 0.01171875 0.0234375 0.0234375
0 0.928125 0.1203125 0.03203125 0.04609375
0 0.18046875 0.1296875 0.0234375 0.028125
0 0.65703125 0.13203125 0.028125 0.03203125
0 0.403125 0.0140625 0.0234375 0.028125
0 0.03671875 0.13671875 0.01875 0.03203125
0 0.3796875 0.14140625 0.028125 0.03203125
0 0.7984375 0.14140625 0.0234375 0.03671875
0 0.64375 0.14375 0.01875 0.03203125
0 0.88671875 0.14609375 0.028125 0.03671875
0 0.43046875 0.1484375 0.028125 0.04140625