0 0.24765625 0.23828125 0.009375 0.009375
0 0.215625 0.240625 0.009375 0.0140625
0 0.41875 0.24296875 0.009375 0.0140625
0 0.51171875 0.24296875 0.009375 0.0140625
0 0.6203125 0.24296875 0.009375 0.0140625
0 0.48828125 0.2453125 0.009375 0.0140625
0 0.5859375 0.2453125 0.0140625 0.01875
0 0.3171875 0.2453125 0.009375 0.0140625
0 0.53671875 0.2453125 0.009375 0.01875
0 0.60625 0.2453125 0.009375 0.01875
0 0.46328125 0.2453125 0.009375 0.0140625
0 0.57421875 0.2453125 0.009375 0.01875
0 0.65546875 0.2453125 0.009375 0.009375
0 0.8078125 0.24765625 0.009375 0.009375
0 0.25703125 0.24765625 0.009375 0.009375
0 0.44453125 0.24765625 0.009375 0.0140625
0 0.37265625 0.24765625 0.009375 0.01875
0 0.4328125 0.24765625 0.009375 0.0140625
0 0.45390625 0.24765625 0.0046875 0.009375
0 0.38671875 0.24765625 0.009375 0.0140625
0 0.26875 0.25 0.0046875 0.009375
0 0.33359375 0.25 0.009375 0.0140625
0 0.0484375 0.25 0.0140625 0.0140625
0 0.21953125 0.25 0.0140625 0.0140625
0 0.40078125 0.25 0.0140625 0.01875
0 0.7265625 0.25 0.009375 0.0140625
0 0.76875 0.25 0.009375 0.009375
0 0.07890625 0.25 0.009375 0.0140625
0 0.8265625 0.25 0.009375 0.0140625
0 0.2734375 0.25 0.0046875 0.01875
0 0.67109375 0.25 0.009375 0.0140625
0 0.24765625 0.25 0.0140625 0.0140625
0 0.28046875 0.25 0.0140625 0.0140625
0 0.30546875 0.25 0.0140625 0.0140625
0 0.35390625 0.25 0.009375 0.0140625
0 0.7546875 0.25 0.009375 0.0140625
0 0.7359375 0.25234375 0.009375 0.01875
0 0.09921875 0.25234375 0.0140625 0.01875
0 0.634375 0.25234375 0.0046875 0.009375
0 0.6390625 0.2546875 0.009375 0.0140625
0 0.653125 0.2546875 0.009375 0.0140625
0 0.7453125 0.2546875 0.009375 0.0140625
0 0.68984375 0.2546875 0.009375 0.009375
0 0.846875 0.2546875 0.009375 0.01875
0 0.90703125 0.2546875 0.009375 0.01875
0 0.55546875 0.2546875 0.0046875 0.01875
0 0.71328125 0.2546875 0.0140625 0.01875
0 0.79375 0.25703125 0.009375 0.0046875
0 0.990625 0.25703125 0.009375 0.009375
0 0.66640625 0.25703125 0.0046875 0.009375
0 0.875 0.25703125 0.0046875 0.009375
0 0.88203125 0.25703125 0.009375 0.009375
0 0.86796875 0.259375 0.009375 0.009375
0 0.83125 0.259375 0.009375 0.009375
0 0.96796875 0.259375 0.009375 0.0140625
0 0.78203125 0.259375 0.009375 0.0140625
0 0.95625 0.259375 0.009375 0.0140625
0 0.61796875 0.259375 0.009375 0.01875
0 0.928125 0.259375 0.0140625 0.0140625
0 0.97890625 0.259375 0.009375 0.009375
0 0.59921875 0.26171875 0.009375 0.0234375
0 0.94453125 0.26171875 0.009375 0.0140625
0 0.84296875 0.2640625 0.009375 0.0140625
0 0.76171875 0.26875 0.0046875 0.0140625
0 0.41875 0.27109375 0.009375 0.009375
0 0.9859375 0.27109375 0.009375 0.0046875
0 0.52109375 0.2734375 0.009375 0.0140625
0 0.53671875 0.2734375 0.009375 0.0140625
0 0.12734375 0.2734375 0.009375 0.0140625
0 0.3890625 0.2734375 0.0046875 0.0046875
0 0.71328125 0.2734375 0.009375 0.0140625
0 0.79609375 0.2734375 0.0046875 0.0046875
0 0.034375 0.2734375 0.01875 0.01875
0 0.178125 0.2734375 0.01875 0.0140625
0 0.34921875 0.2734375 0.009375 0.0140625
0 0.9234375 0.2734375 0.009375 0.0046875
0 0.1921875 0.2734375 0.009375 0.0140625
0 0.56484375 0.2734375 0.0140625 0.0140625
0 0.09296875 0.27578125 0.0140625 0.009375
0 0.01875 0.27578125 0.009375 0.009375
0 0.33359375 0.27578125 0.009375 0.009375
0 0.365625 0.27578125 0.009375 0.009375
0 0.465625 0.27578125 0.009375 0.009375
0 0.2890625 0.27578125 0.0140625 0.0140625
0 0.8125 0.27578125 0.0046875 0.009375
0 0.16171875 0.27578125 0.0140625 0.01875
0 0.946875 0.27578125 0.0046875 0.009375
0 0.20859375 0.27578125 0.0140625 0.009375
0 0.6484375 0.27578125 0.0140625 0.0140625
0 0.0765625 0.27578125 0.009375 0.009375
0 0.96953125 0.278125 0.009375 0.009375
0 0.73359375 0.278125 0.0140625 0.009375
0 0.05078125 0.278125 0.009375 0.0140625
0 0.625 0.278125 0.009375 0.01875
0 0.9953125 0.278125 0.009375 0.01875
0 0.31953125 0.278125 0.0140625 0.0140625
0 0.43984375 0.278125 0.0140625 0.0140625
0 0.9515625 0.278125 0.009375 0.009375
0 0.2265625 0.278125 0.0140625 0.0140625
0 0.26171875 0.278125 0.0140625 0.009375
0 0.41875 0.278125 0.0046875 0.009375
0 0.60625 0.278125 0.0140625 0.0140625
0 0.784375 0.28046875 0.009375 0.0140625
0 0.06953125 0.28046875 0.0140625 0.01875
0 0.428125 0.28046875 0.0046875 0.0140625
0 0.553125 0.28046875 0.0046875 0.0140625
0 0.840625 0.28203125 0.009375 0.0140625
0 0.00703125 0.28203125 0.0140625 0.01875
0 0.89375 0.28203125 0.009375 0.0140625
0 0.45625 0.28203125 0.0140625 0.0140625
0 0.51171875 0.28203125 0.009375 0.0140625
0 0.75703125 0.28203125 0.009375 0.0140625
0 0.9421875 0.284375 0.009375 0.0140625
0 0.87734375 0.284375 0.0140625 0.0140625
0 0.340625 0.284375 0.01875 0.01875
0 0.2734375 0.284375 0.0140625 0.0140625
0 0.31015625 0.284375 0.009375 0.0140625
0 0.47421875 0.284375 0.0140625 0.0140625
0 0.56953125 0.284375 0.0140625 0.0140625
0 0.40078125 0.284375 0.009375 0.0234375
0 0.7359375 0.284375 0.009375 0.009375
0 0.79375 0.28671875 0.0140625 0.009375
0 0.93046875 0.28671875 0.009375 0.0140625
0 0.39375 0.28671875 0.0046875 0.0140625
0 0.53046875 0.28671875 0.0140625 0.01875
0 0.20390625 0.28671875 0.0140625 0.009375
0 0.221875 0.28671875 0.0140625 0.0140625
0 0.46796875 0.28671875 0.0046875 0.009375
0 0.2453125 0.2890625 0.01875 0.01875
0 0.54375 0.2890625 0.009375 0.0234375
0 0.178125 0.2890625 0.01875 0.01875
0 0.4859375 0.2890625 0.009375 0.01875
0 0.77578125 0.2890625 0.009375 0.01875
0 0.8125 0.2890625 0.009375 0.01875
0 0.034375 0.2890625 0.01875 0.0234375
0 0.91640625 0.29140625 0.0140625 0.01875
0 0.1296875 0.29140625 0.01875 0.0234375
0 0.83125 0.29140625 0.0140625 0.01875
0 0.3703125 0.29375 0.0234375 0.03671875
0 0.590625 0.29375 0.0140625 0.0234375
0 0.528125 0.29375 0.01875 0.01875
0 0.846875 0.29609375 0.009375 0.0140625
0 0.990625 0.29609375 0.0140625 0.0140625
0 0.33125 0.29609375 0.0140625 0.009375
0 0.8609375 0.29609375 0.0140625 0.01875
0 0.8265625 0.29609375 0.009375 0.0140625
0 0.884375 0.29609375 0.009375 0.0140625
0 0.1109375 0.29609375 0.0234375 0.0234375
0 0.29140625 0.29609375 0.009375 0.0234375
0 0.98125 0.29609375 0.009375 0.0140625
0 0.40703125 0.29609375 0.0140625 0.0234375
0 0.16640625 0.2984375 0.0234375 0.028125
0 0.715625 0.2984375 0.0234375 0.0234375
0 0.64140625 0.30078125 0.009375 0.0234375
0 0.965625 0.30078125 0.0140625 0.01875
0 0.66171875 0.30078125 0.0140625 0.0234375
0 0.875 0.303125 0.009375 0.0140625
0 0.41875 0.303125 0.0140625 0.0234375
0 0.90703125 0.303125 0.009375 0.0140625
0 0.221875 0.303125 0.01875 0.0234375
0 0.653125 0.303125 0.01875 0.0234375
0 0.45625 0.303125 0.009375 0.0234375
0 0.6203125 0.303125 0.01875 0.028125
0 0.8984375 0.303125 0.0140625 0.0234375
0 0.20625 0.303125 0.0140625 0.01875
0 0.053125 0.303125 0.0234375 0.0234375
0 0.5765625 0.303125 0.0140625 0.028125
0 0.25 0.30546875 0.01875 0.0234375
0 0.471875 0.30546875 0.0234375 0.0234375
0 0.4953125 0.30546875 0.0234375 0.03203125
0 0.76640625 0.30546875 0.01875 0.0234375
0 0.4328125 0.30546875 0.01875 0.028125
0 0.1875 0.3078125 0.01875 0.028125
0 0.39609375 0.3078125 0.0140625 0.0234375
0 0.68046875 0.3078125 0.0234375 0.04609375
0 0.27578125 0.31015625 0.0234375 0.03203125
0 0.01171875 0.31015625 0.0234375 0.03203125
0 0.5234375 0.3125 0.0140625 0.0234375
0 0.60390625 0.3125 0.01875 0.03203125
0 0.33828125 0.3125 0.01875 0.0234375
0 0.73125 0.31484375 0.0140625 0.0140625
0 0.80078125 0.31484375 0.01875 0.03203125
0 0.75 0.31484375 0.0140625 0.028125
0 0.3125 0.31484375 0.0234375 0.0234375
0 0.9953125 0.3171875 0.009375 0.0234375
0 0.553125 0.3171875 0.01875 0.028125
0 0.83359375 0.321875 0.0140625 0.0234375
0 0.97421875 0.321875 0.01875 0.03203125
0 0.66171875 0.3265625 0.0140625 0.01875
0 0.15703125 0.3265625 0.03203125 0.03203125
0 0.03046875 0.3265625 0.028125 0.03671875
0 0.21328125 0.32890625 0.028125 0.028125
0 0.37265625 0.34296875 0.028125 0.03671875
0 0.08125 0.34296875 0.06015625 0.06953125
0 0.9421875 0.35390625 0.04609375 0.07421875
0 0.59453125 0.365625 0.04609375 0.06953125
0 0.284375 0.3796875 0.04609375 0.06015625
0 0.43984375 0.38203125 0.07890625 0.05546875
0 0.78203125 0.384375 0.05546875 0.07890625
0 0.9859375 0.41875 0.01875 0.115625
0 0.090625 0.44453125 0.08828125 0.1109375
0 0.68984375 0.4609375 0.04609375 0.08359375
0 0.38671875 0.46328125 0.07421875 0.10625
0 0.93046875 0.48359375 0.05078125 0.08828125
0 0.759375 0.509375 0.08359375 0.125
0 0.50703125 0.57890625 0.1203125 0.20390625