0 0.89375 0.23125 0.03671875 0.05546875
0 0.08359375 0.23359375 0.009375 0.01875
0 0.971875 0.24765625 0.04140625 0.06484375
0 0.5859375 0.25 0.03671875 0.04609375
0 0.6921875 0.25 0.01875 0.028125
0 0.87265625 0.25234375 0.028125 0.04140625
0 0.44921875 0.2546875 0.0234375 0.03203125
0 0.51875 0.26171875 0.028125 0.03671875
0 0.759375 0.2640625 0.03671875 0.05546875
0 0.55078125 0.26640625 0.03671875 0.04140625
0 0.3359375 0.27578125 0.028125 0.04609375
0 0.70625 0.278125 0.03203125 0.05078125
0 0.6828125 0.278125 0.03671875 0.06484375
0 0.47890625 0.28046875 0.03203125 0.06015625
0 0.7453125 0.28203125 0.03671875 0.04609375
0 0.3609375 0.28671875 0.0234375 0.04140625
0 0.39140625 0.29140625 0.028125 0.03203125
0 0.4953125 0.29140625 0.01875 0.028125
0 0.18984375 0.30078125 0.028125 0.04609375
0 0.22421875 0.30078125 0.028125 0.03671875
0 0.29375 0.303125 0.0234375 0.04140625
0 0.14140625 0.303125 0.01875 0.0234375
0 0.12265625 0.30546875 0.0140625 0.0234375
0 0.5484375 0.3078125 0.028125 0.03671875
0 0.26171875 0.31015625 0.03203125 0.05078125
0 0.06015625 0.31484375 0.01875 0.0234375
0 0.10390625 0.3171875 0.0140625 0.028125
0 0.04609375 0.3171875 0.009375 0.01875
0 0.375 0.31953125 0.03203125 0.05078125
0 0.1734375 0.321875 0.028125 0.03671875
0 0.034375 0.321875 0.01875 0.0234375
0 0.14609375 0.3265625 0.028125 0.03203125
0 0.53203125 0.3515625 0.04140625 0.06484375
0 0.06015625 0.37265625 0.028125 0.03671875