0 0.115625 0.8171875 0.08828125 0.096875
0 0.1484375 0.19453125 0.07421875 0.1484375
0 0.8515625 0.2359375 0.07421875 0.1203125
0 0.9421875 0.2734375 0.06484375 0.10625
0 0.45625 0.28046875 0.06953125 0.10625
0 0.32421875 0.2890625 0.06484375 0.1296875
0 0.75703125 0.2984375 0.07890625 0.134375
0 0.60390625 0.3125 0.08359375 0.134375
0 0.02578125 0.4953125 0.05078125 0.06484375
0 0.22890625 0.51875 0.07890625 0.115625
0 0.62265625 0.553125 0.08359375 0.14375
0 0.76640625 0.553125 0.08359375 0.1296875
0 0.465625 0.58125 0.06484375 0.1203125
0 0.03046875 0.596875 0.06015625 0.096875
0 0.9328125 0.66171875 0.05546875 0.115625
0 0.971875 0.75234375 0.04609375 0.125
0 0.3703125 0.76875 0.08828125 0.05546875
0 0.61328125 0.77578125 0.08828125 0.06015625