0 0.04609375 0.33359375 0.06484375 0.05078125
0 0.19921875 0.375 0.028125 0.01875
0 0.3171875 0.384375 0.05078125 0.04140625
0 0.21328125 0.384375 0.028125 0.0234375
0 0.4328125 0.38671875 0.04609375 0.03203125
0 0.61796875 0.39140625 0.028125 0.0140625
0 0.29375 0.39140625 0.0234375 0.01875
0 0.1640625 0.39375 0.028125 0.0234375
0 0.12734375 0.39609375 0.028125 0.01875
0 0.5765625 0.39609375 0.01875 0.0140625
0 0.2546875 0.40078125 0.0234375 0.0234375
0 0.39375 0.403125 0.0234375 0.01875
0 0.1203125 0.41171875 0.0234375 0.01875
0 0.134375 0.428125 0.03203125 0.028125
0 0.66640625 0.43984375 0.01875 0.009375
0 0.82421875 0.4421875 0.0234375 0.01875
0 0.840625 0.4421875 0.028125 0.01875
0 0.68984375 0.4421875 0.01875 0.0234375
0 0.52109375 0.44453125 0.01875 0.0140625
0 0.47421875 0.44453125 0.03203125 0.01875
0 0.58828125 0.44453125 0.01875 0.009375
0 0.740625 0.446875 0.01875 0.0140625
0 0.70859375 0.446875 0.0234375 0.01875
0 0.71953125 0.44921875 0.0234375 0.01875
0 0.77578125 0.44921875 0.028125 0.01875
0 0.6484375 0.4515625 0.028125 0.0234375
0 0.93984375 0.4515625 0.03203125 0.0234375
0 0.40546875 0.4515625 0.0234375 0.0140625
0 0.91171875 0.4515625 0.03671875 0.028125
0 0.60625 0.45625 0.0234375 0.01875
0 0.38203125 0.4609375 0.03671875 0.0234375
0 0.56484375 0.4609375 0.01875 0.0140625
0 0.19921875 0.465625 0.03203125 0.01875
0 0.490625 0.465625 0.04609375 0.0234375
0 0.884375 0.465625 0.03671875 0.0234375
0 0.625 0.46796875 0.028125 0.01875
0 0.596875 0.46953125 0.03203125 0.01875
0 0.784375 0.471875 0.03671875 0.0234375
0 0.22421875 0.47421875 0.03671875 0.0234375
0 0.55078125 0.4765625 0.03671875 0.0234375
0 0.8359375 0.47890625 0.04609375 0.028125
0 0.75 0.48359375 0.03671875 0.028125
0 0.446875 0.48359375 0.04609375 0.028125
0 0.9234375 0.4859375 0.04140625 0.0234375
0 0.178125 0.4953125 0.04140625 0.028125
0 0.71796875 0.49765625 0.05078125 0.03671875
0 0.62734375 0.50234375 0.04609375 0.028125
0 0.56015625 0.5046875 0.05078125 0.03203125
0 0.68984375 0.5140625 0.05546875 0.04140625
0 0.928125 0.52109375 0.06484375 0.05078125
0 0.24296875 0.53046875 0.05546875 0.028125
0 0.2546875 0.5578125 0.04609375 0.028125
0 0.5765625 0.5671875 0.07421875 0.06015625
0 0.18984375 0.58125 0.06953125 0.05078125
0 0.79140625 0.590625 0.1015625 0.07890625
0 0.68515625 0.61796875 0.096875 0.07421875
0 0.93984375 0.62265625 0.08828125 0.07421875
0 0.384375 0.625 0.06953125 0.05546875