0 0.090625 0.403125 0.03203125 0.04609375
0 0.51171875 0.403125 0.0140625 0.0234375
0 0.3078125 0.40546875 0.01875 0.0140625
0 0.60625 0.409375 0.0234375 0.03203125
0 0.3703125 0.41171875 0.0140625 0.028125
0 0.34296875 0.41171875 0.01875 0.03203125
0 0.44921875 0.41171875 0.01875 0.03671875
0 0.33125 0.41171875 0.01875 0.028125
0 0.11796875 0.4140625 0.028125 0.03203125
0 0.3890625 0.4140625 0.01875 0.0234375
0 0.25703125 0.41640625 0.028125 0.03203125
0 0.54375 0.41640625 0.01875 0.03203125
0 0.15703125 0.41640625 0.0234375 0.03671875
0 0.43515625 0.41640625 0.01875 0.028125
0 0.028125 0.41875 0.03203125 0.04140625
0 0.58125 0.41875 0.0234375 0.0234375
0 0.23125 0.41875 0.028125 0.028125
0 0.87265625 0.42109375 0.01875 0.0234375
0 0.4140625 0.42109375 0.01875 0.01875
0 0.2984375 0.4234375 0.01875 0.028125
0 0.46328125 0.4234375 0.0140625 0.028125
0 0.5671875 0.4234375 0.01875 0.028125
0 0.18046875 0.4234375 0.0234375 0.03203125
0 0.55078125 0.4234375 0.0140625 0.0234375
0 0.840625 0.4234375 0.01875 0.01875
0 0.85390625 0.4234375 0.01875 0.0234375
0 0.471875 0.42578125 0.0140625 0.028125
0 0.31484375 0.42578125 0.01875 0.01875
0 0.48359375 0.42578125 0.01875 0.028125
0 0.678125 0.42578125 0.0140625 0.028125
0 0.19921875 0.42578125 0.028125 0.03671875
0 0.59296875 0.428125 0.0234375 0.0234375
0 0.53046875 0.428125 0.0140625 0.0140625
0 0.73359375 0.428125 0.0140625 0.01875
0 0.51171875 0.428125 0.01875 0.03203125
0 0.57890625 0.43046875 0.01875 0.028125
0 0.74296875 0.43046875 0.01875 0.0234375
0 0.884375 0.43046875 0.0234375 0.028125
0 0.3984375 0.43046875 0.0234375 0.0234375
0 0.64140625 0.4328125 0.0234375 0.03671875
0 0.08828125 0.43515625 0.028125 0.03671875
0 0.715625 0.4421875 0.028125 0.03671875
0 0.80078125 0.44453125 0.0234375 0.028125
0 0.928125 0.44453125 0.01875 0.028125
0 0.8265625 0.446875 0.01875 0.03203125
0 0.446875 0.446875 0.0234375 0.01875
0 0.41640625 0.44921875 0.0234375 0.03203125
0 0.9421875 0.4515625 0.0140625 0.0234375
0 0.96953125 0.4515625 0.01875 0.028125
0 0.4609375 0.4515625 0.0234375 0.04609375
0 0.14609375 0.45859375 0.0234375 0.03671875
0 0.52109375 0.45859375 0.028125 0.03671875
0 0.59453125 0.45859375 0.028125 0.03671875
0 0.29140625 0.4609375 0.0140625 0.0234375
0 0.44453125 0.46796875 0.028125 0.03671875
0 0.40703125 0.471875 0.0234375 0.04609375
0 0.2453125 0.47421875 0.03671875 0.04609375
0 0.1109375 0.4765625 0.03203125 0.04609375
0 0.90546875 0.48125 0.028125 0.03671875
0 0.15703125 0.48359375 0.04140625 0.04140625
0 0.2890625 0.4859375 0.01875 0.028125
0 0.740625 0.48828125 0.03203125 0.05078125
0 0.446875 0.48828125 0.0234375 0.03203125
0 0.3171875 0.49765625 0.03203125 0.05078125
0 0.596875 0.51171875 0.04140625 0.06484375
0 0.01875 0.51640625 0.03671875 0.06953125
0 0.21328125 0.52578125 0.028125 0.04140625
0 0.67109375 0.528125 0.05546875 0.06015625
0 0.27109375 0.54140625 0.05078125 0.08359375
0 0.4140625 0.54140625 0.03203125 0.05078125
0 0.51875 0.54609375 0.03671875 0.06484375
0 0.7546875 0.54609375 0.04140625 0.05078125
0 0.1734375 0.5484375 0.06015625 0.06484375
0 0.846875 0.553125 0.05078125 0.06484375
0 0.06484375 0.5578125 0.04140625 0.06484375
0 0.9234375 0.5625 0.05078125 0.06953125
0 0.45390625 0.5625 0.03671875 0.05078125
0 0.98359375 0.57890625 0.0234375 0.07421875
0 0.6109375 0.58125 0.028125 0.05078125
0 0.653125 0.58828125 0.05078125 0.09296875
0 0.134375 0.59296875 0.05546875 0.07890625
0 0.02109375 0.59921875 0.04140625 0.096875
0 0.365625 0.60859375 0.05078125 0.07890625
0 0.7890625 0.62265625 0.06015625 0.07421875
0 0.221875 0.66171875 0.09296875 0.153125
0 0.63671875 0.784375 0.10625 0.17578125