0 0.93046875 0.13671875 0.08359375 0.19921875
0 0.63203125 0.14140625 0.08359375 0.20859375
0 0.80546875 0.17109375 0.08359375 0.20859375
0 0.09453125 0.24296875 0.096875 0.21796875
0 0.29375 0.25 0.08359375 0.18046875
0 0.49296875 0.2984375 0.07421875 0.2359375
0 0.7453125 0.403125 0.06953125 0.17578125
0 0.2796875 0.04609375 0.06875 0.0921875
0 0.946875 0.5046875 0.09296875 0.20390625
0 0.60859375 0.51640625 0.06484375 0.19921875
0 0.35625 0.53046875 0.08828125 0.221875
0 0.15703125 0.06015625 0.08359375 0.1203125
0 0.51640625 0.634375 0.08359375 0.20859375
0 0.1734375 0.66640625 0.07890625 0.19921875
0 0.784375 0.66640625 0.096875 0.19921875
0 0.43984375 0.06953125 0.07890625 0.1390625
0 0.028125 0.071875 0.05546875 0.14375
0 0.01640625 0.75703125 0.03203125 0.16171875
0 0.3078125 0.8265625 0.08828125 0.19921875
0 0.85390625 0.87734375 0.08359375 0.16171875
0 0.9765625 0.87734375 0.03671875 0.20859375
0 0.64375 0.91875 0.07890625 0.14375
0 0.4859375 0.928125 0.115625 0.134375
0 0.13203125 0.971875 0.06953125 0.05546875