0 0.28203125 0.80078125 0.0140625 0.0234375
0 0.25703125 0.80078125 0.0140625 0.0140625
0 0.5859375 0.80078125 0.0140625 0.01875
0 0.61328125 0.803125 0.0140625 0.01875
0 0.66171875 0.803125 0.0140625 0.01875
0 0.7359375 0.803125 0.0140625 0.01875
0 0.5625 0.803125 0.0140625 0.0140625
0 0.3078125 0.803125 0.0140625 0.01875
0 0.32890625 0.80546875 0.0140625 0.0140625
0 0.53671875 0.80546875 0.0140625 0.01875
0 0.490625 0.80546875 0.0140625 0.01875
0 0.23125 0.80546875 0.0140625 0.01875
0 0.70859375 0.8078125 0.0140625 0.01875
0 0.37734375 0.8078125 0.0140625 0.01875
0 0.20625 0.8078125 0.0140625 0.0234375
0 0.3984375 0.8078125 0.009375 0.01875
0 0.46796875 0.8078125 0.0140625 0.0234375
0 0.44453125 0.8078125 0.01875 0.01875
0 0.5140625 0.8078125 0.0140625 0.01875
0 0.35390625 0.8078125 0.009375 0.01875
0 0.42109375 0.8078125 0.0140625 0.01875
0 0.6390625 0.8078125 0.009375 0.01875
0 0.6875 0.8078125 0.009375 0.01875
0 0.62265625 0.821875 0.0140625 0.01875
0 0.6484375 0.821875 0.0140625 0.01875
0 0.6734375 0.821875 0.0140625 0.01875
0 0.74296875 0.82421875 0.009375 0.0140625
0 0.596875 0.82421875 0.0140625 0.01875
0 0.3265625 0.82421875 0.0140625 0.01875
0 0.56953125 0.82421875 0.0140625 0.01875
0 0.52109375 0.82421875 0.0140625 0.01875
0 0.4953125 0.8265625 0.0140625 0.0140625
0 0.54375 0.8265625 0.0140625 0.0140625
0 0.44921875 0.8265625 0.009375 0.0140625
0 0.71953125 0.8265625 0.0140625 0.0140625
0 0.47421875 0.8265625 0.0140625 0.01875
0 0.30546875 0.82890625 0.0140625 0.01875
0 0.25703125 0.82890625 0.0140625 0.01875
0 0.696875 0.82890625 0.009375 0.01875
0 0.42578125 0.82890625 0.009375 0.01875
0 0.27578125 0.83125 0.0140625 0.0140625
0 0.23125 0.83125 0.009375 0.01875
0 0.38203125 0.83125 0.0140625 0.0140625
0 0.35625 0.83359375 0.009375 0.0140625
0 0.403125 0.8359375 0.009375 0.01875
0 0.20625 0.8359375 0.009375 0.0140625
0 0.28671875 0.840625 0.0140625 0.0140625
0 0.7453125 0.84296875 0.0140625 0.01875
0 0.71953125 0.84296875 0.0140625 0.01875
0 0.39375 0.84296875 0.009375 0.0140625
0 0.5 0.84296875 0.0140625 0.0140625
0 0.60625 0.84296875 0.0140625 0.01875
0 0.46953125 0.84453125 0.009375 0.01875
0 0.634375 0.84453125 0.0140625 0.01875
0 0.68984375 0.84453125 0.0140625 0.01875
0 0.55078125 0.84453125 0.0140625 0.0140625
0 0.5765625 0.84453125 0.0140625 0.01875
0 0.44921875 0.84453125 0.0140625 0.0140625
0 0.52578125 0.84453125 0.0140625 0.01875
0 0.4234375 0.846875 0.009375 0.0140625
0 0.3359375 0.846875 0.0140625 0.01875
0 0.3125 0.84921875 0.009375 0.01875
0 0.19921875 0.84921875 0.0140625 0.01875
0 0.36328125 0.84921875 0.0140625 0.0140625
0 0.22890625 0.84921875 0.0140625 0.0140625
0 0.6640625 0.8515625 0.009375 0.01875
0 0.75703125 0.85390625 0.0140625 0.0140625
0 0.70625 0.85390625 0.009375 0.0140625
0 0.73125 0.85625 0.0140625 0.01875
0 0.25703125 0.85625 0.0140625 0.0140625
0 0.55546875 0.85625 0.009375 0.009375
0 0.29609375 0.85859375 0.009375 0.009375
0 0.634375 0.85859375 0.0140625 0.01875
0 0.5046875 0.85859375 0.009375 0.0140625
0 0.65546875 0.8609375 0.0140625 0.01875
0 0.678125 0.8609375 0.0140625 0.0140625
0 0.39375 0.8609375 0.0046875 0.009375
0 0.3703125 0.8609375 0.0140625 0.01875
0 0.42109375 0.8609375 0.009375 0.0140625
0 0.446875 0.8609375 0.009375 0.0140625
0 0.58359375 0.8609375 0.009375 0.0140625
0 0.34453125 0.86328125 0.009375 0.01875
0 0.60625 0.86328125 0.009375 0.01875
0 0.47421875 0.86328125 0.009375 0.009375
0 0.53046875 0.86328125 0.0046875 0.0140625
0 0.24296875 0.86328125 0.009375 0.009375
0 0.2734375 0.86328125 0.0140625 0.0234375
0 0.1921875 0.86328125 0.0140625 0.0140625
0 0.3171875 0.86328125 0.009375 0.01875
0 0.21796875 0.86796875 0.009375 0.0140625
0 0.54609375 0.86796875 0.009375 0.01875
0 0.75234375 0.86796875 0.0140625 0.0140625
0 0.56953125 0.87265625 0.009375 0.0140625
0 0.59921875 0.87265625 0.009375 0.0140625
0 0.62734375 0.87265625 0.009375 0.0140625
0 0.33828125 0.875 0.009375 0.009375
0 0.5578125 0.875 0.0140625 0.01875
0 0.4859375 0.875 0.0140625 0.01875
0 0.28203125 0.875 0.0046875 0.0140625
0 0.5390625 0.875 0.0140625 0.01875
0 0.23125 0.875 0.0140625 0.0140625
0 0.71328125 0.875 0.0140625 0.01875
0 0.43984375 0.87734375 0.0046875 0.009375
0 0.24296875 0.87734375 0.009375 0.0140625
0 0.39609375 0.87734375 0.009375 0.009375
0 0.096875 0.87734375 0.009375 0.009375
0 0.90546875 0.87734375 0.0140625 0.01875
0 0.85625 0.87734375 0.01875 0.0234375
0 0.803125 0.8796875 0.009375 0.0234375
0 0.6640625 0.8796875 0.009375 0.0140625
0 0.41640625 0.8796875 0.01875 0.0234375
0 0.5140625 0.8796875 0.009375 0.01875
0 0.44453125 0.8796875 0.0046875 0.01875
0 0.884375 0.8796875 0.0140625 0.0234375
0 0.303125 0.8796875 0.009375 0.0140625
0 0.14140625 0.8796875 0.009375 0.01875
0 0.5234375 0.8796875 0.009375 0.0140625
0 0.7453125 0.8796875 0.0140625 0.0234375
0 0.259375 0.88203125 0.0046875 0.0140625
0 0.17578125 0.88203125 0.0140625 0.0234375
0 0.7734375 0.88203125 0.009375 0.0234375
0 0.31015625 0.88203125 0.009375 0.0140625
0 0.384375 0.88203125 0.009375 0.01875
0 0.42578125 0.88203125 0.0140625 0.0234375
0 0.50234375 0.88203125 0.0140625 0.0140625
0 0.678125 0.88203125 0.009375 0.01875
0 0.64140625 0.88203125 0.0140625 0.0234375
0 0.3703125 0.88203125 0.009375 0.01875
0 0.465625 0.88203125 0.0140625 0.0140625
0 0.72890625 0.88203125 0.0140625 0.01875
0 0.60625 0.88203125 0.0140625 0.0140625
0 0.44921875 0.884375 0.009375 0.01875
0 0.58125 0.884375 0.009375 0.01875
0 0.33828125 0.884375 0.0140625 0.009375
0 0.70625 0.884375 0.0140625 0.01875
0 0.54609375 0.884375 0.0140625 0.01875
0 0.7359375 0.884375 0.009375 0.01875
0 0.9515625 0.884375 0.01875 0.028125
0 0.01875 0.884375 0.0140625 0.0234375
0 0.6203125 0.88671875 0.0140625 0.01875
0 0.78046875 0.88671875 0.0140625 0.0140625
0 0.3171875 0.88671875 0.0046875 0.01875
0 0.375 0.88671875 0.0140625 0.0234375
0 0.7546875 0.88671875 0.009375 0.01875
0 0.653125 0.88671875 0.0140625 0.0140625
0 0.56953125 0.88671875 0.009375 0.009375
0 0.93046875 0.88671875 0.01875 0.0234375
0 0.7015625 0.88671875 0.009375 0.0234375
0 0.6921875 0.88671875 0.009375 0.0140625
0 0.2546875 0.8890625 0.0140625 0.01875
0 0.06484375 0.8890625 0.009375 0.028125
0 0.96328125 0.8890625 0.0140625 0.01875
0 0.83125 0.8890625 0.0140625 0.01875
0 0.8703125 0.8890625 0.01875 0.028125
0 0.3609375 0.8890625 0.0140625 0.01875
0 0.2015625 0.8890625 0.0140625 0.0140625
0 0.09453125 0.8890625 0.009375 0.01875
0 0.4328125 0.89140625 0.009375 0.01875
0 0.12734375 0.89140625 0.009375 0.0140625
0 0.29375 0.89140625 0.0140625 0.01875
0 0.40703125 0.89140625 0.0046875 0.01875
0 0.16640625 0.89140625 0.0046875 0.0234375
0 0.1203125 0.89140625 0.0140625 0.0234375
0 0.278125 0.89140625 0.0140625 0.01875
0 0.22890625 0.89375 0.009375 0.0140625
0 0.53203125 0.89375 0.009375 0.01875
0 0.240625 0.89375 0.0140625 0.01875
0 0.2109375 0.89375 0.009375 0.01875
0 0.221875 0.89375 0.009375 0.01875
0 0.35390625 0.89375 0.009375 0.01875
0 0.159375 0.89375 0.0140625 0.0234375
0 0.39375 0.89609375 0.009375 0.0140625
0 0.33359375 0.89609375 0.0140625 0.01875
0 0.60390625 0.89609375 0.0140625 0.01875
0 0.82421875 0.89609375 0.0140625 0.01875
0 0.1390625 0.8984375 0.0046875 0.0140625
0 0.0859375 0.903125 0.0140625 0.0234375
0 0.44453125 0.9765625 0.0140625 0.0140625
0 0.54375 0.9765625 0.01875 0.0140625
0 0.7890625 0.97890625 0.01875 0.01875
0 0.86328125 0.98125 0.01875 0.0234375
0 0.6484375 0.98125 0.01875 0.0234375
0 0.6828125 0.98125 0.01875 0.01875
0 0.89375 0.98359375 0.0234375 0.0234375
0 0.18984375 0.98359375 0.0140625 0.01875
0 0.04375 0.98359375 0.028125 0.01875
0 0.25234375 0.98359375 0.01875 0.0234375
0 0.721875 0.98359375 0.0234375 0.028125
0 0.06953125 0.98359375 0.01875 0.0140625
0 0.7453125 0.9859375 0.01875 0.01875
0 0.69921875 0.9859375 0.0140625 0.01875
0 0.82421875 0.9859375 0.0234375 0.01875
0 0.1015625 0.9859375 0.0140625 0.0234375
0 0.59296875 0.9859375 0.01875 0.01875
0 0.23359375 0.9859375 0.01875 0.01875
0 0.3359375 0.9859375 0.01875 0.01875
0 0.77109375 0.9859375 0.01875 0.01875
0 0.80078125 0.9859375 0.0140625 0.0140625
0 0.36328125 0.98828125 0.0140625 0.01875
0 0.54375 0.9859375 0.0234375 0.01875
0 0.91640625 0.98828125 0.01875 0.01875
0 0.29140625 0.98828125 0.01875 0.0234375
0 0.01640625 0.98828125 0.0234375 0.01875
0 0.990625 0.9859375 0.009375 0.01875
0 0.41171875 0.98828125 0.0140625 0.0140625
0 0.61796875 0.98828125 0.0140625 0.01875
0 0.08125 0.98828125 0.0140625 0.01875
0 0.95390625 0.98828125 0.01875 0.0140625
0 0.43984375 0.98828125 0.01875 0.0140625
0 0.68515625 0.990625 0.0140625 0.0140625
0 0.5140625 0.990625 0.01875 0.009375
0 0.97421875 0.990625 0.01875 0.009375
0 0.39375 0.990625 0.0234375 0.0140625
0 0.17109375 0.99296875 0.0140625 0.009375
0 0.43046875 0.99296875 0.0140625 0.0140625
0 0.93515625 0.99296875 0.0140625 0.0140625
0 0.57890625 0.99296875 0.0140625 0.009375
0 0.1484375 0.990625 0.028125 0.009375
0 0.21796875 0.990625 0.01875 0.009375
0 0.63203125 0.990625 0.0234375 0.009375
0 0.321875 0.99296875 0.009375 0.0046875
0 0.35390625 0.99296875 0.01875 0.0140625
0 0.56953125 0.99296875 0.01875 0.0046875