0 0.23125 0.2265625 0.05078125 0.1203125
0 0.2984375 0.23125 0.04609375 0.06484375
0 0.32890625 0.23125 0.028125 0.05078125
0 0.053125 0.23828125 0.03671875 0.06484375
0 0.16875 0.240625 0.05546875 0.10625
0 0.13203125 0.240625 0.04140625 0.08359375
0 0.49765625 0.2546875 0.04609375 0.096875
0 0.7109375 0.259375 0.03671875 0.07421875
0 0.44453125 0.2640625 0.06484375 0.134375
0 0.384375 0.2640625 0.05078125 0.10625
0 0.6015625 0.26640625 0.06484375 0.09296875
0 0.02109375 0.26875 0.04140625 0.10625
0 0.07890625 0.278125 0.03671875 0.05078125
0 0.875 0.30546875 0.04140625 0.07421875
0 0.94921875 0.30546875 0.05078125 0.1296875
0 0.2890625 0.3078125 0.05078125 0.1296875
0 0.34296875 0.346875 0.04609375 0.06484375
0 0.7546875 0.34921875 0.05546875 0.09296875
0 0.6828125 0.3515625 0.06953125 0.096875
0 0.10859375 0.3515625 0.03671875 0.125
0 0.07890625 0.35625 0.03671875 0.07890625
0 0.58359375 0.3609375 0.05546875 0.10625
0 0.159375 0.3703125 0.06953125 0.1015625
0 0.45859375 0.38203125 0.04140625 0.05078125
0 0.5234375 0.39375 0.06015625 0.125
0 0.821875 0.39609375 0.04140625 0.07890625
0 0.67109375 0.41640625 0.06484375 0.1296875
0 0.88671875 0.41640625 0.04140625 0.08828125
0 0.26640625 0.41875 0.05546875 0.096875
0 0.43046875 0.43515625 0.03671875 0.1203125
0 0.778125 0.43515625 0.06015625 0.1015625
0 0.33125 0.446875 0.04609375 0.125
0 0.37734375 0.4515625 0.06015625 0.115625
0 0.471875 0.4515625 0.04140625 0.134375
0 0.23828125 0.4609375 0.04609375 0.07890625
0 0.8515625 0.46953125 0.07421875 0.1390625
0 0.28203125 0.52578125 0.06015625 0.1296875
0 0.071875 0.534375 0.06015625 0.134375
0 0.7546875 0.534375 0.06484375 0.15703125
0 0.2109375 0.553125 0.06015625 0.134375
0 0.56484375 0.5578125 0.06953125 0.1390625
0 0.03203125 0.56640625 0.0640625 0.2453125
0 0.39609375 0.6015625 0.07421875 0.1296875
0 0.196875 0.63671875 0.06953125 0.14375
0 0.97890625 0.6484375 0.03671875 0.20390625
0 0.33125 0.09453125 0.05078125 0.1015625
0 0.65546875 0.1296875 0.04140625 0.07890625
0 0.403125 0.13203125 0.03671875 0.08828125
0 0.22890625 0.13203125 0.03203125 0.06015625
0 0.93046875 0.14140625 0.05078125 0.1109375
0 0.46796875 0.14140625 0.01875 0.05078125
0 0.00703125 0.14375 0.0140625 0.05546875
0 0.6109375 0.153125 0.028125 0.04609375
0 0.678125 0.153125 0.03203125 0.06015625
0 0.45859375 0.15703125 0.0234375 0.05546875
0 0.5578125 0.16640625 0.01875 0.06953125
0 0.365625 0.1734375 0.04609375 0.07421875
0 0.52578125 0.18046875 0.03203125 0.05546875
0 0.49765625 0.18515625 0.01875 0.05078125
0 0.5859375 0.18515625 0.04140625 0.05546875
0 0.009375 0.196875 0.01875 0.06015625
0 0.7546875 0.20390625 0.03671875 0.07890625
0 0.71328125 0.20390625 0.03203125 0.06015625
0 0.93984375 0.20625 0.05546875 0.09296875
0 0.81015625 0.2109375 0.04140625 0.09296875
0 0.096875 0.2109375 0.028125 0.04140625
0 0.85625 0.2109375 0.05078125 0.125