0 0.70390625 0.10625 0.028125 0.04609375
0 0.93515625 0.10625 0.03203125 0.05078125
0 0.64140625 0.10625 0.028125 0.04140625
0 0.53203125 0.10859375 0.028125 0.03671875
0 0.2984375 0.10859375 0.0234375 0.04609375
0 0.8796875 0.1109375 0.03203125 0.04140625
0 0.3609375 0.115625 0.0234375 0.03671875
0 0.80546875 0.125 0.028125 0.04609375
0 0.134375 0.125 0.03203125 0.04609375
0 0.75234375 0.125 0.01875 0.03671875
0 0.4234375 0.12734375 0.028125 0.04140625
0 0.46328125 0.1296875 0.03203125 0.03671875
0 0.01171875 0.13203125 0.0234375 0.04140625
0 0.06484375 0.14140625 0.028125 0.04609375
0 0.2453125 0.14375 0.028125 0.03671875
0 0.59296875 0.01875 0.028125 0.03671875
0 0.87265625 0.01875 0.028125 0.03671875
0 0.946875 0.01875 0.01875 0.03671875
0 0.534375 0.01875 0.03203125 0.03671875
0 0.7546875 0.01875 0.028125 0.03203125
0 0.98828125 0.1828125 0.0140625 0.04140625
0 0.8796875 0.1875 0.028125 0.05078125
0 0.8171875 0.01875 0.028125 0.03671875
0 0.9515625 0.196875 0.028125 0.05078125
0 0.80078125 0.19921875 0.03671875 0.04609375
0 0.5578125 0.19921875 0.03671875 0.04609375
0 0.62734375 0.19921875 0.03203125 0.04609375
0 0.10859375 0.20390625 0.028125 0.04140625
0 0.40078125 0.20390625 0.03203125 0.03203125
0 0.16875 0.2109375 0.028125 0.04140625
0 0.678125 0.215625 0.028125 0.04140625
0 0.0390625 0.215625 0.028125 0.04140625
0 0.22890625 0.21953125 0.028125 0.04140625
0 0.04609375 0.0234375 0.0140625 0.04609375
0 0.41640625 0.0234375 0.0234375 0.03671875
0 0.46328125 0.221875 0.028125 0.03203125
0 0.303125 0.22421875 0.028125 0.03671875
0 0.35859375 0.2265625 0.0234375 0.03671875
0 0.471875 0.0234375 0.028125 0.03671875
0 0.68984375 0.0234375 0.028125 0.04609375
0 0.053125 0.02578125 0.028125 0.03203125
0 0.35390625 0.028125 0.028125 0.04140625
0 0.20859375 0.028125 0.01875 0.028125
0 0.77578125 0.28046875 0.028125 0.04140625
0 0.22421875 0.028125 0.0234375 0.04140625
0 0.57890625 0.2890625 0.028125 0.04609375
0 0.5140625 0.29140625 0.028125 0.04609375
0 0.7109375 0.29375 0.028125 0.04609375
0 0.99296875 0.29609375 0.0046875 0.05546875
0 0.83359375 0.29609375 0.028125 0.04609375
0 0.28671875 0.303125 0.0234375 0.03203125
0 0.4328125 0.3078125 0.028125 0.04140625
0 0.115625 0.3078125 0.03671875 0.04609375
0 0.375 0.3078125 0.0234375 0.04140625
0 0.65078125 0.3125 0.028125 0.04140625
0 0.22890625 0.3125 0.0234375 0.03671875
0 0.90703125 0.31484375 0.028125 0.04140625
0 0.25 0.31953125 0.03203125 0.04609375
0 0.16875 0.32421875 0.028125 0.04140625
0 0.04609375 0.32421875 0.028125 0.04609375
0 0.125 0.03203125 0.028125 0.04609375
0 0.96796875 0.38671875 0.03203125 0.05078125
0 0.27578125 0.0390625 0.0234375 0.03671875
0 0.76171875 0.39609375 0.028125 0.04609375
0 0.884375 0.3984375 0.028125 0.05078125
0 0.25703125 0.40078125 0.0234375 0.04609375
0 0.38671875 0.40078125 0.03203125 0.04609375
0 0.64375 0.40703125 0.028125 0.05078125
0 0.009375 0.40703125 0.01875 0.06015625
0 0.5 0.40703125 0.028125 0.04609375
0 0.17109375 0.4140625 0.028125 0.04140625
0 0.05078125 0.42578125 0.03203125 0.04609375
0 0.4421875 0.43046875 0.028125 0.04609375
0 0.5625 0.43515625 0.028125 0.04609375
0 0.3078125 0.4375 0.0234375 0.04140625
0 0.79609375 0.43984375 0.0234375 0.03671875
0 0.16875 0.04375 0.0234375 0.03203125
0 0.009375 0.0484375 0.01875 0.04140625
0 0.57421875 0.50234375 0.028125 0.04609375
0 0.36796875 0.51171875 0.028125 0.04609375
0 0.18046875 0.51875 0.028125 0.04140625
0 0.5046875 0.51875 0.028125 0.04609375
0 0.73125 0.51875 0.03203125 0.04609375
0 0.115625 0.5234375 0.0234375 0.04140625
0 0.80546875 0.5234375 0.03203125 0.05078125
0 0.63671875 0.053125 0.0234375 0.04609375
0 0.93984375 0.528125 0.03203125 0.05078125
0 0.4234375 0.534375 0.028125 0.04609375
0 0.0578125 0.53671875 0.0234375 0.03671875
0 0.87265625 0.5390625 0.028125 0.05078125
0 0.30078125 0.5390625 0.028125 0.05078125
0 0.12734375 0.54609375 0.028125 0.04140625
0 0.66875 0.5484375 0.028125 0.03671875
0 0.23828125 0.5484375 0.0234375 0.04609375
0 0.3125 0.0578125 0.028125 0.03671875
0 0.30546875 0.61796875 0.03203125 0.03671875
0 0.3609375 0.62734375 0.028125 0.04140625
0 0.51171875 0.63671875 0.03203125 0.05078125
0 0.096875 0.6390625 0.03203125 0.04609375
0 0.64375 0.64140625 0.03203125 0.05078125
0 0.57421875 0.6484375 0.03203125 0.05546875
0 0.884375 0.65078125 0.03203125 0.04609375
0 0.946875 0.653125 0.04140625 0.05546875
0 0.81015625 0.65546875 0.028125 0.04609375
0 0.178125 0.659375 0.03203125 0.05546875
0 0.42578125 0.659375 0.03203125 0.05546875
0 0.0765625 0.66640625 0.028125 0.03203125
0 0.72890625 0.67109375 0.03203125 0.04140625
0 0.009375 0.67109375 0.01875 0.05546875
0 0.240625 0.6734375 0.028125 0.04609375
0 0.8796875 0.69453125 0.03203125 0.04609375
0 0.490625 0.7640625 0.03671875 0.06015625
0 0.27109375 0.76875 0.03203125 0.05546875
0 0.56484375 0.77578125 0.03671875 0.05078125
0 0.92109375 0.78203125 0.03203125 0.05078125
0 0.64140625 0.79375 0.04140625 0.05546875
0 0.1875 0.79375 0.03671875 0.06015625
0 0.70625 0.79609375 0.03203125 0.05078125
0 0.3125 0.80078125 0.03671875 0.05546875
0 0.10859375 0.803125 0.03671875 0.05078125
0 0.04140625 0.81015625 0.04140625 0.06015625
0 0.79609375 0.8125 0.03671875 0.05546875
0 0.409375 0.8171875 0.03671875 0.05546875
0 0.884375 0.82890625 0.03671875 0.05078125
0 0.98125 0.8359375 0.03671875 0.06953125
0 0.91171875 0.89140625 0.03671875 0.03203125
0 0.13671875 0.01171875 0.03203125 0.0234375
0 0.78671875 0.096875 0.0234375 0.04140625
0 0.58828125 0.096875 0.0234375 0.04140625
0 0.19921875 0.1015625 0.028125 0.03671875