0 0.95859375 0.034375 0.03671875 0.06015625
0 0.86328125 0.03671875 0.03671875 0.05546875
0 0.2015625 0.3796875 0.03203125 0.07421875
0 0.12265625 0.384375 0.03203125 0.05078125
0 0.31953125 0.38671875 0.03671875 0.07421875
0 0.403125 0.3890625 0.03203125 0.06015625
0 0.446875 0.39140625 0.04609375 0.06015625
0 0.6640625 0.39375 0.03671875 0.05546875
0 0.57421875 0.39609375 0.03671875 0.05078125
0 0.04375 0.40078125 0.03671875 0.06484375
0 0.4765625 0.04609375 0.03203125 0.06484375
0 0.80078125 0.04609375 0.03203125 0.06015625
0 0.0484375 0.471875 0.03671875 0.06015625
0 0.61796875 0.471875 0.04140625 0.06484375
0 0.84296875 0.471875 0.03671875 0.06484375
0 0.4953125 0.4765625 0.04140625 0.06015625
0 0.10390625 0.4765625 0.03203125 0.06484375
0 0.4328125 0.47890625 0.03671875 0.06953125
0 0.2453125 0.48125 0.03203125 0.07421875
0 0.1828125 0.48125 0.04609375 0.06484375
0 0.321875 0.48359375 0.03671875 0.06484375
0 0.68984375 0.490625 0.03671875 0.06015625
0 0.38203125 0.49296875 0.03203125 0.06953125
0 0.77109375 0.49296875 0.04140625 0.06015625
0 0.909375 0.49296875 0.03671875 0.07421875
0 0.98125 0.4953125 0.03203125 0.07890625
0 0.55546875 0.4953125 0.03671875 0.06484375
0 0.071875 0.55078125 0.03671875 0.06015625
0 0.23359375 0.58125 0.03203125 0.07421875
0 0.365625 0.58828125 0.03203125 0.06484375
0 0.70859375 0.59453125 0.03203125 0.06484375
0 0.91171875 0.6015625 0.03203125 0.06015625
0 0.48828125 0.60390625 0.03203125 0.06484375
0 0.86328125 0.60859375 0.03671875 0.06953125
0 0.30546875 0.66171875 0.03203125 0.06484375
0 0.0390625 0.67109375 0.04140625 0.06015625
0 0.10625 0.67109375 0.04140625 0.06953125
0 0.84296875 0.68515625 0.03671875 0.06015625
0 0.4609375 0.68515625 0.03203125 0.06015625
0 0.55546875 0.68984375 0.028125 0.06015625
0 0.76640625 0.68984375 0.04140625 0.06484375
0 0.92109375 0.68984375 0.03671875 0.06484375
0 0.384375 0.6921875 0.03671875 0.06953125
0 0.63203125 0.696875 0.03671875 0.06484375
0 0.98125 0.696875 0.03671875 0.07421875
0 0.24765625 0.69921875 0.03671875 0.06953125
0 0.70859375 0.70390625 0.03203125 0.06015625
0 0.56484375 0.07890625 0.03203125 0.04609375
0 0.35859375 0.778125 0.03203125 0.06015625
0 0.2890625 0.778125 0.03671875 0.07421875
0 0.61796875 0.784375 0.04140625 0.06484375
0 0.14375 0.79375 0.03203125 0.05546875
0 0.76875 0.8078125 0.03671875 0.06953125
0 0.7109375 0.81015625 0.028125 0.06015625
0 0.196875 0.81015625 0.03203125 0.07421875
0 0.971875 0.81484375 0.03203125 0.06484375
0 0.82890625 0.8171875 0.03671875 0.07421875
0 0.90546875 0.82421875 0.03671875 0.07421875
0 0.5140625 0.8265625 0.03671875 0.07890625
0 0.04140625 0.83359375 0.03671875 0.06484375
0 0.465625 0.89140625 0.03671875 0.06484375
0 0.39140625 0.909375 0.028125 0.06015625
0 0.23828125 0.09296875 0.03203125 0.06953125
0 0.70625 0.91171875 0.03671875 0.07421875
0 0.18515625 0.92109375 0.03671875 0.07421875
0 0.26875 0.9234375 0.028125 0.07421875
0 0.5390625 0.928125 0.03671875 0.06015625
0 0.321875 0.96796875 0.03671875 0.05078125
0 0.846875 0.9859375 0.04140625 0.01875
0 0.4140625 0.10390625 0.03671875 0.06015625
0 0.30546875 0.10625 0.028125 0.05546875
0 0.06953125 0.11328125 0.028125 0.06484375
0 0.13203125 0.11328125 0.028125 0.06484375
0 0.53203125 0.12265625 0.028125 0.04609375
0 0.590625 0.12265625 0.03203125 0.06484375
0 0.8078125 0.1296875 0.03203125 0.05546875
0 0.88203125 0.1296875 0.03203125 0.06484375
0 0.73828125 0.134375 0.03671875 0.05546875
0 0.40546875 0.1875 0.028125 0.06015625
0 0.27578125 0.19453125 0.028125 0.06015625
0 0.14609375 0.196875 0.028125 0.06953125
0 0.19921875 0.0234375 0.03671875 0.04609375
0 0.34453125 0.20390625 0.028125 0.04609375
0 0.93046875 0.20390625 0.03203125 0.06953125
0 0.48828125 0.20625 0.03203125 0.05546875
0 0.60625 0.20859375 0.03671875 0.06484375
0 0.21796875 0.2109375 0.04140625 0.05546875
0 0.553125 0.2109375 0.03671875 0.05546875
0 0.6875 0.21328125 0.03671875 0.06015625
0 0.85625 0.21328125 0.03671875 0.06015625
0 0.08359375 0.221875 0.03203125 0.07421875
0 0.76171875 0.22421875 0.03203125 0.06015625
0 0.2734375 0.02578125 0.028125 0.05078125
0 0.221875 0.28046875 0.03203125 0.05078125
0 0.3078125 0.284375 0.03671875 0.06015625
0 0.06484375 0.2890625 0.03203125 0.07421875
0 0.7015625 0.29375 0.03671875 0.06015625
0 0.14140625 0.2984375 0.03203125 0.07421875
0 0.596875 0.303125 0.03671875 0.06015625
0 0.51171875 0.31015625 0.04609375 0.07421875
0 0.759375 0.3125 0.03671875 0.06015625
0 0.89375 0.321875 0.04140625 0.06953125