0 0.6484375 0.1484375 0.03671875 0.05546875
0 0.73125 0.153125 0.03203125 0.05546875
0 0.35859375 0.15546875 0.03203125 0.06484375
0 0.696875 0.15703125 0.03671875 0.06484375
0 0.134375 0.159375 0.03203125 0.05078125
0 0.4328125 0.16171875 0.03671875 0.05546875
0 0.9765625 0.17109375 0.028125 0.06484375
0 0.84453125 0.17109375 0.03203125 0.06015625
0 0.59296875 0.1734375 0.028125 0.04140625
0 0.090625 0.2015625 0.03203125 0.05546875
0 0.53046875 0.20390625 0.028125 0.04140625
0 0.90078125 0.20390625 0.03203125 0.05078125
0 0.303125 0.2109375 0.028125 0.05078125
0 0.02578125 0.21953125 0.028125 0.04609375
0 0.16640625 0.21953125 0.03203125 0.05546875
0 0.759375 0.22421875 0.04140625 0.06484375
0 0.24296875 0.2265625 0.03203125 0.06484375
0 0.34453125 0.2359375 0.0234375 0.04609375
0 0.403125 0.24296875 0.03203125 0.05078125
0 0.9234375 0.24296875 0.03671875 0.06015625
0 0.8703125 0.24765625 0.03671875 0.06953125
0 0.46328125 0.25 0.03671875 0.04140625
0 0.61328125 0.25 0.028125 0.05078125
0 0.6875 0.25 0.03203125 0.05546875
0 0.990625 0.25234375 0.0140625 0.06484375
0 0.5390625 0.25703125 0.03203125 0.05078125
0 0.8265625 0.25703125 0.03671875 0.04609375
0 0.1921875 0.28046875 0.03671875 0.05078125
0 0.034375 0.28203125 0.0234375 0.04140625
0 0.30078125 0.2890625 0.03671875 0.05078125
0 0.25 0.29609375 0.028125 0.05078125
0 0.384375 0.2984375 0.03203125 0.05078125
0 0.0578125 0.30078125 0.03203125 0.06015625
0 0.42109375 0.30546875 0.03671875 0.05546875
0 0.11328125 0.31953125 0.03671875 0.05546875
0 0.66171875 0.31953125 0.04140625 0.05546875
0 0.8359375 0.31953125 0.03203125 0.06015625
0 0.16171875 0.321875 0.03203125 0.06484375
0 0.571875 0.3265625 0.03203125 0.06015625
0 0.509375 0.3265625 0.03671875 0.05078125
0 0.95390625 0.32890625 0.03203125 0.05078125
0 0.02578125 0.33125 0.028125 0.05078125
0 0.221875 0.33359375 0.03671875 0.06953125
0 0.72421875 0.3359375 0.028125 0.05078125
0 0.78046875 0.3359375 0.03203125 0.05546875
0 0.6875 0.34453125 0.03203125 0.04609375
0 0.8984375 0.35625 0.03203125 0.05078125
0 0.284375 0.36328125 0.03671875 0.06484375
0 0.38203125 0.365625 0.03671875 0.06484375
0 0.5390625 0.0390625 0.03203125 0.05078125
0 0.48125 0.384375 0.03671875 0.06015625
0 0.09453125 0.3890625 0.03203125 0.05546875
0 0.55078125 0.40078125 0.04140625 0.05546875
0 0.03671875 0.40078125 0.03203125 0.05546875
0 0.971875 0.403125 0.028125 0.05546875
0 0.63203125 0.409375 0.03203125 0.06015625
0 0.846875 0.41171875 0.028125 0.04609375
0 0.2109375 0.41640625 0.03671875 0.06484375
0 0.70390625 0.41875 0.03203125 0.05546875
0 0.76640625 0.42109375 0.03203125 0.05078125
0 0.17109375 0.43046875 0.03203125 0.05546875
0 0.9140625 0.43515625 0.03203125 0.06484375
0 0.14375 0.45859375 0.03671875 0.06015625
0 0.06953125 0.46796875 0.03203125 0.05546875
0 0.0140625 0.471875 0.028125 0.06015625
0 0.53671875 0.471875 0.03203125 0.06484375
0 0.9859375 0.47421875 0.028125 0.05078125
0 0.79609375 0.47890625 0.03203125 0.06484375
0 0.45390625 0.48125 0.03203125 0.05546875
0 0.59453125 0.48359375 0.03671875 0.06484375
0 0.29140625 0.48359375 0.03671875 0.06484375
0 0.884375 0.4859375 0.03203125 0.06484375
0 0.2265625 0.48828125 0.03203125 0.06015625
0 0.41640625 0.48828125 0.03203125 0.06015625
0 0.35625 0.490625 0.03203125 0.05546875
0 0.65703125 0.49296875 0.03203125 0.06484375
0 0.721875 0.5 0.03671875 0.06484375
0 0.009375 0.52109375 0.01875 0.04609375
0 0.6875 0.53671875 0.03203125 0.05546875
0 0.965625 0.053125 0.028125 0.0234375
0 0.1875 0.54375 0.03203125 0.05546875
0 0.25234375 0.55078125 0.03671875 0.06484375
0 0.53046875 0.553125 0.03671875 0.06953125
0 0.84921875 0.553125 0.028125 0.05078125
0 0.1203125 0.56484375 0.03203125 0.06484375
0 0.96328125 0.56484375 0.028125 0.04140625
0 0.9328125 0.5671875 0.04609375 0.05078125
0 0.4140625 0.5671875 0.03671875 0.06484375
0 0.7546875 0.56953125 0.03203125 0.06015625
0 0.62265625 0.56953125 0.03203125 0.06015625
0 0.78203125 0.57421875 0.028125 0.05078125
0 0.01171875 0.5765625 0.0234375 0.06484375
0 0.34453125 0.58125 0.028125 0.05546875
0 0.05546875 0.58359375 0.03203125 0.05546875
0 0.8703125 0.58359375 0.03203125 0.028125
0 0.47890625 0.59453125 0.03671875 0.05078125
0 0.696875 0.60390625 0.03203125 0.06484375
0 0.0140625 0.615625 0.028125 0.04609375
0 0.0859375 0.615625 0.04140625 0.03671875
0 0.76171875 0.634375 0.028125 0.05546875
0 0.6015625 0.64375 0.03203125 0.05546875
0 0.26171875 0.64609375 0.03671875 0.06015625
0 0.95625 0.64609375 0.03671875 0.06015625
0 0.40546875 0.6484375 0.028125 0.05078125
0 0.16875 0.65078125 0.03671875 0.05078125
0 0.46796875 0.65078125 0.03671875 0.06015625
0 0.625 0.65078125 0.028125 0.06484375
0 0.54375 0.653125 0.03203125 0.05546875
0 0.028125 0.65546875 0.028125 0.06484375
0 0.79375 0.65546875 0.03203125 0.06015625
0 0.5046875 0.659375 0.028125 0.06015625
0 0.7453125 0.659375 0.03203125 0.06484375
0 0.21953125 0.66171875 0.03203125 0.06015625
0 0.31484375 0.6640625 0.03671875 0.06015625
0 0.096875 0.66640625 0.04609375 0.05546875
0 0.01171875 0.66875 0.0234375 0.05078125
0 0.3796875 0.67109375 0.03671875 0.06015625
0 0.2359375 0.0671875 0.03203125 0.05078125
0 0.653125 0.6875 0.03671875 0.05546875
0 0.80078125 0.071875 0.03203125 0.05546875
0 0.14375 0.071875 0.03671875 0.06015625
0 0.01171875 0.721875 0.0234375 0.06484375
0 0.1921875 0.721875 0.03671875 0.06484375
0 0.4421875 0.07421875 0.03203125 0.05078125
0 0.9375 0.07421875 0.01875 0.03203125
0 0.0578125 0.740625 0.03203125 0.06953125
0 0.7984375 0.74296875 0.03203125 0.05078125
0 0.340625 0.74765625 0.03203125 0.05546875
0 0.58359375 0.74765625 0.04140625 0.06953125
0 0.41640625 0.74765625 0.03671875 0.06015625
0 0.75 0.74765625 0.03671875 0.05546875
0 0.27109375 0.75 0.04609375 0.07421875
0 0.8359375 0.75 0.03671875 0.06015625
0 0.5 0.7546875 0.04140625 0.06484375
0 0.11796875 0.76171875 0.03671875 0.06484375
0 0.14609375 0.76875 0.03203125 0.07421875
0 0.88671875 0.7734375 0.03203125 0.04140625
0 0.77578125 0.07890625 0.028125 0.05078125
0 0.9328125 0.778125 0.03203125 0.06015625
0 0.83125 0.07890625 0.03203125 0.06015625
0 0.72421875 0.81015625 0.03671875 0.06484375
0 0.39375 0.08359375 0.028125 0.05078125
0 0.409375 0.821875 0.04609375 0.06953125
0 0.5765625 0.82421875 0.04140625 0.06953125
0 0.2109375 0.8265625 0.03203125 0.06484375
0 0.89609375 0.8265625 0.04140625 0.07421875
0 0.4953125 0.82890625 0.03671875 0.06484375
0 0.340625 0.82890625 0.03671875 0.06953125
0 0.95859375 0.82890625 0.03203125 0.06484375
0 0.0671875 0.83125 0.04140625 0.07421875
0 0.284375 0.84453125 0.04140625 0.06484375
0 0.64140625 0.0859375 0.03203125 0.05078125
0 0.90078125 0.0859375 0.028125 0.05078125
0 0.97421875 0.85859375 0.03203125 0.05546875
0 0.16640625 0.8609375 0.03671875 0.06015625
0 0.20859375 0.0859375 0.028125 0.05078125
0 0.321875 0.0859375 0.03203125 0.04609375
0 0.59453125 0.0859375 0.03203125 0.05546875
0 0.534375 0.86796875 0.03671875 0.06484375
0 0.01171875 0.87265625 0.0234375 0.06484375
0 0.928125 0.875 0.03203125 0.06484375
0 0.115625 0.87734375 0.03203125 0.06484375
0 0.28203125 0.91875 0.03671875 0.05078125
0 0.6296875 0.91875 0.03671875 0.06484375
0 0.678125 0.91875 0.04140625 0.06484375
0 0.0234375 0.93046875 0.03203125 0.06953125
0 0.490625 0.93046875 0.03203125 0.06484375
0 0.20390625 0.9328125 0.03671875 0.06484375
0 0.14140625 0.9375 0.03203125 0.06015625
0 0.59921875 0.94453125 0.03671875 0.06015625
0 0.8890625 0.946875 0.03671875 0.06015625
0 0.97421875 0.09453125 0.0234375 0.05546875
0 0.35859375 0.9515625 0.03671875 0.05546875
0 0.446875 0.9515625 0.03671875 0.06015625
0 0.76171875 0.95390625 0.03203125 0.06015625
0 0.5234375 0.95390625 0.03671875 0.06015625
0 0.8171875 0.96328125 0.04140625 0.06484375
0 0.946875 0.96328125 0.03203125 0.06015625
0 0.3890625 0.96953125 0.04140625 0.06015625
0 0.12265625 0.96953125 0.06015625 0.05546875
0 0.28046875 0.971875 0.05078125 0.04140625
0 0.49765625 0.10390625 0.03203125 0.05078125
0 0.7109375 0.10625 0.03203125 0.06484375
0 0.75234375 0.10625 0.028125 0.05546875
0 0.571875 0.134375 0.028125 0.05078125
0 0.77109375 0.13671875 0.03203125 0.05078125
0 0.53671875 0.1390625 0.03203125 0.05546875
0 0.28203125 0.14140625 0.03203125 0.05078125
0 0.0671875 0.14375 0.03203125 0.06015625
0 0.1921875 0.14609375 0.03671875 0.05546875