0 0.50234375 0.26171875 0.01875 0.0234375
0 0.42578125 0.2640625 0.03203125 0.05078125
0 0.46953125 0.2640625 0.0234375 0.03671875
0 0.053125 0.27109375 0.04140625 0.06953125
0 0.40703125 0.27109375 0.0234375 0.0234375
0 0.54140625 0.27109375 0.01875 0.028125
0 0.5765625 0.2734375 0.0140625 0.0234375
0 0.09453125 0.27578125 0.0234375 0.028125
0 0.2984375 0.27578125 0.0234375 0.03671875
0 0.6203125 0.278125 0.01875 0.0234375
0 0.25703125 0.278125 0.0234375 0.04140625
0 0.446875 0.278125 0.0140625 0.0140625
0 0.56484375 0.278125 0.01875 0.0234375
0 0.68515625 0.278125 0.01875 0.0234375
0 0.53046875 0.28046875 0.01875 0.03203125
0 0.34921875 0.28203125 0.03203125 0.03671875
0 0.73125 0.28203125 0.03203125 0.04609375
0 0.1640625 0.284375 0.028125 0.04609375
0 0.21328125 0.284375 0.01875 0.03203125
0 0.6015625 0.284375 0.01875 0.0234375
0 0.49296875 0.284375 0.01875 0.0234375
0 0.51171875 0.28671875 0.01875 0.0234375
0 0.02578125 0.29375 0.03671875 0.04140625
0 0.38203125 0.29609375 0.0234375 0.03203125
0 0.58359375 0.2984375 0.028125 0.0234375
0 0.46328125 0.30078125 0.03671875 0.04609375
0 0.1484375 0.303125 0.03203125 0.05078125
0 0.196875 0.30546875 0.01875 0.03671875
0 0.70625 0.30546875 0.03671875 0.04609375
0 0.284375 0.3078125 0.03671875 0.06484375
0 0.9765625 0.3078125 0.03671875 0.096875
0 0.24296875 0.31015625 0.0234375 0.05078125
0 0.8515625 0.31484375 0.03203125 0.05078125
0 0.5625 0.321875 0.0234375 0.0234375
0 0.34296875 0.32421875 0.028125 0.05078125
0 0.4515625 0.32421875 0.03671875 0.04609375
0 0.64375 0.32890625 0.06015625 0.08359375
0 0.81484375 0.33359375 0.03671875 0.05078125
0 0.759375 0.34921875 0.05078125 0.06953125
0 0.83828125 0.35390625 0.028125 0.05078125
0 0.6015625 0.35625 0.03671875 0.05546875
0 0.8515625 0.49765625 0.05078125 0.06484375