0 0.12734375 0.35390625 0.05546875 0.09296875
0 0.946875 0.41640625 0.01875 0.01875
0 0.95859375 0.428125 0.0140625 0.0234375
0 0.26875 0.4328125 0.01875 0.028125
0 0.89609375 0.4328125 0.0140625 0.0234375
0 0.99296875 0.43515625 0.0046875 0.028125
0 0.51875 0.43515625 0.0140625 0.01875
0 0.32890625 0.43515625 0.0140625 0.01875
0 0.8796875 0.4375 0.0140625 0.0234375
0 0.98125 0.4375 0.0140625 0.0234375
0 0.75 0.43984375 0.009375 0.0234375
0 0.8609375 0.43984375 0.01875 0.01875
0 0.9140625 0.43984375 0.0140625 0.01875
0 0.77109375 0.44453125 0.01875 0.0234375
0 0.840625 0.44453125 0.0140625 0.01875
0 0.79609375 0.44453125 0.009375 0.01875
0 0.821875 0.44921875 0.0140625 0.0234375
0 0.66640625 0.44921875 0.009375 0.01875
0 0.8125 0.45390625 0.0140625 0.01875
0 0.3984375 0.46796875 0.01875 0.0234375
0 0.2890625 0.48125 0.0046875 0.0140625
0 0.35859375 0.48125 0.009375 0.0140625
0 0.56015625 0.48359375 0.0046875 0.009375
0 0.43046875 0.48359375 0.009375 0.0140625
0 0.45625 0.48359375 0.009375 0.0140625
0 0.41875 0.4859375 0.009375 0.009375
0 0.7109375 0.4859375 0.009375 0.0140625
0 0.5484375 0.4859375 0.0140625 0.0140625
0 0.240625 0.48828125 0.009375 0.01875
0 0.721875 0.48828125 0.009375 0.01875
0 0.6921875 0.48828125 0.009375 0.0234375
0 0.4859375 0.48828125 0.009375 0.01875
0 0.4421875 0.490625 0.009375 0.0140625
0 0.6015625 0.490625 0.009375 0.0140625
0 0.47890625 0.490625 0.0046875 0.0140625
0 0.27109375 0.490625 0.009375 0.0140625
0 0.8078125 0.490625 0.0140625 0.01875
0 0.49765625 0.490625 0.009375 0.009375
0 0.6484375 0.490625 0.009375 0.0140625
0 0.03671875 0.49296875 0.009375 0.0140625
0 0.4515625 0.49296875 0.009375 0.0140625
0 0.028125 0.49296875 0.009375 0.0140625
0 0.30546875 0.49296875 0.0046875 0.0140625
0 0.3125 0.49296875 0.009375 0.0140625
0 0.56953125 0.49296875 0.0046875 0.009375
0 0.58125 0.49296875 0.0046875 0.0140625
0 0.63671875 0.49296875 0.009375 0.0140625
0 0.85625 0.4953125 0.0140625 0.0140625
0 0.46953125 0.4953125 0.0046875 0.01875
0 0.715625 0.4953125 0.0140625 0.01875
0 0.75234375 0.4953125 0.0140625 0.01875
0 0.465625 0.4953125 0.0046875 0.0140625
0 0.61328125 0.4953125 0.0046875 0.0140625
0 0.59453125 0.4953125 0.0140625 0.01875
0 0.69921875 0.4953125 0.0140625 0.01875
0 0.97421875 0.49765625 0.0140625 0.01875
0 0.8171875 0.49765625 0.0140625 0.01875
0 0.4953125 0.49765625 0.009375 0.009375
0 0.95625 0.49765625 0.0140625 0.0234375
0 0.56015625 0.49765625 0.009375 0.0140625
0 0.6203125 0.49765625 0.009375 0.0140625
0 0.840625 0.5 0.0140625 0.0140625
0 0.6296875 0.5 0.0140625 0.01875
0 0.4765625 0.5 0.0140625 0.01875
0 0.50234375 0.5 0.009375 0.01875
0 0.41875 0.50234375 0.009375 0.0140625
0 0.35390625 0.5046875 0.0140625 0.01875
0 0.90078125 0.5046875 0.0140625 0.01875
0 0.29609375 0.5046875 0.0140625 0.0140625
0 0.88203125 0.50703125 0.01875 0.0234375
0 0.57421875 0.50703125 0.009375 0.01875
0 0.25703125 0.509375 0.009375 0.0140625
0 0.278125 0.509375 0.0046875 0.0046875
0 0.44921875 0.509375 0.009375 0.01875
0 0.33359375 0.509375 0.009375 0.0140625
0 0.83125 0.51171875 0.009375 0.009375
0 0.84296875 0.51171875 0.0140625 0.0140625
0 0.80546875 0.51640625 0.0140625 0.0140625
0 0.971875 0.51640625 0.01875 0.01875
0 0.24765625 0.51640625 0.0140625 0.01875
0 0.58125 0.51640625 0.0140625 0.01875
0 0.7015625 0.51640625 0.01875 0.01875
0 0.79375 0.51640625 0.0140625 0.028125
0 0.31953125 0.51640625 0.009375 0.0140625
0 0.59921875 0.51640625 0.009375 0.01875
0 0.74765625 0.51640625 0.0140625 0.01875
0 0.86796875 0.51875 0.009375 0.01875
0 0.34296875 0.51875 0.0140625 0.01875
0 0.56015625 0.51875 0.0140625 0.01875
0 0.4140625 0.51875 0.009375 0.01875
0 0.6109375 0.51875 0.0140625 0.028125
0 0.634375 0.52109375 0.0140625 0.01875
0 0.6921875 0.52109375 0.009375 0.01875
0 0.37734375 0.52109375 0.0140625 0.0234375
0 0.8171875 0.5234375 0.0140625 0.01875
0 0.85859375 0.5234375 0.0140625 0.01875
0 0.91640625 0.5234375 0.0140625 0.0234375
0 0.46328125 0.5234375 0.0140625 0.0234375
0 0.33125 0.52578125 0.01875 0.01875
0 0.39375 0.52578125 0.0140625 0.01875
0 0.2890625 0.52578125 0.009375 0.01875
0 0.428125 0.52578125 0.0140625 0.0234375
0 0.5484375 0.52578125 0.009375 0.01875
0 0.27578125 0.528125 0.0140625 0.01875
0 0.48125 0.528125 0.0140625 0.01875
0 0.76640625 0.528125 0.0234375 0.028125
0 0.5234375 0.528125 0.0140625 0.01875
0 0.43984375 0.528125 0.009375 0.01875
0 0.35390625 0.53046875 0.0140625 0.01875
0 0.3171875 0.53203125 0.0140625 0.01875
0 0.97421875 0.5390625 0.01875 0.01875
0 0.89609375 0.5390625 0.01875 0.028125
0 0.803125 0.5390625 0.01875 0.03203125
0 0.3796875 0.54140625 0.0140625 0.01875
0 0.9375 0.54375 0.01875 0.028125
0 0.340625 0.54375 0.01875 0.0234375
0 0.92578125 0.5484375 0.0140625 0.028125
0 0.66875 0.5484375 0.03671875 0.05546875
0 0.534375 0.5484375 0.01875 0.01875
0 0.24765625 0.5484375 0.009375 0.028125
0 0.6203125 0.5484375 0.01875 0.0234375
0 0.428125 0.55078125 0.01875 0.0140625
0 0.71796875 0.55078125 0.01875 0.03203125
0 0.47890625 0.55546875 0.0140625 0.028125
0 0.5765625 0.56015625 0.01875 0.0234375
0 0.2640625 0.5625 0.01875 0.03203125
0 0.7015625 0.56484375 0.01875 0.03671875
0 0.409375 0.56484375 0.01875 0.028125
0 0.53671875 0.5671875 0.0140625 0.03203125
0 0.97890625 0.56953125 0.01875 0.028125
0 0.846875 0.571875 0.03671875 0.06015625
0 0.3359375 0.571875 0.01875 0.0234375
0 0.375 0.57421875 0.0234375 0.03671875
0 0.9421875 0.57421875 0.0234375 0.01875
0 0.44921875 0.57421875 0.0234375 0.03203125
0 0.90078125 0.5765625 0.028125 0.04140625
0 0.64609375 0.5765625 0.0140625 0.0234375
0 0.634375 0.5765625 0.01875 0.03203125
0 0.51171875 0.57890625 0.01875 0.04140625
0 0.7359375 0.58125 0.0234375 0.03203125
0 0.284375 0.58125 0.01875 0.028125
0 0.61796875 0.58359375 0.0234375 0.03671875
0 0.55078125 0.58828125 0.01875 0.03671875
0 0.94921875 0.596875 0.03203125 0.028125
0 0.98828125 0.59921875 0.0140625 0.05078125
0 0.49296875 0.60390625 0.0234375 0.04140625
0 0.60390625 0.6203125 0.03203125 0.05078125
0 0.78671875 0.62734375 0.028125 0.05546875
0 0.26875 0.63203125 0.0234375 0.04140625
0 0.340625 0.64375 0.0234375 0.04140625
0 0.4328125 0.65078125 0.0234375 0.04140625
0 0.55078125 0.66171875 0.028125 0.04140625
0 0.36328125 0.66171875 0.028125 0.04609375
0 0.9609375 0.66171875 0.04609375 0.07421875
0 0.46953125 0.6734375 0.028125 0.04140625
0 0.97890625 0.78671875 0.04140625 0.1296875
0 0.30078125 0.84296875 0.06015625 0.08828125
0 0.64375 0.846875 0.06484375 0.10625