0 0.64140625 0.29609375 0.009375 0.01875
0 0.30078125 0.2984375 0.0140625 0.0234375
0 0.68515625 0.30546875 0.01875 0.03203125
0 0.43984375 0.3078125 0.0140625 0.03671875
0 0.46328125 0.3078125 0.01875 0.03203125
0 0.70859375 0.3078125 0.01875 0.03671875
0 0.52109375 0.3078125 0.01875 0.04140625
0 0.57890625 0.3078125 0.01875 0.04140625
0 0.66875 0.31015625 0.0140625 0.0234375
0 0.15546875 0.3125 0.0140625 0.028125
0 0.6203125 0.31953125 0.01875 0.04140625
0 0.29609375 0.31953125 0.01875 0.028125
0 0.2546875 0.31953125 0.01875 0.028125
0 0.2640625 0.321875 0.0140625 0.028125
0 0.5484375 0.321875 0.0140625 0.03671875
0 0.28046875 0.32421875 0.0234375 0.04609375
0 0.196875 0.32421875 0.01875 0.04140625
0 0.40703125 0.33359375 0.0140625 0.028125
0 0.46796875 0.33828125 0.0140625 0.03671875
0 0.6015625 0.340625 0.01875 0.0234375
0 0.35390625 0.34453125 0.0234375 0.04140625
0 0.15703125 0.34453125 0.0234375 0.05546875
0 0.29375 0.346875 0.0140625 0.009375
0 0.68515625 0.34921875 0.01875 0.04609375
0 0.6640625 0.34921875 0.01875 0.03203125
0 0.48828125 0.3515625 0.01875 0.04609375
0 0.41171875 0.3515625 0.01875 0.0234375
0 0.34296875 0.35390625 0.0140625 0.03671875
0 0.5046875 0.35390625 0.01875 0.05078125
0 0.028125 0.35859375 0.0234375 0.06015625
0 0.33359375 0.35859375 0.01875 0.04140625
0 0.31484375 0.35859375 0.01875 0.04609375
0 0.26640625 0.365625 0.0140625 0.03671875
0 0.596875 0.3796875 0.028125 0.05078125
0 0.75703125 0.3796875 0.0234375 0.04140625
0 0.2984375 0.38671875 0.01875 0.04609375
0 0.43984375 0.38671875 0.028125 0.06015625
0 0.09453125 0.39375 0.0234375 0.05078125
0 0.278125 0.3984375 0.01875 0.04609375
0 0.375 0.40078125 0.0234375 0.06015625
0 0.69921875 0.40703125 0.0234375 0.06015625
0 0.1875 0.409375 0.028125 0.05078125
0 0.39375 0.409375 0.01875 0.04609375
0 0.465625 0.409375 0.0234375 0.05546875
0 0.49296875 0.409375 0.028125 0.05546875
0 0.63671875 0.41171875 0.01875 0.04140625
0 0.41171875 0.4140625 0.028125 0.06953125
0 0.62265625 0.4140625 0.0234375 0.04609375
0 0.8171875 0.4140625 0.0234375 0.05546875
0 0.54609375 0.41640625 0.01875 0.05078125
0 0.3125 0.4234375 0.03203125 0.03671875
0 0.2453125 0.4328125 0.028125 0.03671875
0 0.72421875 0.4375 0.03203125 0.07890625
0 0.74296875 0.44921875 0.028125 0.05546875
0 0.57890625 0.45390625 0.01875 0.03203125
0 0.59921875 0.4609375 0.0140625 0.03203125
0 0.63203125 0.4609375 0.028125 0.06015625
0 0.66875 0.4609375 0.03203125 0.06953125
0 0.8515625 0.46953125 0.03203125 0.06953125
0 0.51171875 0.471875 0.01875 0.05546875
0 0.31484375 0.47890625 0.03671875 0.07421875
0 0.8171875 0.47890625 0.03203125 0.05546875
0 0.2640625 0.4859375 0.03671875 0.09296875
0 0.53671875 0.4953125 0.03203125 0.06953125
0 0.46328125 0.5046875 0.03671875 0.09296875
0 0.41875 0.50703125 0.028125 0.06953125
0 0.58125 0.509375 0.028125 0.06484375
0 0.64375 0.51171875 0.028125 0.06953125
0 0.49765625 0.5140625 0.0234375 0.07421875
0 0.93984375 0.51875 0.028125 0.06484375
0 0.61328125 0.52109375 0.03671875 0.08359375
0 0.83828125 0.53203125 0.0234375 0.04140625
0 0.75234375 0.53671875 0.028125 0.07421875
0 0.721875 0.5390625 0.03671875 0.07890625
0 0.95390625 0.55078125 0.03203125 0.07890625
0 0.56484375 0.55546875 0.0234375 0.05078125
0 0.85625 0.58125 0.03203125 0.07421875
0 0.89609375 0.6203125 0.04140625 0.08359375
0 0.6109375 0.1015625 0.009375 0.0140625
0 0.48125 0.10859375 0.0140625 0.01875
0 0.4515625 0.1109375 0.0046875 0.0140625
0 0.6296875 0.1109375 0.009375 0.0140625
0 0.55078125 0.1109375 0.009375 0.0140625
0 0.41875 0.1109375 0.0046875 0.01875
0 0.428125 0.1109375 0.0046875 0.009375
0 0.49296875 0.11328125 0.0046875 0.0140625
0 0.43515625 0.115625 0.0046875 0.009375
0 0.3984375 0.115625 0.009375 0.01875
0 0.5140625 0.115625 0.009375 0.009375
0 0.57890625 0.115625 0.009375 0.01875
0 0.3890625 0.11796875 0.009375 0.0140625
0 0.56953125 0.11796875 0.0046875 0.0140625
0 0.5390625 0.11796875 0.009375 0.0140625
0 0.3609375 0.11796875 0.0140625 0.01875
0 0.34921875 0.1203125 0.009375 0.0234375
0 0.47421875 0.1203125 0.009375 0.0140625
0 0.5859375 0.1203125 0.009375 0.0140625
0 0.446875 0.12265625 0.009375 0.0234375
0 0.53046875 0.12265625 0.0046875 0.0140625
0 0.5625 0.12265625 0.009375 0.0140625
0 0.49765625 0.125 0.009375 0.01875
0 0.3796875 0.125 0.009375 0.01875
0 0.41171875 0.125 0.009375 0.01875
0 0.33125 0.125 0.0140625 0.01875
0 0.54140625 0.12734375 0.009375 0.01875
0 0.59296875 0.12734375 0.009375 0.0140625
0 0.45390625 0.12734375 0.009375 0.0140625
0 0.5046875 0.12734375 0.009375 0.01875
0 0.43984375 0.1296875 0.009375 0.01875
0 0.340625 0.1296875 0.009375 0.01875
0 0.51875 0.13203125 0.0046875 0.0140625
0 0.553125 0.13203125 0.009375 0.0140625
0 0.39375 0.13203125 0.0046875 0.0140625
0 0.60625 0.13203125 0.009375 0.01875
0 0.42578125 0.134375 0.009375 0.01875
0 0.3703125 0.134375 0.009375 0.01875
0 0.53046875 0.1390625 0.0046875 0.0140625
0 0.33125 0.1390625 0.009375 0.0140625
0 0.40703125 0.1390625 0.0046875 0.01875
0 0.40078125 0.14140625 0.009375 0.01875
0 0.31015625 0.14140625 0.009375 0.028125
0 0.46953125 0.14140625 0.0046875 0.01875
0 0.4953125 0.14140625 0.009375 0.0140625
0 0.48359375 0.14140625 0.0046875 0.01875
0 0.6203125 0.14375 0.0140625 0.0234375
0 0.32421875 0.14375 0.009375 0.0140625
0 0.37265625 0.14375 0.009375 0.0140625
0 0.30078125 0.14609375 0.009375 0.0234375
0 0.5484375 0.14609375 0.009375 0.01875
0 0.34453125 0.14609375 0.0046875 0.0140625
0 0.60625 0.1484375 0.009375 0.01875
0 0.53671875 0.1484375 0.009375 0.0140625
0 0.571875 0.1484375 0.009375 0.0234375
0 0.590625 0.15078125 0.0140625 0.0234375
0 0.45390625 0.15078125 0.009375 0.0140625
0 0.56015625 0.153125 0.009375 0.01875
0 0.46796875 0.15703125 0.009375 0.0140625
0 0.5140625 0.15703125 0.009375 0.01875
0 0.43515625 0.159375 0.009375 0.01875
0 0.48125 0.159375 0.009375 0.0140625
0 0.40546875 0.16171875 0.0140625 0.028125
0 0.50234375 0.16171875 0.009375 0.0140625
0 0.53203125 0.1640625 0.0046875 0.01875
0 0.31015625 0.1640625 0.009375 0.01875
0 0.42109375 0.1640625 0.009375 0.01875
0 0.64375 0.1640625 0.009375 0.01875
0 0.3515625 0.1640625 0.0140625 0.01875
0 0.44921875 0.16640625 0.009375 0.0234375
0 0.625 0.16640625 0.009375 0.01875
0 0.49296875 0.16875 0.0046875 0.01875
0 0.52109375 0.16875 0.009375 0.01875
0 0.6015625 0.16875 0.0140625 0.0234375
0 0.3265625 0.16875 0.0046875 0.0140625
0 0.38203125 0.17109375 0.0140625 0.028125
0 0.56015625 0.17109375 0.009375 0.01875
0 0.2890625 0.17109375 0.0140625 0.01875
0 0.48359375 0.1734375 0.009375 0.01875
0 0.6203125 0.1734375 0.0140625 0.0234375
0 0.65078125 0.1734375 0.009375 0.0234375
0 0.34296875 0.1734375 0.0140625 0.03203125
0 0.553125 0.1734375 0.0140625 0.0234375
0 0.35859375 0.1734375 0.009375 0.009375
0 0.47890625 0.17578125 0.009375 0.01875
0 0.303125 0.17578125 0.009375 0.01875
0 0.5390625 0.17578125 0.0140625 0.01875
0 0.28046875 0.17578125 0.009375 0.028125
0 0.58359375 0.17578125 0.009375 0.01875
0 0.37265625 0.178125 0.009375 0.01875
0 0.428125 0.18046875 0.009375 0.028125
0 0.59296875 0.1828125 0.009375 0.01875
0 0.63203125 0.1828125 0.009375 0.0140625
0 0.46796875 0.18515625 0.009375 0.01875
0 0.52578125 0.18515625 0.009375 0.01875
0 0.56484375 0.1875 0.009375 0.0234375
0 0.5140625 0.1875 0.009375 0.01875
0 0.39609375 0.1875 0.009375 0.0234375
0 0.58125 0.1875 0.0140625 0.0234375
0 0.3265625 0.18984375 0.0140625 0.028125
0 0.625 0.18984375 0.009375 0.01875
0 0.28671875 0.1921875 0.009375 0.0234375
0 0.3609375 0.1921875 0.009375 0.01875
0 0.6109375 0.1921875 0.0140625 0.0234375
0 0.4421875 0.1921875 0.0140625 0.028125
0 0.3515625 0.19453125 0.009375 0.01875
0 0.490625 0.196875 0.0140625 0.028125
0 0.465625 0.196875 0.009375 0.0140625
0 0.259375 0.19921875 0.0140625 0.028125
0 0.64375 0.19921875 0.0140625 0.0234375
0 0.590625 0.19921875 0.0140625 0.01875
0 0.24765625 0.20390625 0.0140625 0.0234375
0 0.27109375 0.20390625 0.009375 0.01875
0 0.37265625 0.20390625 0.009375 0.01875
0 0.30078125 0.20390625 0.009375 0.0140625
0 0.4140625 0.20390625 0.009375 0.028125
0 0.46328125 0.2109375 0.009375 0.0140625
0 0.6296875 0.2109375 0.0140625 0.028125
0 0.34296875 0.2109375 0.0140625 0.028125
0 0.39140625 0.21328125 0.0140625 0.03203125
0 0.47890625 0.21328125 0.009375 0.01875
0 0.45625 0.215625 0.0140625 0.028125
0 0.32421875 0.215625 0.0140625 0.0234375
0 0.21953125 0.21796875 0.0140625 0.0234375
0 0.4328125 0.21796875 0.0140625 0.028125
0 0.52109375 0.21796875 0.0140625 0.0234375
0 0.5859375 0.21953125 0.0140625 0.0234375
0 0.66171875 0.21953125 0.0140625 0.03203125
0 0.3125 0.221875 0.009375 0.0234375
0 0.59296875 0.22421875 0.009375 0.0234375
0 0.4859375 0.2265625 0.0140625 0.028125
0 0.471875 0.2265625 0.0140625 0.01875
0 0.3609375 0.22890625 0.0140625 0.01875
0 0.303125 0.23125 0.0140625 0.03203125
0 0.6015625 0.23125 0.0140625 0.01875
0 0.2453125 0.23125 0.0046875 0.0140625
0 0.4328125 0.23828125 0.009375 0.0234375
0 0.54609375 0.23828125 0.01875 0.03203125
0 0.37265625 0.23828125 0.009375 0.0140625
0 0.634375 0.23828125 0.0140625 0.0234375
0 0.3265625 0.240625 0.0140625 0.028125
0 0.678125 0.2453125 0.0140625 0.0234375
0 0.53046875 0.24765625 0.0140625 0.0234375
0 0.43984375 0.24765625 0.0140625 0.0234375
0 0.62265625 0.25 0.01875 0.028125
0 0.29140625 0.25 0.01875 0.03671875
0 0.34453125 0.25234375 0.0140625 0.028125
0 0.19921875 0.2546875 0.01875 0.0234375
0 0.28046875 0.2546875 0.01875 0.028125
0 0.2109375 0.25703125 0.0140625 0.0234375
0 0.46953125 0.259375 0.0140625 0.03203125
0 0.25 0.26171875 0.0140625 0.0234375
0 0.64375 0.26171875 0.0140625 0.028125
0 0.33359375 0.2640625 0.01875 0.03203125
0 0.43984375 0.2640625 0.0140625 0.01875
0 0.60390625 0.26640625 0.0140625 0.03203125
0 0.36796875 0.26640625 0.01875 0.04140625
0 0.509375 0.27109375 0.01875 0.03203125
0 0.4859375 0.2734375 0.01875 0.028125
0 0.53671875 0.2734375 0.009375 0.0234375
0 0.58828125 0.2734375 0.01875 0.0234375
0 0.4421875 0.278125 0.0140625 0.01875
0 0.54375 0.28046875 0.0140625 0.03671875
0 0.2890625 0.28203125 0.0140625 0.0234375
0 0.19453125 0.28671875 0.01875 0.03671875
0 0.26875 0.28671875 0.0140625 0.0234375
0 0.21796875 0.28671875 0.01875 0.03203125
0 0.40078125 0.2890625 0.0140625 0.03671875
0 0.3265625 0.2890625 0.0140625 0.028125
0 0.56015625 0.2890625 0.01875 0.04140625
0 0.11796875 0.29140625 0.0234375 0.04609375
0 0.61796875 0.29140625 0.0140625 0.01875
0 0.39375 0.29140625 0.0140625 0.04140625
0 0.65546875 0.29140625 0.0140625 0.04140625
0 0.34296875 0.29609375 0.01875 0.03671875