0 0.52109375 0.15703125 0.06953125 0.08359375
0 0.6484375 0.16875 0.05078125 0.07890625
0 0.19453125 0.17109375 0.06484375 0.09296875
0 0.39375 0.17578125 0.05546875 0.07890625
0 0.778125 0.18046875 0.06484375 0.07421875
0 0.29609375 0.20390625 0.05078125 0.08828125
0 0.64375 0.31484375 0.06953125 0.096875
0 0.715625 0.32421875 0.06015625 0.08359375
0 0.2453125 0.32421875 0.06015625 0.08359375
0 0.33828125 0.3359375 0.06015625 0.08828125
0 0.428125 0.34453125 0.06953125 0.06484375
0 0.5234375 0.3796875 0.06015625 0.07890625
0 0.32421875 0.48125 0.06015625 0.096875
0 0.50234375 0.48359375 0.06953125 0.10625
0 0.625 0.490625 0.07421875 0.1015625
0 0.40703125 0.49296875 0.06015625 0.096875