0 0.73828125 0.11328125 0.028125 0.04609375
0 0.7984375 0.115625 0.028125 0.03671875
0 0.84296875 0.11796875 0.04140625 0.06484375
0 0.884375 0.11796875 0.04140625 0.05546875
0 0.4765625 0.11796875 0.028125 0.03203125
0 0.9671875 0.13359375 0.065625 0.0828125
0 0.70390625 0.1390625 0.05078125 0.06953125
0 0.78671875 0.14375 0.06015625 0.06484375
0 0.365625 0.15078125 0.03203125 0.05078125
0 0.33359375 0.17578125 0.0234375 0.03671875
0 0.18046875 0.17578125 0.028125 0.03203125
0 0.0671875 0.20859375 0.04140625 0.05078125
0 0.125 0.22890625 0.04609375 0.06015625
0 0.03046875 0.23828125 0.04609375 0.04609375
0 0.02578125 0.278125 0.05078125 0.07890625
0 0.78671875 0.2890625 0.096875 0.1390625
0 0.534375 0.31015625 0.05078125 0.05546875
0 0.42578125 0.3125 0.05078125 0.06015625
0 0.17109375 0.33828125 0.06015625 0.06953125
0 0.6484375 0.340625 0.06484375 0.08359375
0 0.04140625 0.3609375 0.06484375 0.09296875
0 0.56015625 0.41171875 0.07421875 0.1203125
0 0.41171875 0.4953125 0.1109375 0.14375
0 0.17109375 0.528125 0.10625 0.15703125
0 0.04609375 0.06015625 0.028125 0.04140625
0 0.26875 0.06015625 0.0140625 0.01875
0 0.07421875 0.06953125 0.01875 0.028125
0 0.1109375 0.06953125 0.01875 0.028125
0 0.14609375 0.07421875 0.03203125 0.03203125
0 0.09296875 0.07421875 0.01875 0.028125
0 0.1828125 0.07890625 0.0140625 0.028125
0 0.52578125 0.07890625 0.01875 0.0234375
0 0.20859375 0.08125 0.0234375 0.03203125
0 0.32890625 0.0859375 0.0234375 0.03671875
0 0.48828125 0.0859375 0.01875 0.0234375
0 0.6921875 0.0859375 0.028125 0.028125
0 0.50703125 0.08828125 0.0140625 0.03203125
0 0.76875 0.090625 0.03203125 0.04609375
0 0.91640625 0.090625 0.05078125 0.06953125
0 0.71953125 0.09296875 0.028125 0.03203125
0 0.346875 0.09296875 0.0140625 0.028125
0 0.3703125 0.09453125 0.0140625 0.028125
0 0.45859375 0.09453125 0.0234375 0.03203125