0 0.553125 0.16640625 0.07421875 0.1390625
0 0.39140625 0.1921875 0.08828125 0.153125
0 0.9515625 0.20859375 0.06484375 0.1296875
0 0.3609375 0.3359375 0.1015625 0.153125
0 0.1828125 0.340625 0.08828125 0.15703125
0 0.70625 0.34453125 0.09296875 0.16640625
0 0.85859375 0.3609375 0.07890625 0.16171875
0 0.38828125 0.0390625 0.0609375 0.078125
0 0.97890625 0.39609375 0.04140625 0.14375
0 0.51875 0.409375 0.06953125 0.1203125
0 0.64296875 0.04375 0.0546875 0.0875
0 0.8046875 0.04609375 0.065625 0.0921875
0 0.40546875 0.4953125 0.09296875 0.17109375
0 0.509375 0.053125 0.06484375 0.08828125
0 0.77109375 0.528125 0.08828125 0.17109375
0 0.596875 0.53046875 0.1015625 0.16640625
0 0.04609375 0.559375 0.0921875 0.153125
0 0.2640625 0.56953125 0.1015625 0.16640625
0 0.95625 0.59453125 0.08359375 0.17578125
0 0.13671875 0.06484375 0.07890625 0.1296875
0 0.96484375 0.08046875 0.0703125 0.0921875
0 0.971875 0.83828125 0.05546875 0.18515625
0 0.70625 0.84453125 0.09296875 0.15703125
0 0.2546875 0.87734375 0.125 0.20859375
0 0.48125 0.88203125 0.125 0.21796875
0 0.25234375 0.10859375 0.07890625 0.134375
0 0.053125 0.15546875 0.08828125 0.1390625
0 0.7984375 0.159375 0.08359375 0.134375
0 0.2015625 0.16171875 0.07890625 0.134375
0 0.678125 0.16171875 0.07421875 0.134375