0 0.153125 0.1875 0.01875 0.03671875
0 0.07421875 0.2015625 0.028125 0.05546875
0 0.10859375 0.2015625 0.0234375 0.04609375
0 0.2984375 0.221875 0.03203125 0.05078125
0 0.33359375 0.22890625 0.0234375 0.03203125
0 0.365625 0.23125 0.0234375 0.05078125
0 0.41875 0.23125 0.0234375 0.04609375
0 0.03203125 0.23828125 0.03203125 0.05078125
0 0.4609375 0.24296875 0.0234375 0.04609375
0 0.5046875 0.24296875 0.03203125 0.05546875
0 0.1484375 0.2453125 0.028125 0.03671875
0 0.2546875 0.24765625 0.028125 0.04140625
0 0.2265625 0.25 0.0234375 0.05546875
0 0.5671875 0.25234375 0.028125 0.05078125
0 0.54140625 0.259375 0.0234375 0.04140625
0 0.196875 0.259375 0.028125 0.05546875
0 0.32421875 0.2734375 0.028125 0.04140625
0 0.16875 0.27578125 0.03203125 0.04609375
0 0.821875 0.29609375 0.03203125 0.08359375
0 0.8609375 0.303125 0.028125 0.06484375
0 0.25 0.303125 0.03203125 0.05546875
0 0.509375 0.3078125 0.028125 0.05078125
0 0.8984375 0.31015625 0.03203125 0.08359375
0 0.1015625 0.31484375 0.028125 0.04140625
0 0.14375 0.31484375 0.03671875 0.06015625
0 0.4515625 0.31953125 0.03203125 0.06953125
0 0.16875 0.321875 0.0234375 0.05078125
0 0.01640625 0.3265625 0.03203125 0.07421875
0 0.28671875 0.3265625 0.04140625 0.06484375
0 0.659375 0.32890625 0.06015625 0.08359375
0 0.58125 0.33125 0.03671875 0.07421875
0 0.384375 0.3359375 0.04609375 0.03671875
0 0.95859375 0.340625 0.028125 0.06953125
0 0.7109375 0.34296875 0.03671875 0.06953125
0 0.33828125 0.34453125 0.03203125 0.07421875
0 0.55546875 0.346875 0.04140625 0.09296875
0 0.97890625 0.3609375 0.03203125 0.08359375
0 0.4765625 0.365625 0.03671875 0.06953125
0 0.10390625 0.37734375 0.04609375 0.05078125
0 0.35625 0.3796875 0.0234375 0.05546875
0 0.5234375 0.38203125 0.04140625 0.096875
0 0.77578125 0.39140625 0.04609375 0.10625
0 0.178125 0.39140625 0.03671875 0.06484375
0 0.43984375 0.40546875 0.03671875 0.07421875
0 0.2453125 0.41171875 0.028125 0.07421875
0 0.86328125 0.4234375 0.05078125 0.06484375
0 0.38671875 0.43046875 0.05078125 0.07421875
0 0.27109375 0.4328125 0.04609375 0.06953125
0 0.08125 0.43515625 0.05078125 0.096875
0 0.634375 0.446875 0.05078125 0.1015625
0 0.2015625 0.46328125 0.05078125 0.08828125
0 0.034375 0.48125 0.06484375 0.096875
0 0.94453125 0.50703125 0.05078125 0.1203125
0 0.31015625 0.50703125 0.05078125 0.05078125
0 0.54375 0.50703125 0.05078125 0.096875
0 0.178125 0.51875 0.07890625 0.07421875
0 0.8890625 0.53203125 0.05078125 0.09296875
0 0.321875 0.57421875 0.05546875 0.07890625
0 0.840625 0.5859375 0.05546875 0.1109375
0 0.4375 0.60859375 0.06484375 0.125
0 0.528125 0.74765625 0.08828125 0.1484375
0 0.98125 0.91875 0.03671875 0.15703125