0 0.08359375 0.125 0.05078125 0.07421875
0 0.3171875 0.13203125 0.05078125 0.09296875
0 0.4421875 0.134375 0.04609375 0.06953125
0 0.8125 0.14609375 0.05078125 0.07890625
0 0.73828125 0.01640625 0.03671875 0.03203125
0 0.178125 0.16875 0.05546875 0.08828125
0 0.678125 0.18984375 0.05546875 0.08359375
0 0.55078125 0.23359375 0.06015625 0.09296875
0 0.42578125 0.2359375 0.05546875 0.09296875
0 0.3125 0.2546875 0.06015625 0.08359375
0 0.0859375 0.26875 0.05078125 0.07421875
0 0.81953125 0.30078125 0.07890625 0.10625
0 0.08046875 0.03203125 0.0453125 0.0640625
0 0.9515625 0.3265625 0.05078125 0.08828125
0 0.196875 0.33359375 0.05546875 0.07890625
0 0.57890625 0.36796875 0.06015625 0.08828125
0 0.43515625 0.38203125 0.04609375 0.08359375
0 0.56640625 0.0390625 0.0453125 0.078125
0 0.428125 0.0390625 0.04609375 0.06484375
0 0.303125 0.41875 0.05078125 0.08828125
0 0.12265625 0.4375 0.06015625 0.08828125
0 0.62734375 0.471875 0.05078125 0.06953125
0 0.8359375 0.48828125 0.06484375 0.096875
0 0.375 0.5140625 0.05546875 0.09296875
0 0.965625 0.5140625 0.05078125 0.08359375
0 0.8703125 0.05546875 0.05546875 0.08359375
0 0.2015625 0.57421875 0.06484375 0.08828125
0 0.509375 0.590625 0.05078125 0.07421875
0 0.6203125 0.06015625 0.06484375 0.08359375
0 0.0484375 0.62265625 0.06484375 0.09296875
0 0.7546875 0.64140625 0.06953125 0.10625
0 0.59921875 0.6921875 0.07421875 0.1203125
0 0.909375 0.69921875 0.05546875 0.10625
0 0.4515625 0.70390625 0.06953125 0.09296875
0 0.1109375 0.75703125 0.06953125 0.10625
0 0.215625 0.0765625 0.05078125 0.08359375
0 0.2453125 0.7640625 0.07421875 0.10625
0 0.83125 0.8515625 0.06015625 0.1015625
0 0.95390625 0.86328125 0.06015625 0.10625
0 0.4328125 0.8703125 0.07421875 0.10625
0 0.6296875 0.93046875 0.07421875 0.115625