0 0.93046875 0.3265625 0.009375 0.01875
0 0.05546875 0.34296875 0.05546875 0.06953125
0 0.971875 0.34921875 0.009375 0.009375
0 0.35390625 0.35390625 0.05078125 0.06953125
0 0.56953125 0.35390625 0.028125 0.03671875
0 0.821875 0.35625 0.0140625 0.01875
0 0.78203125 0.35625 0.0140625 0.0234375
0 0.97890625 0.35859375 0.009375 0.0140625
0 0.99296875 0.35859375 0.009375 0.0140625
0 0.85859375 0.35859375 0.01875 0.028125
0 0.89140625 0.36328125 0.0234375 0.03671875
0 0.6875 0.365625 0.0234375 0.04140625
0 0.7984375 0.3703125 0.0140625 0.01875
0 0.93046875 0.37265625 0.0234375 0.04140625
0 0.76875 0.375 0.0234375 0.03203125
0 0.840625 0.37734375 0.01875 0.03203125
0 0.78671875 0.37734375 0.009375 0.01875
0 0.8796875 0.3796875 0.0234375 0.03671875
0 0.8171875 0.38203125 0.0140625 0.028125
0 0.721875 0.38203125 0.0234375 0.0234375
0 0.51171875 0.38203125 0.0140625 0.0234375
0 0.91875 0.384375 0.0140625 0.0234375
0 0.28203125 0.384375 0.0234375 0.03203125
0 0.740625 0.384375 0.0140625 0.01875
0 0.3984375 0.38671875 0.0234375 0.04140625
0 0.03671875 0.38671875 0.01875 0.03203125
0 0.41640625 0.38671875 0.0234375 0.03203125
0 0.75 0.38671875 0.0140625 0.0234375
0 0.971875 0.3890625 0.028125 0.05078125
0 0.24296875 0.3890625 0.0140625 0.0234375
0 0.45390625 0.3890625 0.0234375 0.03203125
0 0.09296875 0.3890625 0.0140625 0.0234375
0 0.47421875 0.39375 0.0234375 0.03203125
0 0.66171875 0.39375 0.0140625 0.0234375
0 0.37734375 0.39375 0.0234375 0.03203125
0 0.80546875 0.39609375 0.0140625 0.0234375
0 0.49296875 0.39609375 0.0140625 0.0234375
0 0.61328125 0.3984375 0.0234375 0.03671875
0 0.27109375 0.3984375 0.01875 0.028125
0 0.33828125 0.40078125 0.0234375 0.03203125
0 0.64140625 0.40078125 0.0140625 0.0234375
0 0.13671875 0.403125 0.009375 0.009375
0 0.08828125 0.403125 0.01875 0.0234375
0 0.23828125 0.403125 0.0234375 0.03203125
0 0.10625 0.40546875 0.0140625 0.01875
0 0.196875 0.40546875 0.01875 0.0234375
0 0.32421875 0.40703125 0.0140625 0.01875
0 0.29140625 0.409375 0.0234375 0.03203125
0 0.740625 0.409375 0.01875 0.03203125
0 0.1203125 0.41171875 0.0140625 0.028125
0 0.3171875 0.41171875 0.009375 0.0234375
0 0.8984375 0.41171875 0.0234375 0.03203125
0 0.21328125 0.41171875 0.009375 0.01875
0 0.509375 0.41171875 0.0140625 0.01875
0 0.15546875 0.4140625 0.0234375 0.03203125
0 0.52109375 0.4140625 0.0140625 0.03203125
0 0.134375 0.41875 0.0140625 0.01875
0 0.53671875 0.4234375 0.01875 0.028125
0 0.48828125 0.42578125 0.0234375 0.03203125
0 0.18046875 0.42578125 0.01875 0.028125
0 0.784375 0.4421875 0.028125 0.04140625
0 0.21328125 0.44453125 0.03203125 0.04140625
0 0.10390625 0.44921875 0.01875 0.03671875
0 0.75234375 0.4609375 0.01875 0.03203125
0 0.7265625 0.47421875 0.028125 0.03671875
0 0.625 0.4765625 0.01875 0.03203125
0 0.60859375 0.49296875 0.0234375 0.04140625
0 0.61328125 0.53671875 0.0234375 0.03203125