0 0.6203125 0.528125 0.009375 0.009375
0 0.759375 0.53046875 0.009375 0.0140625
0 0.0859375 0.53046875 0.009375 0.009375
0 0.68515625 0.53046875 0.009375 0.009375
0 0.6109375 0.53046875 0.0046875 0.009375
0 0.84921875 0.53046875 0.009375 0.0140625
0 0.04140625 0.53203125 0.009375 0.0140625
0 0.09453125 0.53203125 0.009375 0.009375
0 0.14609375 0.53203125 0.0046875 0.009375
0 0.59296875 0.53203125 0.009375 0.009375
0 0.3984375 0.53203125 0.009375 0.009375
0 0.384375 0.53203125 0.009375 0.009375
0 0.58125 0.53203125 0.0046875 0.009375
0 0.64375 0.53203125 0.0046875 0.0046875
0 0.78671875 0.53203125 0.0046875 0.009375
0 0.5765625 0.534375 0.009375 0.009375
0 0.82421875 0.534375 0.009375 0.009375
0 0.74296875 0.534375 0.009375 0.009375
0 0.7359375 0.534375 0.0046875 0.009375
0 0.5671875 0.534375 0.009375 0.009375
0 0.79375 0.534375 0.009375 0.009375
0 0.634375 0.534375 0.0046875 0.009375
0 0.28046875 0.534375 0.0046875 0.009375
0 0.33125 0.53671875 0.0046875 0.009375
0 0.625 0.53671875 0.0046875 0.009375
0 0.65078125 0.53671875 0.0046875 0.009375
0 0.66171875 0.53671875 0.0046875 0.009375
0 0.7265625 0.53671875 0.009375 0.0140625
0 0.409375 0.53671875 0.009375 0.009375
0 0.340625 0.53671875 0.0046875 0.009375
0 0.55078125 0.53671875 0.0046875 0.009375
0 0.67578125 0.53671875 0.0046875 0.009375
0 0.428125 0.53671875 0.0046875 0.009375
0 0.403125 0.53671875 0.0046875 0.009375
0 0.7984375 0.5390625 0.009375 0.009375
0 0.259375 0.5390625 0.0046875 0.009375
0 0.81953125 0.5390625 0.0046875 0.009375
0 0.48828125 0.5390625 0.0046875 0.009375
0 0.50703125 0.5390625 0.0046875 0.0046875
0 0.78203125 0.5390625 0.009375 0.009375
0 0.76875 0.54140625 0.0046875 0.0046875
0 0.84453125 0.54140625 0.009375 0.009375
0 0.53671875 0.54140625 0.009375 0.0046875
0 0.69453125 0.54140625 0.009375 0.009375
0 0.71796875 0.54140625 0.0046875 0.0046875
0 0.46328125 0.54140625 0.0046875 0.0046875
0 0.53046875 0.54140625 0.0046875 0.0046875
0 0.4421875 0.54140625 0.0046875 0.009375
0 0.3265625 0.54375 0.0046875 0.0046875
0 0.7640625 0.54375 0.0046875 0.0046875
0 0.51640625 0.54375 0.009375 0.009375
0 0.5234375 0.54375 0.0046875 0.0046875
0 0.43984375 0.54375 0.0046875 0.0046875
0 0.56015625 0.54375 0.0046875 0.0046875
0 0.5046875 0.54609375 0.0046875 0.009375
0 0.3171875 0.54609375 0.009375 0.0140625
0 0.46953125 0.54609375 0.0046875 0.009375
0 0.4765625 0.54609375 0.0046875 0.009375
0 0.46328125 0.5578125 0.009375 0.009375
0 0.4953125 0.60390625 0.009375 0.0140625
0 0.51640625 0.60625 0.0046875 0.009375
0 0.509375 0.60859375 0.0046875 0.009375
0 0.5390625 0.60859375 0.0046875 0.009375
0 0.45625 0.61328125 0.0046875 0.009375
0 0.46953125 0.61328125 0.0046875 0.009375
0 0.35859375 0.63671875 0.009375 0.009375
0 0.65546875 0.6390625 0.009375 0.009375
0 0.61796875 0.653125 0.009375 0.009375
0 0.68046875 0.66171875 0.0046875 0.0046875
0 0.68515625 0.6640625 0.0046875 0.0046875
0 0.6921875 0.6640625 0.0046875 0.009375
0 0.678125 0.66640625 0.0046875 0.009375
0 0.70390625 0.66875 0.0046875 0.0046875
0 0.34921875 0.67109375 0.009375 0.0140625
0 0.68046875 0.67109375 0.0046875 0.009375
0 0.696875 0.67109375 0.0046875 0.009375
0 0.34453125 0.67109375 0.0046875 0.0140625
0 0.68984375 0.6734375 0.0046875 0.0046875
0 0.65078125 0.67578125 0.009375 0.0140625
0 0.71953125 0.678125 0.0046875 0.009375
0 0.2546875 0.68046875 0.0046875 0.009375
0 0.259375 0.68046875 0.0046875 0.009375
0 0.70390625 0.6828125 0.009375 0.009375
0 0.303125 0.6828125 0.0046875 0.009375
0 0.66640625 0.6828125 0.009375 0.009375
0 0.71796875 0.6828125 0.0046875 0.0046875
0 0.76171875 0.68515625 0.009375 0.009375
0 0.77109375 0.68984375 0.0046875 0.009375
0 0.7890625 0.69453125 0.0046875 0.0046875
0 0.20625 0.69453125 0.009375 0.009375
0 0.76875 0.696875 0.0046875 0.009375
0 0.215625 0.696875 0.0046875 0.009375
0 0.80078125 0.696875 0.009375 0.009375
0 0.71328125 0.69921875 0.009375 0.009375
0 0.71953125 0.69921875 0.009375 0.009375
0 0.81484375 0.70390625 0.009375 0.0140625
0 0.27109375 0.70390625 0.0046875 0.009375
0 0.75234375 0.70390625 0.0046875 0.009375
0 0.76875 0.70625 0.009375 0.009375
0 0.3265625 0.70859375 0.0046875 0.009375
0 0.70390625 0.70859375 0.009375 0.0140625
0 0.28203125 0.70859375 0.0046875 0.009375
0 0.52109375 0.70859375 0.0046875 0.009375
0 0.80078125 0.7109375 0.009375 0.009375
0 0.259375 0.7109375 0.0046875 0.009375
0 0.4609375 0.7109375 0.009375 0.009375
0 0.6921875 0.71328125 0.009375 0.009375
0 0.846875 0.71328125 0.009375 0.0140625
0 0.27109375 0.715625 0.0046875 0.009375
0 0.7359375 0.715625 0.009375 0.0140625
0 0.58125 0.71796875 0.0046875 0.0140625
0 0.17578125 0.71796875 0.009375 0.0140625
0 0.865625 0.71953125 0.009375 0.0140625
0 0.303125 0.71953125 0.009375 0.009375
0 0.58828125 0.71953125 0.0046875 0.009375
0 0.67578125 0.71953125 0.009375 0.009375
0 0.465625 0.71953125 0.009375 0.0140625
0 0.69921875 0.71953125 0.009375 0.009375
0 0.53203125 0.71953125 0.0046875 0.009375
0 0.56484375 0.71953125 0.009375 0.0140625
0 0.63203125 0.721875 0.009375 0.009375
0 0.66875 0.721875 0.009375 0.009375
0 0.68515625 0.721875 0.0046875 0.0140625
0 0.053125 0.721875 0.009375 0.0140625
0 0.7890625 0.721875 0.009375 0.0140625
0 0.30078125 0.72421875 0.009375 0.009375
0 0.65078125 0.7265625 0.009375 0.0140625
0 0.84921875 0.7265625 0.009375 0.0140625
0 0.5578125 0.7265625 0.009375 0.0140625
0 0.8171875 0.7265625 0.009375 0.0140625
0 0.178125 0.7265625 0.0046875 0.009375
0 0.6390625 0.72890625 0.009375 0.009375
0 0.66640625 0.72890625 0.009375 0.0046875
0 0.16640625 0.73125 0.009375 0.0140625
0 0.30546875 0.73125 0.0046875 0.0140625
0 0.29609375 0.73125 0.009375 0.009375
0 0.2109375 0.73359375 0.0046875 0.009375
0 0.66640625 0.7359375 0.009375 0.009375
0 0.740625 0.73828125 0.009375 0.0140625
0 0.71796875 0.73828125 0.009375 0.0140625
0 0.13203125 0.73828125 0.009375 0.01875
0 0.85859375 0.73828125 0.009375 0.0140625
0 0.56015625 0.73828125 0.0046875 0.0140625
0 0.75234375 0.73828125 0.009375 0.009375
0 0.0140625 0.73828125 0.009375 0.01875
0 0.159375 0.740625 0.009375 0.01875
0 0.5859375 0.740625 0.009375 0.0140625
0 0.60859375 0.740625 0.009375 0.01875
0 0.803125 0.740625 0.009375 0.0140625
0 0.784375 0.740625 0.009375 0.009375
0 0.571875 0.740625 0.009375 0.0140625
0 0.840625 0.740625 0.009375 0.01875
0 0.7734375 0.74296875 0.0140625 0.0140625
0 0.8359375 0.74296875 0.009375 0.01875
0 0.81015625 0.74296875 0.009375 0.0140625
0 0.92109375 0.7453125 0.0140625 0.01875
0 0.14140625 0.74765625 0.009375 0.01875
0 0.90546875 0.75 0.009375 0.0140625
0 0.9609375 0.75 0.009375 0.0140625
0 0.884375 0.75 0.009375 0.0140625
0 0.7265625 0.75234375 0.009375 0.0140625
0 0.62734375 0.75234375 0.009375 0.01875
0 0.27578125 0.75703125 0.009375 0.009375
0 0.778125 0.75703125 0.009375 0.0140625
0 0.6875 0.75703125 0.009375 0.0140625
0 0.696875 0.75703125 0.009375 0.0140625
0 0.7453125 0.759375 0.0140625 0.01875
0 0.865625 0.76640625 0.009375 0.01875
0 0.85390625 0.76875 0.0140625 0.0140625
0 0.715625 0.76875 0.009375 0.01875
0 0.79609375 0.76875 0.009375 0.0140625
0 0.12734375 0.76875 0.009375 0.01875
0 0.1203125 0.77109375 0.0140625 0.01875
0 0.6734375 0.77578125 0.009375 0.009375
0 0.28671875 0.778125 0.009375 0.0140625
0 0.15703125 0.78046875 0.0046875 0.0140625
0 0.61328125 0.78046875 0.0140625 0.01875
0 0.01640625 0.78203125 0.0140625 0.01875
0 0.99296875 0.784375 0.0140625 0.0140625
0 0.70859375 0.784375 0.009375 0.0234375
0 0.16875 0.78671875 0.009375 0.01875
0 0.2015625 0.78671875 0.009375 0.01875
0 0.6828125 0.78671875 0.0140625 0.01875
0 0.0046875 0.7890625 0.009375 0.01875
0 0.65546875 0.79375 0.009375 0.01875
0 0.39375 0.79609375 0.0140625 0.01875
0 0.18046875 0.7984375 0.0140625 0.0140625
0 0.3125 0.7984375 0.009375 0.0140625
0 0.61328125 0.80078125 0.009375 0.0140625
0 0.60625 0.803125 0.009375 0.0140625
0 0.715625 0.8078125 0.01875 0.01875
0 0.284375 0.8125 0.01875 0.0234375
0 0.18515625 0.81484375 0.0140625 0.01875
0 0.56953125 0.81484375 0.0140625 0.01875
0 0.553125 0.81953125 0.009375 0.01875
0 0.5625 0.81953125 0.0140625 0.01875
0 0.33359375 0.821875 0.009375 0.01875
0 0.5234375 0.82421875 0.0140625 0.01875
0 0.84921875 0.8265625 0.01875 0.01875
0 0.64140625 0.82890625 0.01875 0.01875
0 0.26640625 0.83359375 0.009375 0.01875
0 0.39375 0.8359375 0.0140625 0.01875
0 0.0484375 0.8359375 0.01875 0.028125
0 0.44453125 0.83828125 0.0140625 0.01875
0 0.9375 0.83828125 0.01875 0.01875
0 0.06953125 0.83828125 0.01875 0.028125
0 0.90703125 0.840625 0.01875 0.028125
0 0.92578125 0.840625 0.0234375 0.028125
0 0.8078125 0.84296875 0.0140625 0.028125
0 0.74296875 0.84296875 0.0140625 0.0140625
0 0.5234375 0.84453125 0.0140625 0.01875
0 0.778125 0.85625 0.0140625 0.0234375
0 0.74765625 0.8609375 0.01875 0.0234375
0 0.71953125 0.87734375 0.01875 0.028125
0 0.221875 0.88203125 0.01875 0.0234375
0 0.98828125 0.884375 0.0234375 0.028125
0 0.66875 0.88671875 0.01875 0.028125
0 0.634375 0.8890625 0.01875 0.0234375
0 0.159375 0.89140625 0.01875 0.0234375
0 0.553125 0.903125 0.01875 0.028125
0 0.18515625 0.93515625 0.0140625 0.0234375
0 0.99296875 0.93984375 0.0140625 0.028125
0 0.33828125 0.9421875 0.01875 0.03203125
0 0.36796875 0.94921875 0.0140625 0.03203125
0 0.01640625 0.9609375 0.03203125 0.05078125