0 0.53046875 0.490625 0.0046875 0.009375
0 0.534375 0.490625 0.0046875 0.009375
0 0.47421875 0.490625 0.009375 0.009375
0 0.46328125 0.49296875 0.009375 0.0046875
0 0.44453125 0.4953125 0.0046875 0.009375
0 0.49296875 0.4953125 0.0046875 0.0140625
0 0.48359375 0.49765625 0.009375 0.0140625
0 0.5046875 0.49765625 0.0046875 0.009375
0 0.46796875 0.5 0.0046875 0.009375
0 0.4328125 0.50234375 0.009375 0.01875
0 0.5625 0.50234375 0.0140625 0.0140625
0 0.45390625 0.50234375 0.009375 0.0140625
0 0.54140625 0.5046875 0.0140625 0.0140625
0 0.403125 0.5046875 0.0140625 0.0140625
0 0.52109375 0.509375 0.0140625 0.01875
0 0.31953125 0.5140625 0.009375 0.01875
0 0.653125 0.51640625 0.01875 0.01875
0 0.46328125 0.51640625 0.009375 0.01875
0 0.571875 0.51875 0.01875 0.0140625
0 0.29609375 0.51875 0.0140625 0.01875
0 0.59453125 0.51875 0.0140625 0.01875
0 0.740625 0.52109375 0.0140625 0.0234375
0 0.4421875 0.52109375 0.0140625 0.01875
0 0.48125 0.5234375 0.0140625 0.0234375
0 0.50703125 0.5234375 0.009375 0.01875
0 0.53046875 0.5234375 0.0140625 0.01875
0 0.34296875 0.52578125 0.01875 0.028125
0 0.4953125 0.52578125 0.0140625 0.01875
0 0.40703125 0.528125 0.01875 0.01875
0 0.721875 0.53046875 0.0140625 0.01875
0 0.31015625 0.53203125 0.0140625 0.01875
0 0.57890625 0.53203125 0.01875 0.0140625
0 0.596875 0.53203125 0.0140625 0.009375
0 0.13671875 0.534375 0.028125 0.04140625
0 0.61328125 0.534375 0.0140625 0.01875
0 0.375 0.534375 0.01875 0.0234375
0 0.46953125 0.5390625 0.01875 0.01875
0 0.553125 0.54140625 0.01875 0.03203125
0 0.52578125 0.54140625 0.01875 0.03203125
0 0.65546875 0.54375 0.0140625 0.0234375
0 0.6296875 0.54609375 0.0234375 0.04140625
0 0.35625 0.54609375 0.0234375 0.01875
0 0.72421875 0.5484375 0.01875 0.028125
0 0.42578125 0.55078125 0.01875 0.03671875
0 0.509375 0.553125 0.0234375 0.03671875
0 0.284375 0.55546875 0.0234375 0.04140625
0 0.26171875 0.55546875 0.0234375 0.03203125
0 0.49296875 0.5578125 0.01875 0.03671875
0 0.321875 0.56015625 0.0234375 0.03671875
0 0.409375 0.56015625 0.0234375 0.03671875
0 0.303125 0.5625 0.0234375 0.03203125
0 0.1203125 0.56484375 0.0234375 0.03671875
0 0.59453125 0.56484375 0.03203125 0.03671875
0 0.68984375 0.56484375 0.01875 0.03671875
0 0.1734375 0.5671875 0.028125 0.03203125
0 0.221875 0.5671875 0.028125 0.03671875
0 0.85859375 0.5671875 0.03203125 0.06015625
0 0.4609375 0.56953125 0.028125 0.04609375
0 0.09921875 0.56953125 0.04140625 0.04140625
0 0.65546875 0.56953125 0.0234375 0.028125
0 0.571875 0.57421875 0.01875 0.04140625
0 0.79140625 0.57890625 0.03671875 0.03671875
0 0.25234375 0.5859375 0.0234375 0.04140625
0 0.51640625 0.5859375 0.0234375 0.028125
0 0.35390625 0.58828125 0.0234375 0.04140625
0 0.7015625 0.58828125 0.01875 0.04609375
0 0.73125 0.59296875 0.03203125 0.05546875
0 0.071875 0.615625 0.03671875 0.06484375
0 0.409375 0.6203125 0.04140625 0.06953125
0 0.31015625 0.62734375 0.03203125 0.06015625
0 0.6296875 0.62734375 0.06015625 0.08359375
0 0.5390625 0.62734375 0.03671875 0.05078125
0 0.80546875 0.6296875 0.04609375 0.06015625
0 0.49765625 0.634375 0.05078125 0.07890625
0 0.17109375 0.64140625 0.03203125 0.05078125
0 0.89140625 0.64140625 0.05078125 0.06953125
0 0.21328125 0.64375 0.04140625 0.07421875
0 0.02578125 0.65703125 0.05078125 0.08359375
0 0.11796875 0.65703125 0.04609375 0.06953125
0 0.98828125 0.66171875 0.0234375 0.1296875
0 0.72421875 0.678125 0.06015625 0.07890625
0 0.38671875 0.68984375 0.05078125 0.06015625
0 0.83125 0.69453125 0.07421875 0.10625
0 0.553125 0.74765625 0.06484375 0.1015625
0 0.26875 0.759375 0.07421875 0.1296875
0 0.70625 0.7734375 0.07421875 0.1109375
0 0.0484375 0.77578125 0.07890625 0.1390625
0 0.37734375 0.81015625 0.07890625 0.1109375