0 0.29140625 0.11796875 0.05078125 0.07421875
0 0.34921875 0.0140625 0.028125 0.028125
0 0.1921875 0.0140625 0.03671875 0.028125
0 0.96796875 0.1828125 0.06015625 0.06953125
0 0.15546875 0.196875 0.04609375 0.05546875
0 0.26171875 0.21796875 0.03203125 0.05078125
0 0.25 0.24765625 0.03671875 0.05078125
0 0.659375 0.28671875 0.04140625 0.06953125
0 0.05546875 0.29140625 0.05078125 0.06015625
0 0.13203125 0.29609375 0.04140625 0.06484375
0 0.2359375 0.303125 0.04140625 0.05078125
0 0.37265625 0.3078125 0.03671875 0.04609375
0 0.97421875 0.31953125 0.05078125 0.06953125
0 0.028125 0.321875 0.04609375 0.05546875
0 0.74765625 0.321875 0.04140625 0.06953125
0 0.08828125 0.340625 0.05078125 0.05546875
0 0.5578125 0.34453125 0.04140625 0.05546875
0 0.21796875 0.34453125 0.04140625 0.06015625
0 0.17578125 0.40078125 0.04609375 0.06015625
0 0.946875 0.4765625 0.04609375 0.07890625
0 0.15703125 0.4859375 0.05078125 0.06015625
0 0.284375 0.5234375 0.03671875 0.06484375
0 0.08359375 0.5390625 0.05078125 0.05546875
0 0.89609375 0.5765625 0.05546875 0.07421875
0 0.68984375 0.58125 0.03671875 0.05546875
0 0.0765625 0.59453125 0.03671875 0.05078125
0 0.12734375 0.06015625 0.04140625 0.06015625
0 0.04609375 0.61796875 0.05546875 0.06015625
0 0.37265625 0.0625 0.04609375 0.05546875
0 0.909375 0.63203125 0.03671875 0.04609375
0 0.0140625 0.64609375 0.028125 0.06953125
0 0.24765625 0.6640625 0.04609375 0.06484375
0 0.90546875 0.6734375 0.04140625 0.06015625
0 0.07890625 0.73359375 0.04609375 0.05078125
0 0.865625 0.77109375 0.05078125 0.06484375
0 0.80546875 0.81015625 0.04609375 0.05078125
0 0.0140625 0.81015625 0.028125 0.05078125
0 0.053125 0.81484375 0.04609375 0.06015625
0 0.85390625 0.85859375 0.07421875 0.06484375
0 0.2109375 0.09296875 0.04140625 0.05078125