0 0.384375 0.10625 0.03203125 0.04140625
0 0.1828125 0.10625 0.03671875 0.05078125
0 0.90546875 0.10859375 0.03203125 0.04609375
0 0.634375 0.11328125 0.028125 0.05078125
0 0.0390625 0.11328125 0.03203125 0.04140625
0 0.50234375 0.115625 0.028125 0.04140625
0 0.4328125 0.1203125 0.028125 0.03671875
0 0.3078125 0.12265625 0.028125 0.05078125
0 0.215625 0.1390625 0.03203125 0.06015625
0 0.55546875 0.14609375 0.028125 0.04140625
0 0.77578125 0.14609375 0.028125 0.04140625
0 0.49296875 0.1484375 0.028125 0.05078125
0 0.4234375 0.15546875 0.028125 0.04140625
0 0.14375 0.01640625 0.028125 0.03203125
0 0.3515625 0.1734375 0.028125 0.04609375
0 0.78203125 0.01875 0.028125 0.03203125
0 0.84453125 0.01875 0.028125 0.03671875
0 0.9859375 0.01875 0.028125 0.03671875
0 0.9859375 0.1921875 0.028125 0.05078125
0 0.54375 0.1921875 0.028125 0.04140625
0 0.66171875 0.1921875 0.03203125 0.05546875
0 0.90703125 0.1921875 0.03203125 0.05078125
0 0.76640625 0.196875 0.03671875 0.05078125
0 0.13203125 0.2015625 0.04140625 0.04609375
0 0.48125 0.2015625 0.028125 0.05078125
0 0.06015625 0.20625 0.03203125 0.05078125
0 0.58828125 0.02109375 0.028125 0.04140625
0 0.653125 0.02109375 0.028125 0.04140625
0 0.71953125 0.02109375 0.03203125 0.04140625
0 0.51640625 0.02578125 0.03203125 0.04140625
0 0.6921875 0.24765625 0.03203125 0.05078125
0 0.02109375 0.24765625 0.03203125 0.03671875
0 0.39375 0.24765625 0.028125 0.04140625
0 0.20859375 0.25 0.03203125 0.05078125
0 0.2984375 0.25 0.03671875 0.06015625
0 0.45625 0.25234375 0.03671875 0.05546875
0 0.10625 0.25234375 0.03671875 0.05546875
0 0.7640625 0.25234375 0.03203125 0.05078125
0 0.54140625 0.2546875 0.03203125 0.05078125
0 0.60859375 0.259375 0.03671875 0.05078125
0 0.9421875 0.028125 0.03203125 0.04609375
0 0.8171875 0.27109375 0.03203125 0.05078125
0 0.75234375 0.28046875 0.03203125 0.05078125
0 0.59296875 0.29375 0.028125 0.04609375
0 0.5234375 0.29375 0.03203125 0.05078125
0 0.384375 0.29609375 0.03203125 0.06015625
0 0.03046875 0.2984375 0.03203125 0.04140625
0 0.66875 0.303125 0.03671875 0.05078125
0 0.9609375 0.30546875 0.03203125 0.04140625
0 0.17109375 0.3125 0.04140625 0.06015625
0 0.58359375 0.3359375 0.03671875 0.04140625
0 0.06484375 0.35625 0.03203125 0.05078125
0 0.2265625 0.3609375 0.03203125 0.05546875
0 0.48828125 0.365625 0.03203125 0.03671875
0 0.884375 0.36796875 0.03671875 0.04140625
0 0.1390625 0.36796875 0.03203125 0.05546875
0 0.4421875 0.3703125 0.028125 0.04140625
0 0.30546875 0.375 0.03203125 0.05078125
0 0.13671875 0.03671875 0.028125 0.04140625
0 0.971875 0.37734375 0.03671875 0.04140625
0 0.3984375 0.0390625 0.028125 0.04609375
0 0.56484375 0.3890625 0.03671875 0.05546875
0 0.196875 0.403125 0.03203125 0.05078125
0 0.48828125 0.40546875 0.03671875 0.04140625
0 0.259375 0.04140625 0.03671875 0.04609375
0 0.4234375 0.40703125 0.03671875 0.04140625
0 0.740625 0.40703125 0.04140625 0.05078125
0 0.89609375 0.41171875 0.03203125 0.05078125
0 0.97890625 0.4234375 0.04140625 0.05546875
0 0.03671875 0.42578125 0.028125 0.06015625
0 0.3125 0.04375 0.03671875 0.03671875
0 0.11796875 0.428125 0.03203125 0.05078125
0 0.90703125 0.04375 0.03203125 0.04609375
0 0.50703125 0.4421875 0.028125 0.05078125
0 0.17578125 0.44921875 0.03671875 0.05546875
0 0.5765625 0.45390625 0.03671875 0.06015625
0 0.01640625 0.45390625 0.03203125 0.06484375
0 0.0859375 0.45390625 0.03203125 0.06484375
0 0.41171875 0.45625 0.04140625 0.05078125
0 0.26171875 0.45859375 0.03671875 0.05078125
0 0.64609375 0.45859375 0.04140625 0.05078125
0 0.73125 0.465625 0.03671875 0.04140625
0 0.34453125 0.465625 0.03203125 0.05546875
0 0.86796875 0.471875 0.03671875 0.04140625
0 0.54140625 0.50703125 0.03671875 0.05078125
0 0.40546875 0.51640625 0.028125 0.04609375
0 0.87734375 0.51875 0.03671875 0.05078125
0 0.321875 0.5234375 0.03203125 0.04140625
0 0.221875 0.5234375 0.03203125 0.05078125
0 0.0765625 0.52578125 0.028125 0.05546875
0 0.1640625 0.52578125 0.04140625 0.05078125
0 0.97890625 0.528125 0.03671875 0.05546875
0 0.65078125 0.528125 0.03203125 0.05078125
0 0.73359375 0.53046875 0.03671875 0.05078125
0 0.471875 0.534375 0.03203125 0.04140625
0 0.678125 0.05546875 0.028125 0.05546875
0 0.84296875 0.05546875 0.028125 0.04609375
0 0.01640625 0.5671875 0.03203125 0.06015625
0 0.4609375 0.56953125 0.03671875 0.05078125
0 0.63203125 0.56953125 0.03203125 0.04609375
0 0.7984375 0.571875 0.03203125 0.05078125
0 0.7109375 0.57421875 0.03203125 0.05078125
0 0.21328125 0.57890625 0.03203125 0.04609375
0 0.884375 0.58125 0.03671875 0.05078125
0 0.3796875 0.58828125 0.04140625 0.06015625
0 0.55546875 0.58828125 0.03203125 0.05078125
0 0.11796875 0.06015625 0.028125 0.04140625
0 0.13203125 0.59921875 0.03203125 0.05078125
0 0.909375 0.62734375 0.03671875 0.05078125
0 0.32421875 0.634375 0.03671875 0.05546875
0 0.98359375 0.0625 0.028125 0.04140625
0 0.5390625 0.64140625 0.03671875 0.05078125
0 0.4515625 0.64140625 0.03203125 0.05546875
0 0.8265625 0.64375 0.03671875 0.05078125
0 0.65078125 0.64375 0.05078125 0.07421875
0 0.24296875 0.64609375 0.03203125 0.05546875
0 0.18515625 0.0671875 0.03671875 0.04140625
0 0.0671875 0.66171875 0.03671875 0.05078125
0 0.5140625 0.0671875 0.03203125 0.05078125
0 0.21953125 0.68515625 0.03671875 0.04140625
0 0.759375 0.06953125 0.03203125 0.04609375
0 0.45625 0.06953125 0.03203125 0.05546875
0 0.53203125 0.6921875 0.03203125 0.06015625
0 0.01875 0.70625 0.03671875 0.06953125
0 0.27109375 0.70625 0.03203125 0.06015625
0 0.69921875 0.70859375 0.03671875 0.05078125
0 0.79140625 0.715625 0.04609375 0.06484375
0 0.3515625 0.71953125 0.03203125 0.05546875
0 0.97421875 0.7265625 0.03671875 0.05078125
0 0.39609375 0.7265625 0.03671875 0.06015625
0 0.08359375 0.7265625 0.03671875 0.05078125
0 0.61328125 0.73125 0.03203125 0.06015625
0 0.06484375 0.0765625 0.03671875 0.04609375
0 0.87265625 0.7546875 0.04140625 0.05078125
0 0.3265625 0.0765625 0.03203125 0.04140625
0 0.14375 0.78203125 0.03671875 0.06484375
0 0.446875 0.79375 0.03671875 0.06015625
0 0.0671875 0.80078125 0.04140625 0.06953125
0 0.215625 0.803125 0.03671875 0.04140625
0 0.6015625 0.81015625 0.03671875 0.05078125
0 0.090625 0.009375 0.0234375 0.01875
0 0.95625 0.85390625 0.04140625 0.05546875
0 0.5 0.8609375 0.04140625 0.06484375
0 0.86796875 0.865625 0.04609375 0.06015625
0 0.7546875 0.86796875 0.04140625 0.04140625
0 0.11796875 0.8703125 0.04140625 0.05546875
0 0.30078125 0.87265625 0.05078125 0.05546875
0 0.21328125 0.875 0.03671875 0.06015625
0 0.5765625 0.87734375 0.04140625 0.06015625
0 0.67578125 0.87734375 0.04140625 0.05546875
0 0.409375 0.884375 0.04140625 0.05078125
0 0.759375 0.89375 0.04140625 0.03203125
0 0.95625 0.090625 0.03203125 0.04609375
0 0.7015625 0.1015625 0.03671875 0.05078125
0 0.553125 0.10390625 0.0234375 0.03203125