0 0.84296875 0.2453125 0.04140625 0.06015625
0 0.42109375 0.2546875 0.03203125 0.05078125
0 0.51640625 0.259375 0.04140625 0.06953125
0 0.4859375 0.2640625 0.028125 0.04609375
0 0.60859375 0.26875 0.03671875 0.04609375
0 0.25234375 0.27109375 0.03671875 0.04609375
0 0.55546875 0.27109375 0.0234375 0.04609375
0 0.09296875 0.27109375 0.04140625 0.04140625
0 0.215625 0.2734375 0.04140625 0.06015625
0 0.69453125 0.2734375 0.04140625 0.04609375
0 0.159375 0.27578125 0.03203125 0.04609375
0 0.85859375 0.278125 0.028125 0.05078125
0 0.28671875 0.278125 0.03203125 0.05078125
0 0.03671875 0.284375 0.03203125 0.05078125
0 0.81015625 0.284375 0.03671875 0.06484375
0 0.740625 0.284375 0.03203125 0.03203125
0 0.58359375 0.2890625 0.04140625 0.04609375
0 0.98125 0.29140625 0.03671875 0.06484375
0 0.40546875 0.29140625 0.03671875 0.06015625
0 0.17578125 0.29609375 0.03203125 0.04140625
0 0.79375 0.29609375 0.028125 0.04609375
0 0.33828125 0.2984375 0.04140625 0.05078125
0 0.6390625 0.30546875 0.028125 0.04140625
0 0.14375 0.30546875 0.028125 0.05078125
0 0.93515625 0.3078125 0.04140625 0.05546875
0 0.95859375 0.31015625 0.028125 0.04140625
0 0.02109375 0.31015625 0.04140625 0.07421875
0 0.25234375 0.31953125 0.03671875 0.04609375
0 0.1109375 0.321875 0.03203125 0.04609375
0 0.7359375 0.32421875 0.028125 0.04609375
0 0.51171875 0.33125 0.03203125 0.05546875
0 0.7015625 0.33828125 0.03671875 0.06015625