0 0.16875 0.56015625 0.04609375 0.05078125
0 0.65546875 0.56484375 0.03671875 0.01875
0 0.03046875 0.5671875 0.06015625 0.10625
0 0.6921875 0.56953125 0.0234375 0.01875
0 0.21328125 0.56953125 0.03203125 0.04609375
0 0.875 0.5765625 0.0234375 0.04140625
0 0.3265625 0.5859375 0.028125 0.028125
0 0.346875 0.58828125 0.01875 0.0234375
0 0.28671875 0.58828125 0.01875 0.028125
0 0.3890625 0.59296875 0.009375 0.0140625
0 0.58359375 0.59296875 0.01875 0.0234375
0 0.40546875 0.596875 0.01875 0.03203125
0 0.41875 0.596875 0.01875 0.0234375
0 0.5578125 0.596875 0.009375 0.01875
0 0.5484375 0.596875 0.01875 0.0234375
0 0.56484375 0.596875 0.0046875 0.0140625
0 0.60859375 0.59921875 0.01875 0.028125
0 0.25234375 0.6015625 0.05546875 0.07890625
0 0.465625 0.6015625 0.009375 0.009375
0 0.4765625 0.60390625 0.0046875 0.0140625
0 0.44921875 0.60390625 0.009375 0.0140625
0 0.4328125 0.60390625 0.009375 0.0140625
0 0.4859375 0.60390625 0.0140625 0.0140625
0 0.49765625 0.60390625 0.0140625 0.0140625
0 0.678125 0.60390625 0.04609375 0.04140625
0 0.3890625 0.60625 0.0140625 0.0234375
0 0.43515625 0.6109375 0.009375 0.0140625
0 0.528125 0.6109375 0.05078125 0.04140625
0 0.465625 0.6109375 0.009375 0.009375
0 0.8265625 0.61328125 0.07421875 0.10625
0 0.28671875 0.61328125 0.0234375 0.03671875
0 0.3359375 0.615625 0.0234375 0.03671875
0 0.08359375 0.615625 0.05078125 0.06484375
0 0.63203125 0.615625 0.0234375 0.04140625
0 0.4515625 0.625 0.01875 0.03203125
0 0.3609375 0.625 0.0234375 0.03203125
0 0.40703125 0.62734375 0.0234375 0.028125
0 0.97890625 0.65078125 0.04140625 0.10625
0 0.39140625 0.65703125 0.01875 0.03203125
0 0.14609375 0.66875 0.06953125 0.14375
0 0.48828125 0.67109375 0.07421875 0.07890625