0 0.05078125 0.20390625 0.08828125 0.1203125
0 0.5 0.240625 0.08828125 0.1296875
0 0.93984375 0.25 0.05546875 0.08828125
0 0.62265625 0.278125 0.04140625 0.06953125
0 0.8171875 0.278125 0.03203125 0.04609375
0 0.9671875 0.28359375 0.065625 0.1109375
0 0.88671875 0.28671875 0.03203125 0.04140625
0 0.153125 0.29140625 0.06015625 0.07421875
0 0.7265625 0.29140625 0.04140625 0.06953125
0 0.5765625 0.2984375 0.05078125 0.1015625
0 0.29609375 0.31015625 0.06484375 0.06953125
0 0.84453125 0.31015625 0.028125 0.04140625
0 0.78046875 0.31953125 0.03671875 0.04609375
0 0.37734375 0.3265625 0.03671875 0.05078125
0 0.67578125 0.375 0.08359375 0.125
0 0.24296875 0.4859375 0.10625 0.16171875
0 0.715625 0.5625 0.08828125 0.14375