0 0.40546875 0.41640625 0.0046875 0.009375
0 0.23359375 0.41875 0.0046875 0.0046875
0 0.15703125 0.43984375 0.0046875 0.0046875
0 0.1640625 0.44453125 0.0046875 0.0046875
0 0.15546875 0.446875 0.0046875 0.009375
0 0.1734375 0.44921875 0.0046875 0.0046875
0 0.78203125 0.44921875 0.009375 0.009375
0 0.16640625 0.44921875 0.0046875 0.0046875
0 0.16171875 0.4515625 0.0046875 0.0046875
0 0.153125 0.45390625 0.0046875 0.009375
0 0.8359375 0.45625 0.0140625 0.0140625
0 0.15703125 0.45625 0.0046875 0.0046875
0 0.24296875 0.45625 0.0046875 0.0046875
0 0.7890625 0.45625 0.0046875 0.0046875
0 0.84296875 0.45859375 0.009375 0.0140625
0 0.784375 0.45859375 0.0046875 0.009375
0 0.7546875 0.45859375 0.009375 0.009375
0 0.76640625 0.45859375 0.009375 0.009375
0 0.85859375 0.4609375 0.009375 0.009375
0 0.72890625 0.4609375 0.009375 0.009375
0 0.715625 0.4609375 0.009375 0.009375
0 0.7453125 0.4609375 0.009375 0.009375
0 0.15078125 0.4609375 0.0046875 0.0046875
0 0.759375 0.4609375 0.009375 0.009375
0 0.79140625 0.4609375 0.009375 0.009375
0 0.8515625 0.46328125 0.009375 0.0140625
0 0.2109375 0.46328125 0.0046875 0.009375
0 0.22421875 0.46328125 0.0046875 0.009375
0 0.803125 0.46328125 0.009375 0.009375
0 0.21796875 0.46328125 0.0046875 0.009375
0 0.75234375 0.46328125 0.0046875 0.009375
0 0.8796875 0.465625 0.009375 0.0140625
0 0.15703125 0.465625 0.0046875 0.009375
0 0.17109375 0.465625 0.0046875 0.0046875
0 0.91640625 0.465625 0.009375 0.0140625
0 0.19453125 0.465625 0.0046875 0.009375
0 0.2359375 0.465625 0.0046875 0.009375
0 0.2546875 0.465625 0.0046875 0.0140625
0 0.196875 0.465625 0.0046875 0.009375
0 0.28203125 0.465625 0.0046875 0.009375
0 0.625 0.465625 0.0046875 0.009375
0 0.73359375 0.465625 0.0046875 0.009375
0 0.22890625 0.465625 0.0046875 0.0140625
0 0.26875 0.465625 0.0046875 0.009375
0 0.61796875 0.465625 0.0046875 0.009375
0 0.77578125 0.46796875 0.009375 0.009375
0 0.79375 0.46796875 0.0046875 0.0046875
0 0.9421875 0.46796875 0.009375 0.0140625
0 0.28671875 0.46796875 0.009375 0.009375
0 0.6109375 0.46796875 0.0046875 0.009375
0 0.821875 0.46953125 0.009375 0.009375
0 0.72421875 0.46953125 0.009375 0.0140625
0 0.1875 0.46953125 0.009375 0.009375
0 0.27578125 0.46953125 0.009375 0.009375
0 0.696875 0.46953125 0.009375 0.0140625
0 0.17578125 0.471875 0.009375 0.0140625
0 0.153125 0.471875 0.0046875 0.009375
0 0.159375 0.471875 0.0046875 0.0046875
0 0.33359375 0.471875 0.009375 0.0140625
0 0.73828125 0.47421875 0.009375 0.0140625
0 0.2640625 0.47421875 0.009375 0.0140625
0 0.22421875 0.4765625 0.0046875 0.009375
0 0.76875 0.4765625 0.009375 0.0140625
0 0.19921875 0.4765625 0.009375 0.0140625
0 0.29609375 0.4765625 0.009375 0.009375
0 0.25234375 0.47890625 0.0046875 0.0140625
0 0.284375 0.47890625 0.0046875 0.0140625
0 0.115625 0.47890625 0.009375 0.0140625
0 0.16875 0.47890625 0.0046875 0.009375
0 0.3265625 0.47890625 0.009375 0.0140625
0 0.3890625 0.47890625 0.009375 0.0140625
0 0.24296875 0.48125 0.009375 0.0140625
0 0.15546875 0.48125 0.0046875 0.009375
0 0.1390625 0.48125 0.009375 0.0140625
0 0.178125 0.48359375 0.009375 0.0140625
0 0.2734375 0.48359375 0.0046875 0.009375
0 0.29140625 0.48359375 0.0046875 0.009375
0 0.12734375 0.48359375 0.009375 0.0140625
0 0.2109375 0.48359375 0.0046875 0.009375
0 0.37734375 0.48359375 0.009375 0.009375
0 0.21953125 0.48359375 0.009375 0.0140625
0 0.40546875 0.4859375 0.009375 0.0140625
0 0.3078125 0.4859375 0.0140625 0.01875
0 0.26171875 0.48828125 0.009375 0.0140625
0 0.5140625 0.48828125 0.01875 0.01875
0 0.11796875 0.48828125 0.009375 0.0140625
0 0.14609375 0.48828125 0.0046875 0.0140625
0 0.18515625 0.48828125 0.0046875 0.0140625
0 0.15703125 0.490625 0.0046875 0.0140625
0 0.16640625 0.49296875 0.009375 0.0140625
0 0.3609375 0.49296875 0.009375 0.0046875
0 0.1296875 0.4953125 0.009375 0.009375
0 0.1734375 0.4953125 0.0046875 0.0140625
0 0.1390625 0.4953125 0.0046875 0.009375
0 0.22890625 0.5 0.0046875 0.0140625
0 0.18046875 0.50234375 0.009375 0.0140625
0 0.35390625 0.50234375 0.009375 0.0140625
0 0.2359375 0.50234375 0.0140625 0.0234375
0 0.26875 0.50234375 0.0140625 0.01875
0 0.3171875 0.5046875 0.009375 0.01875
0 0.25703125 0.50703125 0.0140625 0.01875
0 0.30546875 0.509375 0.01875 0.0234375
0 0.4234375 0.5140625 0.0140625 0.01875
0 0.52578125 0.51875 0.01875 0.028125
0 0.33828125 0.5234375 0.01875 0.0234375
0 0.35625 0.5234375 0.0140625 0.01875
0 0.43515625 0.5234375 0.0140625 0.0140625
0 0.403125 0.52578125 0.0140625 0.01875
0 0.24296875 0.528125 0.0140625 0.01875
0 0.19453125 0.528125 0.0140625 0.0234375
0 0.22421875 0.53046875 0.0140625 0.028125
0 0.39375 0.534375 0.0140625 0.0234375
0 0.26640625 0.54140625 0.0140625 0.0234375
0 0.66875 0.54609375 0.028125 0.04140625
0 0.14140625 0.5484375 0.01875 0.028125
0 0.7453125 0.55078125 0.03203125 0.05078125
0 0.534375 0.55078125 0.01875 0.03203125
0 0.36796875 0.55546875 0.0234375 0.04609375
0 0.24296875 0.5625 0.0234375 0.03671875
0 0.4328125 0.5625 0.028125 0.05078125
0 0.93046875 0.56484375 0.04609375 0.05078125
0 0.11328125 0.571875 0.04609375 0.06015625
0 0.0671875 0.571875 0.04140625 0.05078125
0 0.82421875 0.57890625 0.03671875 0.04140625
0 0.159375 0.5859375 0.028125 0.04140625
0 0.57890625 0.58828125 0.04140625 0.05078125
0 0.28046875 0.590625 0.03671875 0.06015625
0 0.79609375 0.596875 0.03203125 0.05546875
0 0.48125 0.6015625 0.04609375 0.06484375
0 0.678125 0.60390625 0.028125 0.04140625
0 0.24765625 0.615625 0.0234375 0.04140625
0 0.93984375 0.62265625 0.03671875 0.04140625
0 0.571875 0.64140625 0.03671875 0.05546875
0 0.83828125 0.65078125 0.05078125 0.06015625
0 0.67578125 0.65078125 0.03203125 0.04140625
0 0.6203125 0.67578125 0.04609375 0.06953125
0 0.196875 0.6875 0.06484375 0.07421875
0 0.95625 0.7015625 0.06015625 0.08828125
0 0.76171875 0.70625 0.05078125 0.06953125
0 0.403125 0.784375 0.0234375 0.028125
0 0.97421875 0.84296875 0.05078125 0.1203125
0 0.76875 0.85859375 0.07421875 0.08828125