0 0.178125 0.1203125 0.05546875 0.05546875
0 0.26875 0.14609375 0.07890625 0.096875
0 0.21328125 0.16875 0.08359375 0.1015625
0 0.25703125 0.18984375 0.04140625 0.06953125
0 0.46953125 0.196875 0.06484375 0.08359375
0 0.1203125 0.19921875 0.06953125 0.07890625
0 0.615625 0.20390625 0.07421875 0.08828125
0 0.7453125 0.20390625 0.07421875 0.096875
0 0.4140625 0.20859375 0.06015625 0.08359375
0 0.9859375 0.221875 0.028125 0.07890625
0 0.96328125 0.22890625 0.04609375 0.05546875
0 0.84453125 0.2359375 0.05546875 0.08828125
0 0.92109375 0.25 0.05078125 0.07890625
0 0.51875 0.26171875 0.06484375 0.08828125
0 0.8078125 0.2640625 0.05546875 0.07421875
0 0.35859375 0.26640625 0.04609375 0.10625
0 0.58828125 0.26875 0.06484375 0.1015625
0 0.70390625 0.2734375 0.06484375 0.08828125
0 0.38671875 0.27578125 0.05546875 0.09296875
0 0.903125 0.278125 0.07421875 0.1015625
0 0.06953125 0.29140625 0.06484375 0.1015625
0 0.96796875 0.29375 0.06015625 0.1015625
0 0.17578125 0.3125 0.05546875 0.07421875
0 0.03671875 0.08125 0.0734375 0.115625