0 0.490625 0.40546875 0.0140625 0.0234375
0 0.625 0.40703125 0.0140625 0.0234375
0 0.59921875 0.40703125 0.0140625 0.0234375
0 0.5765625 0.40703125 0.009375 0.0234375
0 0.64609375 0.40703125 0.0140625 0.01875
0 0.5140625 0.409375 0.009375 0.01875
0 0.384375 0.41171875 0.0140625 0.0234375
0 0.46953125 0.41171875 0.0140625 0.01875
0 0.534375 0.41171875 0.0140625 0.0234375
0 0.4234375 0.41171875 0.0140625 0.0234375
0 0.2890625 0.41171875 0.009375 0.01875
0 0.3609375 0.41171875 0.009375 0.0234375
0 0.715625 0.4140625 0.0140625 0.0234375
0 0.33828125 0.41640625 0.0140625 0.0234375
0 0.446875 0.41640625 0.0140625 0.0234375
0 0.6921875 0.41640625 0.0140625 0.0234375
0 0.2453125 0.41875 0.0140625 0.0234375
0 0.66875 0.41875 0.0140625 0.0234375
0 0.26875 0.41875 0.009375 0.01875
0 0.403125 0.42109375 0.0140625 0.0234375
0 0.55546875 0.42109375 0.0140625 0.01875
0 0.74296875 0.42109375 0.0140625 0.0234375
0 0.31484375 0.4234375 0.0140625 0.0234375
0 0.77109375 0.4234375 0.0140625 0.028125
0 0.221875 0.4234375 0.0140625 0.0234375
0 0.60859375 0.446875 0.0140625 0.0234375
0 0.58359375 0.446875 0.0140625 0.0234375
0 0.5578125 0.44921875 0.0140625 0.01875
0 0.446875 0.4515625 0.0140625 0.0234375
0 0.37734375 0.4515625 0.0140625 0.01875
0 0.653125 0.4515625 0.0140625 0.028125
0 0.67578125 0.4515625 0.0140625 0.01875
0 0.53671875 0.4515625 0.0140625 0.01875
0 0.51640625 0.4515625 0.0140625 0.028125
0 0.63203125 0.45390625 0.01875 0.0234375
0 0.35390625 0.45390625 0.0140625 0.03203125
0 0.42109375 0.45390625 0.0140625 0.0234375
0 0.46796875 0.45390625 0.0140625 0.0234375
0 0.721875 0.45390625 0.0140625 0.0234375
0 0.69921875 0.45859375 0.01875 0.0234375
0 0.2890625 0.45859375 0.01875 0.0234375
0 0.33125 0.45859375 0.0140625 0.0234375
0 0.490625 0.45859375 0.0140625 0.0234375
0 0.40078125 0.45859375 0.0140625 0.0234375
0 0.74765625 0.45859375 0.0140625 0.0234375
0 0.31015625 0.4609375 0.0140625 0.0234375
0 0.26640625 0.46328125 0.01875 0.0234375
0 0.2453125 0.465625 0.0140625 0.0234375
0 0.77578125 0.465625 0.0140625 0.0234375
0 0.221875 0.46796875 0.0140625 0.0234375
0 0.19453125 0.471875 0.0140625 0.0234375
0 0.5671875 0.48828125 0.01875 0.0234375
0 0.67109375 0.490625 0.01875 0.0234375
0 0.590625 0.490625 0.0140625 0.0234375
0 0.6390625 0.490625 0.01875 0.0234375
0 0.4234375 0.490625 0.009375 0.0234375
0 0.52109375 0.490625 0.0140625 0.0234375
0 0.54375 0.49296875 0.0140625 0.028125
0 0.446875 0.49296875 0.0140625 0.028125
0 0.375 0.49296875 0.0140625 0.028125
0 0.61796875 0.49296875 0.0140625 0.0234375
0 0.696875 0.49296875 0.01875 0.0234375
0 0.3984375 0.4953125 0.0140625 0.0234375
0 0.32421875 0.4953125 0.0140625 0.028125
0 0.471875 0.4953125 0.0140625 0.028125
0 0.49765625 0.4953125 0.0140625 0.028125
0 0.71953125 0.4953125 0.0140625 0.0234375
0 0.34921875 0.49765625 0.009375 0.0234375
0 0.7453125 0.5 0.0140625 0.0234375
0 0.303125 0.50234375 0.0140625 0.0234375
0 0.77109375 0.50703125 0.01875 0.0234375
0 0.27578125 0.50703125 0.0140625 0.028125
0 0.25234375 0.509375 0.0140625 0.0234375
0 0.22890625 0.5140625 0.0140625 0.01875
0 0.55078125 0.51875 0.01875 0.028125
0 0.62265625 0.52578125 0.0140625 0.01875
0 0.571875 0.528125 0.01875 0.0234375
0 0.596875 0.53046875 0.0140625 0.028125
0 0.528125 0.53046875 0.009375 0.01875
0 0.64375 0.53203125 0.0140625 0.0234375
0 0.50703125 0.534375 0.0140625 0.028125
0 0.68984375 0.534375 0.0140625 0.028125
0 0.48828125 0.534375 0.0140625 0.0234375
0 0.66640625 0.534375 0.0140625 0.028125
0 0.46796875 0.534375 0.0140625 0.01875
0 0.44453125 0.53671875 0.0140625 0.01875
0 0.42578125 0.53671875 0.0140625 0.028125
0 0.35390625 0.53671875 0.0140625 0.0234375
0 0.40078125 0.53671875 0.0140625 0.028125
0 0.71328125 0.5390625 0.0140625 0.0234375
0 0.37734375 0.5390625 0.0140625 0.0234375
0 0.33125 0.54140625 0.0140625 0.01875
0 0.7359375 0.54375 0.0140625 0.028125
0 0.31015625 0.54375 0.0140625 0.0234375
0 0.23828125 0.54609375 0.0140625 0.028125
0 0.28671875 0.5484375 0.0140625 0.028125
0 0.26171875 0.5484375 0.0140625 0.0234375
0 0.7640625 0.553125 0.0140625 0.028125
0 0.5046875 0.56953125 0.0140625 0.0234375
0 0.55078125 0.571875 0.0140625 0.0234375
0 0.5765625 0.571875 0.0140625 0.01875
0 0.528125 0.57421875 0.0140625 0.0234375
0 0.45859375 0.5765625 0.0140625 0.028125
0 0.48125 0.5765625 0.0140625 0.028125
0 0.625 0.5765625 0.0140625 0.01875
0 0.64609375 0.5765625 0.0140625 0.028125
0 0.67578125 0.5765625 0.0140625 0.028125
0 0.6015625 0.57890625 0.0140625 0.0234375
0 0.4375 0.58125 0.0140625 0.0234375
0 0.4140625 0.58125 0.0140625 0.028125
0 0.70625 0.58359375 0.0140625 0.028125
0 0.39375 0.58359375 0.0140625 0.028125
0 0.2734375 0.58359375 0.0140625 0.028125
0 0.365625 0.58359375 0.0140625 0.01875
0 0.34453125 0.58359375 0.0140625 0.01875
0 0.29609375 0.5859375 0.0140625 0.028125
0 0.72890625 0.58828125 0.01875 0.028125
0 0.32421875 0.58828125 0.009375 0.01875
0 0.25 0.59453125 0.01875 0.01875
0 0.759375 0.59453125 0.01875 0.028125
0 0.53046875 0.696875 0.0140625 0.0234375
0 0.67578125 0.696875 0.01875 0.028125
0 0.73125 0.70390625 0.01875 0.028125
0 0.28046875 0.7109375 0.0140625 0.028125
0 0.88671875 0.72890625 0.01875 0.03203125
0 0.58125 0.73359375 0.01875 0.03203125
0 0.18046875 0.7359375 0.01875 0.028125
0 0.45390625 0.7453125 0.01875 0.03203125
0 0.509375 0.75234375 0.01875 0.028125
0 0.384375 0.7546875 0.0140625 0.03203125
0 0.11796875 0.7546875 0.01875 0.028125
0 0.8171875 0.76171875 0.01875 0.0234375
0 0.27109375 0.76640625 0.01875 0.028125
0 0.6484375 0.77109375 0.01875 0.03203125
0 0.7109375 0.77109375 0.01875 0.028125
0 0.3265625 0.7734375 0.0140625 0.028125
0 0.83828125 0.778125 0.01875 0.028125
0 0.09296875 0.778125 0.01875 0.028125
0 0.62734375 0.78671875 0.0140625 0.028125
0 0.78046875 0.78671875 0.01875 0.028125
0 0.55078125 0.79609375 0.01875 0.028125
0 0.50234375 0.7984375 0.01875 0.03203125
0 0.41640625 0.80546875 0.01875 0.03203125
0 0.215625 0.8078125 0.01875 0.04140625
0 0.90546875 0.81015625 0.01875 0.03203125
0 0.3515625 0.8125 0.01875 0.03203125
0 0.54140625 0.8171875 0.0140625 0.028125
0 0.6734375 0.8171875 0.01875 0.028125
0 0.1921875 0.8265625 0.01875 0.01875
0 0.28203125 0.8265625 0.0234375 0.03671875
0 0.43046875 0.83125 0.01875 0.03203125
0 0.85390625 0.83125 0.01875 0.028125
0 0.60390625 0.83359375 0.01875 0.028125
0 0.10859375 0.83359375 0.01875 0.03203125
0 0.9328125 0.8359375 0.01875 0.03671875
0 0.6921875 0.84296875 0.01875 0.028125
0 0.2984375 0.84921875 0.01875 0.028125
0 0.18515625 0.84921875 0.01875 0.028125
0 0.7640625 0.85390625 0.01875 0.028125
0 0.1015625 0.86328125 0.01875 0.028125
0 0.35859375 0.86796875 0.0140625 0.028125
0 0.96328125 0.86796875 0.01875 0.03203125
0 0.8609375 0.875 0.01875 0.028125
0 0.70859375 0.8796875 0.01875 0.028125
0 0.79140625 0.884375 0.01875 0.0234375
0 0.346875 0.88671875 0.01875 0.028125
0 0.20390625 0.89609375 0.01875 0.028125
0 0.28671875 0.8984375 0.0234375 0.03203125