0 0.8265625 0.215625 0.05546875 0.10625
0 0.49296875 0.2265625 0.04609375 0.07890625
0 0.2734375 0.2265625 0.04140625 0.08359375
0 0.71953125 0.22890625 0.05546875 0.134375
0 0.2453125 0.23359375 0.06484375 0.125
0 0.17578125 0.24296875 0.03671875 0.115625
0 0.0390625 0.2546875 0.06953125 0.1296875
0 0.409375 0.259375 0.04140625 0.09296875
0 0.5578125 0.26640625 0.05546875 0.10625
0 0.62265625 0.26875 0.06484375 0.096875
0 0.971875 0.29140625 0.05078125 0.134375
0 0.15078125 0.29375 0.05078125 0.096875
0 0.3359375 0.29609375 0.06953125 0.153125
0 0.78046875 0.31953125 0.04609375 0.1015625
0 0.403125 0.3265625 0.04609375 0.1015625
0 0.4375 0.37734375 0.06953125 0.15703125
0 0.22890625 0.384375 0.07421875 0.134375
0 0.52578125 0.3890625 0.08359375 0.16640625
0 0.6015625 0.53671875 0.10625 0.18515625
0 0.053125 0.5671875 0.096875 0.21328125
0 0.178125 0.59296875 0.1203125 0.221875
0 0.89609375 0.6015625 0.1203125 0.21796875
0 0.3078125 0.61796875 0.08828125 0.21328125
0 0.24765625 0.12265625 0.04140625 0.08359375
0 0.37734375 0.14140625 0.05078125 0.08359375
0 0.50234375 0.14140625 0.028125 0.06484375
0 0.46328125 0.14375 0.04140625 0.07421875
0 0.05546875 0.14609375 0.03203125 0.06015625
0 0.77578125 0.15078125 0.04140625 0.08359375
0 0.20390625 0.15546875 0.03671875 0.06953125
0 0.303125 0.15546875 0.04609375 0.06953125
0 0.98125 0.15703125 0.03203125 0.08359375
0 0.09453125 0.159375 0.04609375 0.10625
0 0.53203125 0.17109375 0.028125 0.05546875
0 0.159375 0.17578125 0.03203125 0.06953125
0 0.6484375 0.1828125 0.05078125 0.1015625
0 0.3890625 0.18515625 0.04140625 0.07890625
0 0.94453125 0.1921875 0.05078125 0.08359375
0 0.134375 0.19453125 0.03671875 0.06015625
0 0.8796875 0.19453125 0.03671875 0.07421875
0 0.42109375 0.19921875 0.04609375 0.07890625