0 0.58125 0.09453125 0.0140625 0.0140625
0 0.553125 0.11796875 0.0046875 0.009375
0 0.03046875 0.25 0.0234375 0.04609375
0 0.6875 0.25234375 0.03203125 0.05546875
0 0.990625 0.25703125 0.01875 0.04140625
0 0.76171875 0.26171875 0.03671875 0.06015625
0 0.0140625 0.27578125 0.028125 0.06953125
0 0.41875 0.278125 0.03203125 0.04609375
0 0.09453125 0.278125 0.0234375 0.03203125
0 0.59921875 0.278125 0.028125 0.03671875
0 0.04609375 0.28203125 0.028125 0.04609375
0 0.9515625 0.28203125 0.04140625 0.05546875
0 0.071875 0.284375 0.0140625 0.03203125
0 0.14375 0.284375 0.028125 0.03671875
0 0.11796875 0.28671875 0.028125 0.04609375
0 0.46796875 0.2890625 0.0140625 0.0234375
0 0.78671875 0.2890625 0.0234375 0.04140625
0 0.85859375 0.2890625 0.0234375 0.01875
0 0.4515625 0.29140625 0.0234375 0.0234375
0 0.5140625 0.29140625 0.04140625 0.05546875
0 0.73828125 0.29140625 0.01875 0.03203125
0 0.6203125 0.29375 0.01875 0.0234375
0 0.72421875 0.29375 0.01875 0.028125
0 0.17109375 0.29609375 0.05546875 0.06484375
0 0.54375 0.29609375 0.01875 0.0234375
0 0.3125 0.29609375 0.0234375 0.0234375
0 0.23359375 0.2984375 0.0140625 0.0234375
0 0.384375 0.2984375 0.01875 0.0234375
0 0.25 0.30078125 0.01875 0.0234375
0 0.5578125 0.30078125 0.01875 0.0234375
0 0.33359375 0.303125 0.009375 0.0140625
0 0.3703125 0.30546875 0.01875 0.0234375
0 0.81953125 0.30546875 0.01875 0.0234375
0 0.3515625 0.30546875 0.0140625 0.01875
0 0.25703125 0.3078125 0.01875 0.0234375
0 0.9765625 0.3125 0.03671875 0.07890625
0 0.30078125 0.3125 0.0234375 0.03203125
0 0.41171875 0.31484375 0.05546875 0.04609375
0 0.4515625 0.31484375 0.01875 0.0234375
0 0.49296875 0.31484375 0.01875 0.028125
0 0.6921875 0.31484375 0.03203125 0.05546875
0 0.85625 0.31484375 0.04140625 0.04609375
0 0.5859375 0.321875 0.04140625 0.04609375
0 0.67109375 0.321875 0.028125 0.04609375
0 0.471875 0.32421875 0.0234375 0.03203125
0 0.28671875 0.33359375 0.03203125 0.04609375
0 0.596875 0.06015625 0.009375 0.0140625
0 0.5859375 0.07421875 0.009375 0.0140625
0 0.5671875 0.08828125 0.009375 0.0140625