0 0.365625 0.115625 0.09296875 0.115625
0 0.03671875 0.1359375 0.0734375 0.115625
0 0.60859375 0.1390625 0.08828125 0.1109375
0 0.50234375 0.15078125 0.09296875 0.1203125
0 0.8078125 0.18515625 0.09296875 0.1203125
0 0.19921875 0.19453125 0.07890625 0.115625
0 0.91875 0.2015625 0.08359375 0.1203125
0 0.40546875 0.23359375 0.1015625 0.1296875
0 0.68515625 0.240625 0.115625 0.1203125
0 0.971875 0.29140625 0.05546875 0.10625
0 0.07421875 0.29609375 0.10625 0.115625
0 0.83828125 0.30078125 0.1015625 0.1203125
0 0.69453125 0.33359375 0.1203125 0.1390625
0 0.60390625 0.33359375 0.08828125 0.1203125
0 0.89609375 0.33828125 0.08359375 0.115625
0 0.38203125 0.39140625 0.10625 0.1484375
0 0.50703125 0.403125 0.10625 0.14375
0 0.10625 0.40703125 0.1390625 0.1390625
0 0.90546875 0.46953125 0.08359375 0.1203125
0 0.28671875 0.4765625 0.08828125 0.1203125
0 0.10390625 0.509375 0.06484375 0.08828125
0 0.69921875 0.51875 0.134375 0.153125
0 0.5578125 0.54140625 0.1203125 0.1390625
0 0.153125 0.57421875 0.09296875 0.125
0 0.053125 0.58359375 0.1015625 0.153125
0 0.29375 0.59296875 0.096875 0.1203125
0 0.971875 0.59453125 0.05546875 0.17109375
0 0.39609375 0.60625 0.1015625 0.14375
0 0.91875 0.06484375 0.096875 0.096875
0 0.24765625 0.6484375 0.125 0.16640625
0 0.76875 0.0671875 0.08828125 0.115625
0 0.615625 0.68046875 0.17109375 0.17578125
0 0.81015625 0.72421875 0.1390625 0.153125