0 0.97421875 0.125 0.01875 0.028125
0 0.903125 0.15546875 0.0234375 0.03203125
0 0.84453125 0.20859375 0.0140625 0.01875
0 0.8984375 0.215625 0.04609375 0.05546875
0 0.75 0.215625 0.028125 0.05078125
0 0.9859375 0.221875 0.01875 0.08359375
0 0.83359375 0.221875 0.0140625 0.0234375
0 0.53671875 0.221875 0.01875 0.01875
0 0.9421875 0.22421875 0.01875 0.028125
0 0.96796875 0.2265625 0.0140625 0.028125
0 0.659375 0.22890625 0.01875 0.01875
0 0.69453125 0.22890625 0.01875 0.01875
0 0.59453125 0.23125 0.0140625 0.009375
0 0.60625 0.23125 0.0140625 0.0140625
0 0.784375 0.23359375 0.01875 0.028125
0 0.875 0.23359375 0.009375 0.01875
0 0.4234375 0.2359375 0.0234375 0.0234375
0 0.71796875 0.2359375 0.01875 0.03203125
0 0.80546875 0.2359375 0.0234375 0.028125
0 0.7265625 0.23828125 0.01875 0.03671875
0 0.70625 0.23828125 0.0140625 0.0234375
0 0.85390625 0.23828125 0.01875 0.0234375
0 0.509375 0.240625 0.0140625 0.01875
0 0.29375 0.240625 0.0140625 0.0140625
0 0.528125 0.240625 0.0234375 0.03203125
0 0.3078125 0.24296875 0.0140625 0.0140625
0 0.55078125 0.24296875 0.0234375 0.03203125
0 0.63671875 0.24296875 0.028125 0.03203125
0 0.3890625 0.24296875 0.0140625 0.01875
0 0.40546875 0.24296875 0.0140625 0.009375
0 0.32421875 0.24296875 0.0234375 0.028125
0 0.2734375 0.2453125 0.01875 0.01875
0 0.30078125 0.2453125 0.0140625 0.0046875
0 0.34921875 0.2453125 0.0140625 0.01875
0 0.375 0.2453125 0.01875 0.0140625
0 0.465625 0.2453125 0.0234375 0.0234375
0 0.6203125 0.2453125 0.0140625 0.0234375
0 0.5 0.2453125 0.01875 0.01875
0 0.5765625 0.24765625 0.0140625 0.028125
0 0.5671875 0.24765625 0.009375 0.0140625
0 0.1921875 0.25 0.0140625 0.0140625
0 0.58828125 0.25 0.01875 0.028125
0 0.68046875 0.25 0.03671875 0.04140625
0 0.34453125 0.25 0.01875 0.0234375
0 0.48359375 0.25 0.01875 0.0234375
0 0.66640625 0.25234375 0.0234375 0.03203125
0 0.21328125 0.2546875 0.0140625 0.0140625
0 0.4515625 0.2546875 0.0234375 0.0234375
0 0.60625 0.2546875 0.01875 0.03203125
0 0.3703125 0.2546875 0.01875 0.0140625
0 0.14140625 0.259375 0.0140625 0.0140625
0 0.16875 0.259375 0.01875 0.01875
0 0.30546875 0.259375 0.0140625 0.0140625
0 0.26640625 0.259375 0.0140625 0.0234375
0 0.22421875 0.26171875 0.01875 0.0234375
0 0.409375 0.26171875 0.01875 0.0234375
0 0.11796875 0.26171875 0.01875 0.0234375
0 0.4421875 0.26171875 0.0234375 0.0234375
0 0.25703125 0.2640625 0.0140625 0.0234375
0 0.39140625 0.2640625 0.0234375 0.0234375
0 0.18515625 0.2640625 0.0140625 0.0234375
0 0.24296875 0.2640625 0.01875 0.0234375
0 0.33359375 0.26640625 0.01875 0.028125
0 0.009375 0.26875 0.0140625 0.009375
0 0.30078125 0.26875 0.01875 0.028125
0 0.3171875 0.27109375 0.01875 0.0234375
0 0.10625 0.27109375 0.0140625 0.009375
0 0.034375 0.27109375 0.01875 0.0234375
0 0.37265625 0.2734375 0.01875 0.0234375
0 0.06484375 0.2734375 0.009375 0.0234375
0 0.20390625 0.27578125 0.0234375 0.028125
0 0.1296875 0.27578125 0.0234375 0.0234375
0 0.07421875 0.27578125 0.0140625 0.0234375
0 0.05078125 0.278125 0.01875 0.0234375
0 0.15703125 0.28046875 0.028125 0.0234375
0 0.1015625 0.284375 0.0140625 0.01875
0 0.1828125 0.284375 0.0234375 0.0234375
0 0.028125 0.284375 0.0234375 0.028125
0 0.08359375 0.28671875 0.0140625 0.0234375
0 0.01640625 0.29609375 0.028125 0.03203125
0 0.64609375 0.34921875 0.0140625 0.03203125
0 0.44921875 0.35390625 0.01875 0.0234375
0 0.55546875 0.3609375 0.028125 0.01875
0 0.27109375 0.3609375 0.0234375 0.03203125
0 0.40703125 0.365625 0.01875 0.03671875
0 0.52109375 0.36796875 0.028125 0.03203125
0 0.16875 0.37265625 0.028125 0.028125
0 0.4421875 0.375 0.0234375 0.03203125
0 0.3515625 0.375 0.0234375 0.03203125
0 0.22890625 0.38203125 0.0234375 0.0234375
0 0.09453125 0.384375 0.028125 0.028125
0 0.11796875 0.38671875 0.028125 0.028125
0 0.0140625 0.39140625 0.028125 0.028125
0 0.5671875 0.39375 0.03203125 0.04140625
0 0.48828125 0.39375 0.03203125 0.03671875
0 0.3171875 0.39609375 0.03203125 0.04609375
0 0.240625 0.40078125 0.03203125 0.04140625
0 0.178125 0.403125 0.028125 0.03671875
0 0.365625 0.40546875 0.0234375 0.028125
0 0.196875 0.41640625 0.03203125 0.04140625
0 0.0859375 0.41875 0.028125 0.04140625
0 0.01171875 0.42578125 0.0234375 0.03671875
0 0.3359375 0.428125 0.03671875 0.04609375
0 0.5390625 0.4328125 0.04140625 0.04609375
0 0.625 0.43515625 0.04140625 0.05078125
0 0.68046875 0.4515625 0.05078125 0.05546875
0 0.36796875 0.45625 0.04140625 0.05546875
0 0.1296875 0.45859375 0.03203125 0.04140625
0 0.21328125 0.47890625 0.04609375 0.06015625
0 0.76640625 0.48125 0.05546875 0.05078125
0 0.409375 0.48828125 0.05078125 0.05546875
0 0.659375 0.509375 0.04609375 0.06484375
0 0.29375 0.51640625 0.06484375 0.06015625
0 0.84453125 0.528125 0.06484375 0.07421875
0 0.51171875 0.528125 0.06015625 0.08828125
0 0.61328125 0.534375 0.06015625 0.06015625
0 0.4234375 0.54609375 0.05546875 0.05078125
0 0.0671875 0.5484375 0.04609375 0.06015625
0 0.79140625 0.5484375 0.07421875 0.08359375
0 0.1875 0.5578125 0.06015625 0.05078125
0 0.43984375 0.59921875 0.06015625 0.07421875
0 0.21796875 0.60859375 0.06484375 0.07890625
0 0.60625 0.6203125 0.06484375 0.07890625
0 0.0671875 0.659375 0.09296875 0.096875
0 0.28671875 0.6875 0.10625 0.1203125
0 0.7640625 0.73828125 0.096875 0.1203125