0 0.75 0.3171875 0.0140625 0.0234375
0 0.63671875 0.3171875 0.028125 0.04140625
0 0.58828125 0.31953125 0.01875 0.0234375
0 0.284375 0.321875 0.0234375 0.03671875
0 0.04609375 0.321875 0.03671875 0.05078125
0 0.0046875 0.321875 0.009375 0.04609375
0 0.53203125 0.321875 0.028125 0.03203125
0 0.9328125 0.321875 0.0234375 0.03671875
0 0.36328125 0.32421875 0.0234375 0.03671875
0 0.89609375 0.32421875 0.0234375 0.04140625
0 0.740625 0.3265625 0.01875 0.028125
0 0.79609375 0.3265625 0.028125 0.04140625
0 0.9859375 0.3265625 0.01875 0.028125
0 0.5671875 0.32890625 0.01875 0.0234375
0 0.26875 0.32890625 0.0140625 0.01875
0 0.44453125 0.32890625 0.0234375 0.03203125
0 0.76640625 0.33125 0.01875 0.0234375
0 0.3078125 0.33125 0.0234375 0.04140625
0 0.47421875 0.33125 0.0234375 0.03671875
0 0.12734375 0.33359375 0.028125 0.04140625
0 0.5859375 0.33828125 0.01875 0.03671875
0 0.70390625 0.33828125 0.0234375 0.03671875
0 0.72890625 0.33828125 0.01875 0.028125
0 0.11328125 0.340625 0.0234375 0.03671875
0 0.83125 0.34296875 0.0234375 0.028125
0 0.8125 0.34296875 0.01875 0.03671875
0 0.3265625 0.34296875 0.01875 0.0234375
0 0.08828125 0.34296875 0.028125 0.05078125
0 0.409375 0.34453125 0.0234375 0.04609375
0 0.8796875 0.346875 0.0234375 0.028125
0 0.52578125 0.346875 0.0234375 0.04140625
0 0.84296875 0.346875 0.01875 0.03203125
0 0.16875 0.346875 0.0234375 0.03671875
0 0.39375 0.34921875 0.0140625 0.03203125
0 0.240625 0.3515625 0.028125 0.04140625
0 0.66875 0.3515625 0.01875 0.03203125
0 0.21796875 0.3515625 0.0234375 0.03671875
0 0.0140625 0.35390625 0.01875 0.03671875
0 0.85625 0.35390625 0.0140625 0.0234375
0 0.18515625 0.35625 0.028125 0.04609375
0 0.42578125 0.35625 0.0234375 0.03203125
0 0.97421875 0.35625 0.0234375 0.03203125
0 0.928125 0.35625 0.01875 0.03671875
0 0.95859375 0.35625 0.0140625 0.028125
0 0.45625 0.3609375 0.0234375 0.03671875
0 0.153125 0.36328125 0.01875 0.03203125
0 0.490625 0.365625 0.03203125 0.05078125
0 0.840625 0.446875 0.028125 0.04140625
0 0.90078125 0.446875 0.0140625 0.01875
0 0.92109375 0.446875 0.028125 0.03671875
0 0.528125 0.45390625 0.03203125 0.0234375
0 0.875 0.45390625 0.0234375 0.03203125
0 0.48828125 0.45625 0.03203125 0.03671875
0 0.76875 0.45625 0.028125 0.04609375
0 0.6921875 0.45859375 0.0234375 0.0234375
0 0.74296875 0.4609375 0.03203125 0.03671875
0 0.32421875 0.46328125 0.01875 0.028125
0 0.45859375 0.465625 0.028125 0.04609375
0 0.715625 0.465625 0.0234375 0.028125
0 0.590625 0.46796875 0.03203125 0.03671875
0 0.63203125 0.46796875 0.0234375 0.03203125
0 0.365625 0.471875 0.0234375 0.04140625
0 0.5484375 0.471875 0.0234375 0.04140625
0 0.1828125 0.47421875 0.0234375 0.028125
0 0.81015625 0.47421875 0.03203125 0.05078125
0 0.23828125 0.4765625 0.04609375 0.06484375
0 0.65703125 0.4765625 0.04140625 0.06484375
0 0.61796875 0.47890625 0.028125 0.05078125
0 0.6015625 0.47890625 0.028125 0.04140625
0 0.990625 0.48125 0.01875 0.08828125
0 0.428125 0.4859375 0.0234375 0.03671875
0 0.14609375 0.4859375 0.03671875 0.04140625
0 0.2890625 0.4859375 0.028125 0.04609375
0 0.83125 0.4859375 0.0234375 0.028125
0 0.41640625 0.48828125 0.0234375 0.03671875
0 0.39375 0.490625 0.0234375 0.03671875
0 0.06953125 0.49296875 0.028125 0.05546875
0 0.87265625 0.4953125 0.028125 0.05078125
0 0.53203125 0.4953125 0.04140625 0.07421875
0 0.90078125 0.4953125 0.03671875 0.06953125
0 0.571875 0.49765625 0.028125 0.04140625
0 0.32890625 0.5 0.03671875 0.05078125
0 0.178125 0.5 0.03203125 0.04140625
0 0.7546875 0.509375 0.03671875 0.06953125
0 0.94453125 0.52578125 0.06953125 0.096875
0 0.5 0.53046875 0.05078125 0.07890625
0 0.70859375 0.53203125 0.05078125 0.08359375
0 0.09921875 0.53203125 0.04609375 0.07421875
0 0.384375 0.55078125 0.04609375 0.096875
0 0.41640625 0.56484375 0.04140625 0.07421875
0 0.159375 0.59453125 0.05546875 0.096875