0 0.50234375 0.74296875 0.221875 0.1390625
0 0.96953125 0.0765625 0.06015625 0.03203125
0 0.32890625 0.80078125 0.19921875 0.1203125
0 0.5 0.0859375 0.06484375 0.06015625
0 0.60859375 0.09296875 0.115625 0.06015625
0 0.21328125 0.096875 0.07421875 0.04609375
0 0.48125 0.1015625 0.07890625 0.06484375
0 0.76171875 0.10390625 0.096875 0.06015625
0 0.28046875 0.10859375 0.06484375 0.05078125
0 0.96484375 0.11953125 0.0703125 0.0515625
0 0.15078125 0.13203125 0.08359375 0.04609375
0 0.7109375 0.13671875 0.08359375 0.04609375
0 0.803125 0.0140625 0.06484375 0.028125
0 0.346875 0.13671875 0.09296875 0.05078125
0 0.04140625 0.01640625 0.06484375 0.03203125
0 0.81015625 0.14375 0.09296875 0.06484375
0 0.58359375 0.15703125 0.06953125 0.05546875
0 0.0625 0.159375 0.06484375 0.04609375
0 0.90703125 0.16171875 0.09296875 0.08359375
0 0.6484375 0.1734375 0.09296875 0.07421875
0 0.6015625 0.01875 0.08359375 0.03671875
0 0.1203125 0.1921875 0.10625 0.05546875
0 0.346875 0.196875 0.09296875 0.05546875
0 0.89375 0.02109375 0.07421875 0.04140625
0 0.81953125 0.26171875 0.1109375 0.07421875
0 0.51875 0.26640625 0.125 0.06953125
0 0.9765625 0.28046875 0.04140625 0.06953125
0 0.30546875 0.29140625 0.09296875 0.06484375
0 0.3796875 0.340625 0.07421875 0.03203125
0 0.05078125 0.346875 0.096875 0.05546875
0 0.97421875 0.34921875 0.04140625 0.08828125
0 0.85859375 0.35859375 0.134375 0.07890625
0 0.5046875 0.3609375 0.1296875 0.08359375
0 0.17109375 0.3984375 0.1109375 0.07421875
0 0.05078125 0.4234375 0.1015625 0.07890625
0 0.715625 0.43515625 0.125 0.08359375
0 0.384375 0.4515625 0.134375 0.06484375
0 0.51875 0.04609375 0.05078125 0.03203125
0 0.9515625 0.490625 0.096875 0.10625
0 0.62265625 0.53671875 0.153125 0.1015625
0 0.41171875 0.54140625 0.153125 0.09296875
0 0.83125 0.05546875 0.07890625 0.06015625
0 0.91171875 0.68515625 0.16640625 0.14375
0 0.06015625 0.6875 0.1203125 0.15703125