0 0.29375 0.01171875 0.0234375 0.0234375
0 0.03671875 0.01171875 0.01875 0.0234375
0 0.5046875 0.01171875 0.0234375 0.0234375
0 0.31484375 0.01171875 0.0234375 0.0234375
0 0.553125 0.10625 0.04140625 0.03203125
0 0.94921875 0.1109375 0.03671875 0.05546875
0 0.63203125 0.01171875 0.0234375 0.0234375
0 0.778125 0.115625 0.03671875 0.03671875
0 0.009375 0.115625 0.01875 0.028125
0 0.6296875 0.1203125 0.03671875 0.03671875
0 0.06484375 0.0140625 0.028125 0.028125
0 0.10390625 0.1296875 0.04140625 0.0234375
0 0.60390625 0.1296875 0.03203125 0.05546875
0 0.88671875 0.13203125 0.05078125 0.06484375
0 0.45390625 0.13203125 0.05078125 0.05546875
0 0.0234375 0.134375 0.04609375 0.04609375
0 0.14609375 0.134375 0.04609375 0.06953125
0 0.81015625 0.1390625 0.028125 0.05078125
0 0.67578125 0.14140625 0.028125 0.06484375
0 0.5140625 0.14375 0.04140625 0.06953125
0 0.44453125 0.01640625 0.0234375 0.028125
0 0.2984375 0.14609375 0.05546875 0.06015625
0 0.759375 0.1484375 0.03203125 0.04140625
0 0.70625 0.1484375 0.04140625 0.05546875
0 0.196875 0.01640625 0.01875 0.0234375
0 0.98828125 0.16640625 0.0140625 0.07421875
0 0.7359375 0.16640625 0.03671875 0.04140625
0 0.840625 0.17578125 0.04609375 0.07890625
0 0.56484375 0.17578125 0.05078125 0.07890625
0 0.840625 0.01875 0.0234375 0.01875
0 0.9515625 0.01875 0.028125 0.0234375
0 0.21796875 0.178125 0.04140625 0.06015625
0 0.3984375 0.178125 0.04140625 0.05078125
0 0.25234375 0.01875 0.0234375 0.03203125
0 0.59453125 0.01875 0.028125 0.028125
0 0.04140625 0.1921875 0.04609375 0.06953125
0 0.9375 0.196875 0.05078125 0.04140625
0 0.10625 0.196875 0.05078125 0.06953125
0 0.86328125 0.02109375 0.0234375 0.03671875
0 0.62265625 0.19921875 0.05078125 0.05546875
0 0.01171875 0.21328125 0.0234375 0.06484375
0 0.14609375 0.0234375 0.03203125 0.04140625
0 0.54609375 0.0234375 0.03203125 0.01875
0 0.68984375 0.0234375 0.03203125 0.028125
0 0.71328125 0.221875 0.05078125 0.06953125
0 0.79140625 0.22890625 0.05546875 0.04140625
0 0.49296875 0.0234375 0.0234375 0.01875
0 0.2984375 0.23359375 0.03671875 0.06953125
0 0.43046875 0.23359375 0.05546875 0.08359375
0 0.27578125 0.02578125 0.03203125 0.0234375
0 0.99296875 0.240625 0.0140625 0.05546875
0 0.7109375 0.02578125 0.0234375 0.03671875
0 0.24765625 0.25703125 0.05546875 0.07890625
0 0.96328125 0.26171875 0.06953125 0.06953125
0 0.1015625 0.2640625 0.06484375 0.06015625
0 0.6203125 0.26640625 0.06953125 0.07890625
0 0.57421875 0.028125 0.028125 0.03203125
0 0.35859375 0.278125 0.06953125 0.125
0 0.115625 0.028125 0.0234375 0.03203125
0 0.4953125 0.28671875 0.06015625 0.125
0 0.85625 0.2890625 0.05546875 0.08828125
0 0.01640625 0.2984375 0.03203125 0.096875
0 0.40703125 0.03046875 0.0234375 0.03671875
0 0.78203125 0.303125 0.07421875 0.1015625
0 0.10390625 0.321875 0.07890625 0.06953125
0 0.68984375 0.3609375 0.07421875 0.16171875
0 0.85390625 0.3796875 0.05078125 0.08828125
0 0.971875 0.38203125 0.04609375 0.153125
0 0.19921875 0.0390625 0.0234375 0.028125
0 0.46953125 0.0390625 0.03203125 0.05546875
0 0.90703125 0.40546875 0.06484375 0.1109375
0 0.4328125 0.04140625 0.028125 0.05546875
0 0.53046875 0.409375 0.096875 0.1390625
0 0.95390625 0.04375 0.0234375 0.028125
0 0.29140625 0.04375 0.0234375 0.028125
0 0.75 0.04375 0.01875 0.028125
0 0.04609375 0.04375 0.0234375 0.028125
0 0.13203125 0.44921875 0.06953125 0.1203125
0 0.76640625 0.04609375 0.028125 0.05078125
0 0.090625 0.04609375 0.03203125 0.028125
0 0.6296875 0.04609375 0.0234375 0.028125
0 0.34921875 0.46796875 0.05546875 0.14375
0 0.34453125 0.0484375 0.0234375 0.05078125
0 0.27578125 0.48359375 0.125 0.1203125
0 0.8078125 0.490625 0.07890625 0.1296875
0 0.65546875 0.05078125 0.0140625 0.04140625
0 0.79140625 0.05078125 0.03203125 0.06015625
0 0.05078125 0.528125 0.1015625 0.16171875
0 0.83125 0.053125 0.03671875 0.04609375
0 0.875 0.54375 0.08828125 0.1203125
0 0.965625 0.05546875 0.03671875 0.05078125
0 0.2265625 0.0578125 0.03671875 0.05078125
0 0.49765625 0.0578125 0.03203125 0.06015625
0 0.9859375 0.57890625 0.01875 0.1203125
0 0.93984375 0.06015625 0.03203125 0.03203125
0 0.3125 0.06015625 0.05078125 0.05078125
0 0.2640625 0.06015625 0.04140625 0.05546875
0 0.00703125 0.0625 0.0140625 0.04609375
0 0.37265625 0.0625 0.04609375 0.06015625
0 0.54609375 0.0625 0.03671875 0.04609375
0 0.41640625 0.653125 0.09296875 0.17578125
0 0.70625 0.0671875 0.01875 0.01875
0 0.678125 0.0671875 0.04609375 0.06015625
0 0.90078125 0.06953125 0.05078125 0.04609375
0 0.740625 0.06953125 0.028125 0.03671875
0 0.13671875 0.071875 0.05078125 0.03203125
0 0.33828125 0.72421875 0.1109375 0.15703125
0 0.58125 0.07421875 0.028125 0.04609375
0 0.54609375 0.7546875 0.1203125 0.153125
0 0.6109375 0.0765625 0.03671875 0.04609375
0 0.990625 0.07890625 0.01875 0.05546875
0 0.10859375 0.08125 0.028125 0.05546875
0 0.465625 0.08359375 0.04609375 0.05546875
0 0.365625 0.009375 0.028125 0.01875
0 0.7546875 0.009375 0.0234375 0.01875
0 0.34453125 0.009375 0.01875 0.01875
0 0.88203125 0.83828125 0.1390625 0.1390625
0 0.284375 0.0859375 0.04140625 0.028125
0 0.05546875 0.8703125 0.1109375 0.06953125
0 0.8125 0.08828125 0.03203125 0.03203125
0 0.71796875 0.08828125 0.028125 0.03203125
0 0.03046875 0.09296875 0.0234375 0.03671875
0 0.403125 0.09453125 0.04140625 0.05546875
0 0.0671875 0.096875 0.03671875 0.06015625
0 0.653125 0.096875 0.03203125 0.05546875
0 0.48828125 0.09921875 0.028125 0.04140625
0 0.86328125 0.1015625 0.028125 0.04609375