0 0.71953125 0.54140625 0.009375 0.009375
0 0.115625 0.56015625 0.009375 0.0140625
0 0.26640625 0.56484375 0.0046875 0.0046875
0 0.42109375 0.5671875 0.009375 0.0140625
0 0.24765625 0.5671875 0.0046875 0.0046875
0 0.34296875 0.5671875 0.0046875 0.009375
0 0.178125 0.5671875 0.0046875 0.009375
0 0.3359375 0.56953125 0.0046875 0.009375
0 0.28203125 0.56953125 0.0046875 0.0140625
0 0.2890625 0.571875 0.0046875 0.0046875
0 0.16171875 0.57421875 0.009375 0.009375
0 0.2546875 0.57421875 0.0046875 0.009375
0 0.77578125 0.57421875 0.009375 0.009375
0 0.32421875 0.5765625 0.009375 0.0046875
0 0.3078125 0.5765625 0.0046875 0.009375
0 0.87265625 0.5765625 0.009375 0.009375
0 0.31484375 0.5765625 0.009375 0.0140625
0 0.2359375 0.5765625 0.0046875 0.009375
0 0.35390625 0.5765625 0.0046875 0.009375
0 0.6109375 0.57890625 0.0046875 0.009375
0 0.6015625 0.57890625 0.0046875 0.009375
0 0.68046875 0.57890625 0.009375 0.009375
0 0.22890625 0.57890625 0.0046875 0.009375
0 0.6203125 0.57890625 0.0046875 0.009375
0 0.07421875 0.58125 0.0046875 0.0046875
0 0.75234375 0.58125 0.009375 0.009375
0 0.29140625 0.58125 0.0046875 0.0046875
0 0.38671875 0.58125 0.0046875 0.0046875
0 0.35859375 0.58125 0.0046875 0.0046875
0 0.05078125 0.58125 0.009375 0.009375
0 0.10859375 0.58359375 0.009375 0.0140625
0 0.3796875 0.58359375 0.0046875 0.0046875
0 0.11796875 0.58359375 0.009375 0.009375
0 0.03203125 0.58359375 0.0140625 0.0140625
0 0.37265625 0.58359375 0.0046875 0.0046875
0 0.33828125 0.5859375 0.0046875 0.009375
0 0.6484375 0.5859375 0.0046875 0.009375
0 0.34921875 0.5859375 0.009375 0.009375
0 0.72421875 0.5859375 0.009375 0.0140625
0 0.9765625 0.5859375 0.009375 0.009375
0 0.303125 0.5859375 0.009375 0.009375
0 0.65703125 0.5859375 0.0046875 0.0046875
0 0.66640625 0.58828125 0.0046875 0.009375
0 0.76640625 0.58828125 0.0046875 0.009375
0 0.9375 0.58828125 0.0140625 0.0140625
0 0.83359375 0.58828125 0.009375 0.009375
0 0.09453125 0.58828125 0.009375 0.009375
0 0.31484375 0.58828125 0.009375 0.009375
0 0.60625 0.58828125 0.009375 0.0140625
0 0.13671875 0.590625 0.009375 0.0140625
0 0.20625 0.590625 0.009375 0.0140625
0 0.35625 0.590625 0.0046875 0.0046875
0 0.5859375 0.590625 0.009375 0.0140625
0 0.71796875 0.590625 0.009375 0.009375
0 0.553125 0.590625 0.0046875 0.009375
0 0.59296875 0.590625 0.009375 0.0140625
0 0.61328125 0.590625 0.0046875 0.009375
0 0.6296875 0.590625 0.009375 0.009375
0 0.6734375 0.590625 0.0046875 0.0140625
0 0.68046875 0.590625 0.0046875 0.009375
0 0.53671875 0.59296875 0.009375 0.0140625
0 0.57421875 0.59296875 0.0046875 0.0140625
0 0.69921875 0.59296875 0.009375 0.009375
0 0.87265625 0.59296875 0.009375 0.0140625
0 0.95625 0.59296875 0.009375 0.0140625
0 0.32421875 0.59296875 0.0046875 0.009375
0 0.3890625 0.59296875 0.009375 0.009375
0 0.3359375 0.59296875 0.009375 0.009375
0 0.34453125 0.59296875 0.0046875 0.009375
0 0.39609375 0.59296875 0.009375 0.009375
0 0.4421875 0.59296875 0.009375 0.009375
0 0.64609375 0.59296875 0.0046875 0.009375
0 0.91640625 0.59296875 0.009375 0.0140625
0 0.08359375 0.59296875 0.009375 0.009375
0 0.36328125 0.59296875 0.009375 0.009375
0 0.68515625 0.59296875 0.009375 0.009375
0 0.88671875 0.59453125 0.0140625 0.0046875
0 0.3796875 0.59453125 0.009375 0.0046875
0 0.66171875 0.59453125 0.009375 0.0046875
0 0.40546875 0.59453125 0.0046875 0.009375
0 0.7734375 0.59453125 0.009375 0.009375
0 0.50703125 0.59453125 0.0046875 0.0046875
0 0.57890625 0.59453125 0.009375 0.009375
0 0.90078125 0.596875 0.009375 0.009375
0 0.80546875 0.596875 0.009375 0.009375
0 0.84296875 0.596875 0.0140625 0.01875
0 0.3515625 0.596875 0.009375 0.009375
0 0.85859375 0.596875 0.009375 0.0140625
0 0.51875 0.596875 0.0046875 0.0140625
0 0.71796875 0.596875 0.009375 0.0140625
0 0.11796875 0.596875 0.009375 0.009375
0 0.21953125 0.596875 0.0046875 0.009375
0 0.66875 0.596875 0.009375 0.0140625
0 0.9859375 0.596875 0.009375 0.0140625
0 0.2359375 0.59921875 0.0046875 0.0140625
0 0.759375 0.59921875 0.009375 0.0140625
0 0.24296875 0.59921875 0.009375 0.0046875
0 0.284375 0.59921875 0.0046875 0.009375
0 0.625 0.59921875 0.009375 0.009375
0 0.784375 0.6015625 0.009375 0.009375
0 0.79375 0.6015625 0.009375 0.009375
0 0.8171875 0.6015625 0.009375 0.009375
0 0.05078125 0.6015625 0.009375 0.009375
0 0.68046875 0.6015625 0.0046875 0.009375
0 0.70625 0.6015625 0.009375 0.0140625
0 0.7265625 0.6015625 0.009375 0.009375
0 0.58828125 0.6015625 0.009375 0.0140625
0 0.61328125 0.6015625 0.009375 0.009375
0 0.32421875 0.6015625 0.009375 0.0140625
0 0.33359375 0.6015625 0.009375 0.009375
0 0.5671875 0.6015625 0.009375 0.0140625
0 0.22421875 0.60390625 0.009375 0.009375
0 0.375 0.60390625 0.0046875 0.0140625
0 0.39140625 0.60390625 0.009375 0.009375
0 0.97421875 0.60390625 0.009375 0.0140625
0 0.6484375 0.60390625 0.009375 0.0140625
0 0.09296875 0.60390625 0.009375 0.0046875
0 0.1640625 0.60390625 0.0140625 0.0140625
0 0.45859375 0.60390625 0.009375 0.0140625
0 0.534375 0.60390625 0.009375 0.0140625
0 0.365625 0.60625 0.009375 0.009375
0 0.95625 0.60625 0.0140625 0.01875
0 0.65703125 0.60625 0.009375 0.0140625
0 0.1921875 0.60625 0.0046875 0.0140625
0 0.21328125 0.60625 0.009375 0.0140625
0 0.35390625 0.60625 0.009375 0.009375
0 0.60625 0.60625 0.009375 0.0140625
0 0.2640625 0.60859375 0.0046875 0.0140625
0 0.3171875 0.60859375 0.009375 0.0140625
0 0.778125 0.60859375 0.0140625 0.0140625
0 0.4859375 0.60859375 0.009375 0.0140625
0 0.2359375 0.60859375 0.0046875 0.0140625
0 0.340625 0.60859375 0.009375 0.0140625
0 0.24765625 0.6109375 0.0046875 0.0140625
0 0.25703125 0.6109375 0.0046875 0.0140625
0 0.44453125 0.6109375 0.0046875 0.009375
0 0.87265625 0.6109375 0.0140625 0.0140625
0 0.590625 0.6109375 0.009375 0.0140625
0 0.6828125 0.6109375 0.009375 0.009375
0 0.1828125 0.6109375 0.009375 0.0140625
0 0.28046875 0.6109375 0.0140625 0.0140625
0 0.7109375 0.6109375 0.009375 0.0140625
0 0.08125 0.61328125 0.0140625 0.0140625
0 0.91875 0.61328125 0.009375 0.0140625
0 0.3796875 0.61328125 0.009375 0.0140625
0 0.39375 0.61328125 0.0046875 0.009375
0 0.5671875 0.61328125 0.009375 0.0140625
0 0.66171875 0.61328125 0.009375 0.0140625
0 0.90703125 0.61328125 0.0140625 0.0140625
0 0.096875 0.61328125 0.009375 0.0140625
0 0.10859375 0.61328125 0.0046875 0.0140625
0 0.14375 0.61328125 0.0046875 0.0140625
0 0.29609375 0.61328125 0.009375 0.009375
0 0.7640625 0.61328125 0.0140625 0.0140625
0 0.803125 0.61328125 0.009375 0.0140625
0 0.22421875 0.61328125 0.009375 0.009375
0 0.55078125 0.61328125 0.009375 0.0140625
0 0.32421875 0.615625 0.009375 0.009375
0 0.4328125 0.615625 0.009375 0.0140625
0 0.98125 0.615625 0.009375 0.01875
0 0.31015625 0.615625 0.009375 0.009375
0 0.365625 0.615625 0.009375 0.009375
0 0.50703125 0.615625 0.0046875 0.009375
0 0.6734375 0.615625 0.0046875 0.009375
0 0.16640625 0.61796875 0.0140625 0.009375
0 0.62734375 0.61796875 0.009375 0.0140625
0 0.5765625 0.61796875 0.009375 0.0140625
0 0.821875 0.61796875 0.0140625 0.01875
0 0.35625 0.61796875 0.009375 0.009375
0 0.96953125 0.6203125 0.0140625 0.0140625
0 0.053125 0.6203125 0.009375 0.0140625
0 0.73125 0.6203125 0.009375 0.0140625
0 0.20390625 0.6203125 0.0046875 0.0140625
0 0.7359375 0.6203125 0.009375 0.0140625
0 0.74765625 0.6203125 0.009375 0.0140625
0 0.79609375 0.6203125 0.009375 0.01875
0 0.94453125 0.6203125 0.0140625 0.01875
0 0.4609375 0.6203125 0.009375 0.0140625
0 0.303125 0.62265625 0.009375 0.0140625
0 0.64375 0.62265625 0.009375 0.0140625
0 0.8609375 0.62265625 0.009375 0.01875
0 0.68984375 0.62265625 0.009375 0.0140625
0 0.284375 0.62265625 0.009375 0.0140625
0 0.34453125 0.62265625 0.009375 0.0140625
0 0.84921875 0.62265625 0.009375 0.0140625
0 0.33359375 0.62265625 0.009375 0.0140625
0 0.9953125 0.625 0.009375 0.01875
0 0.1015625 0.625 0.009375 0.009375
0 0.26171875 0.625 0.009375 0.0140625
0 0.903125 0.625 0.0140625 0.01875
0 0.6203125 0.625 0.009375 0.0140625
0 0.2265625 0.62734375 0.0140625 0.0140625
0 0.49765625 0.62734375 0.0046875 0.0140625
0 0.50703125 0.62734375 0.009375 0.0140625
0 0.56015625 0.62734375 0.009375 0.0140625
0 0.71953125 0.62734375 0.0140625 0.0140625
0 0.6015625 0.62734375 0.0140625 0.0140625
0 0.365625 0.6296875 0.009375 0.0140625
0 0.84296875 0.6296875 0.0140625 0.0140625
0 0.24765625 0.6296875 0.009375 0.009375
0 0.39375 0.6296875 0.0140625 0.0140625
0 0.659375 0.6296875 0.009375 0.0140625
0 0.76640625 0.6296875 0.009375 0.0140625
0 0.88671875 0.63203125 0.0140625 0.01875
0 0.52578125 0.63203125 0.009375 0.01875
0 0.56953125 0.634375 0.0046875 0.0140625
0 0.196875 0.634375 0.009375 0.0140625
0 0.215625 0.634375 0.0046875 0.0140625
0 0.490625 0.634375 0.0140625 0.009375
0 0.6203125 0.63671875 0.009375 0.0046875
0 0.10625 0.63671875 0.009375 0.0140625
0 0.1296875 0.63671875 0.009375 0.01875
0 0.54140625 0.63671875 0.0140625 0.0140625
0 0.28671875 0.6390625 0.009375 0.009375
0 0.821875 0.6390625 0.009375 0.01875
0 0.16640625 0.6390625 0.0140625 0.01875
0 0.47890625 0.6390625 0.009375 0.01875
0 0.87265625 0.6390625 0.009375 0.0140625
0 0.92109375 0.6390625 0.0140625 0.01875
0 0.3265625 0.64140625 0.0140625 0.009375
0 0.90703125 0.64140625 0.0140625 0.0140625
0 0.2109375 0.64140625 0.0140625 0.0140625
0 0.59296875 0.64140625 0.009375 0.01875
0 0.6875 0.64140625 0.0140625 0.01875
0 0.3703125 0.64375 0.009375 0.0140625
0 0.25703125 0.64375 0.009375 0.0140625
0 0.5046875 0.64609375 0.0140625 0.01875
0 0.72890625 0.64609375 0.0140625 0.0140625
0 0.26640625 0.64609375 0.0046875 0.0140625
0 0.365625 0.64609375 0.009375 0.0140625
0 0.1015625 0.64609375 0.009375 0.0140625
0 0.34453125 0.64609375 0.0140625 0.01875
0 0.409375 0.64609375 0.009375 0.01875
0 0.42109375 0.64609375 0.009375 0.01875
0 0.553125 0.64609375 0.009375 0.0140625
0 0.62265625 0.6484375 0.0140625 0.0140625
0 0.08828125 0.6484375 0.0140625 0.0140625
0 0.24296875 0.6484375 0.0140625 0.01875
0 0.2984375 0.65078125 0.009375 0.01875
0 0.48828125 0.65078125 0.0140625 0.01875
0 0.32421875 0.65078125 0.009375 0.0140625
0 0.35859375 0.65078125 0.009375 0.0140625
0 0.18984375 0.653125 0.0140625 0.0234375
0 0.93515625 0.653125 0.01875 0.0140625
0 0.58359375 0.653125 0.0140625 0.01875
0 0.0765625 0.653125 0.009375 0.0234375
0 0.196875 0.653125 0.009375 0.0140625
0 0.14609375 0.653125 0.009375 0.01875
0 0.44453125 0.65546875 0.0140625 0.0140625
0 0.16875 0.65546875 0.0140625 0.01875
0 0.28671875 0.65546875 0.0140625 0.01875
0 0.39375 0.65546875 0.009375 0.0140625
0 0.3796875 0.65703125 0.009375 0.0140625
0 0.33125 0.65703125 0.0140625 0.01875
0 0.7546875 0.65703125 0.009375 0.01875
0 0.903125 0.65703125 0.0140625 0.0140625
0 0.4609375 0.65703125 0.0140625 0.01875
0 0.64375 0.65703125 0.0140625 0.01875
0 0.37265625 0.659375 0.009375 0.0140625
0 0.7734375 0.659375 0.0140625 0.0234375
0 0.10390625 0.66171875 0.009375 0.01875
0 0.1203125 0.66171875 0.0140625 0.01875
0 0.5671875 0.6640625 0.0140625 0.01875
0 0.43046875 0.66640625 0.0046875 0.0140625
0 0.80546875 0.66640625 0.01875 0.028125
0 0.83359375 0.66640625 0.0140625 0.01875
0 0.490625 0.66640625 0.0140625 0.009375
0 0.51171875 0.66640625 0.0140625 0.0140625
0 0.625 0.66875 0.0140625 0.01875
0 0.67578125 0.66875 0.0140625 0.0234375
0 0.7265625 0.66875 0.0140625 0.0234375
0 0.35390625 0.66875 0.0140625 0.01875
0 0.1296875 0.67109375 0.0140625 0.01875
0 0.02578125 0.67109375 0.05078125 0.16640625
0 0.45390625 0.67109375 0.0140625 0.01875
0 0.82421875 0.6734375 0.0140625 0.01875
0 0.2109375 0.6734375 0.009375 0.0140625
0 0.9421875 0.6734375 0.0234375 0.028125
0 0.4421875 0.6734375 0.009375 0.01875
0 0.84453125 0.67578125 0.0140625 0.0234375
0 0.41171875 0.67578125 0.0140625 0.01875
0 0.71328125 0.67578125 0.01875 0.01875
0 0.34453125 0.67578125 0.0140625 0.01875
0 0.571875 0.678125 0.0140625 0.009375
0 0.0625 0.678125 0.0234375 0.0234375
0 0.528125 0.678125 0.01875 0.0140625
0 0.16171875 0.68046875 0.01875 0.01875
0 0.40078125 0.6828125 0.0140625 0.0140625
0 0.490625 0.6828125 0.0140625 0.0140625
0 0.59921875 0.6828125 0.0140625 0.01875
0 0.22421875 0.68515625 0.0140625 0.01875
0 0.240625 0.68515625 0.0140625 0.01875
0 0.78671875 0.6875 0.01875 0.028125
0 0.8171875 0.69453125 0.01875 0.028125
0 0.6875 0.696875 0.0140625 0.028125
0 0.884375 0.69921875 0.03203125 0.03671875
0 0.37734375 0.7015625 0.0234375 0.0140625
0 0.115625 0.7015625 0.028125 0.04140625
0 0.571875 0.7015625 0.0140625 0.01875
0 0.60390625 0.7015625 0.0140625 0.01875
0 0.53671875 0.70390625 0.01875 0.0234375
0 0.99296875 0.70390625 0.0140625 0.028125
0 0.5859375 0.70859375 0.009375 0.0140625
0 0.14609375 0.70859375 0.01875 0.0234375
0 0.409375 0.7109375 0.0234375 0.03203125
0 0.196875 0.7109375 0.01875 0.01875
0 0.63203125 0.71328125 0.01875 0.01875
0 0.51875 0.71796875 0.01875 0.03203125
0 0.21796875 0.721875 0.01875 0.028125
0 0.37734375 0.7265625 0.0234375 0.028125
0 0.59453125 0.72890625 0.01875 0.01875
0 0.8078125 0.73125 0.01875 0.028125
0 0.72890625 0.73828125 0.03203125 0.04140625
0 0.0578125 0.7453125 0.03671875 0.07890625
0 0.97890625 0.75 0.0234375 0.05546875
0 0.67109375 0.75 0.028125 0.04140625
0 0.29375 0.75 0.07421875 0.08828125
0 0.17578125 0.7546875 0.04609375 0.06484375
0 0.59921875 0.759375 0.028125 0.03671875
0 0.63203125 0.76875 0.028125 0.03671875
0 0.46953125 0.76875 0.07421875 0.115625
0 0.221875 0.77109375 0.028125 0.05078125
0 0.5390625 0.7734375 0.028125 0.04140625
0 0.696875 0.778125 0.01875 0.028125
0 0.090625 0.78046875 0.03671875 0.06484375
0 0.90703125 0.78046875 0.06484375 0.125
0 0.3703125 0.79140625 0.028125 0.05078125
0 0.2546875 0.79375 0.0234375 0.05546875
0 0.990625 0.79375 0.009375 0.04140625
0 0.125 0.803125 0.04140625 0.03203125
0 0.8515625 0.80546875 0.028125 0.07421875
0 0.81953125 0.80546875 0.0234375 0.04140625
0 0.54609375 0.84296875 0.03671875 0.06015625