0 0.35859375 0.27578125 0.06484375 0.09296875
0 0.72421875 0.27578125 0.06484375 0.1109375
0 0.534375 0.321875 0.07890625 0.10625
0 0.76171875 0.15546875 0.06953125 0.08359375
0 0.35625 0.17109375 0.06953125 0.07890625
0 0.4859375 0.1921875 0.06015625 0.08828125
0 0.5671875 0.19921875 0.06484375 0.07890625
0 0.19921875 0.21796875 0.07890625 0.08828125
0 0.03671875 0.21796875 0.05546875 0.07421875
0 0.653125 0.23125 0.07421875 0.096875
0 0.95625 0.23359375 0.06015625 0.10625
0 0.12265625 0.24296875 0.07421875 0.1015625
0 0.8125 0.24765625 0.06953125 0.1109375
0 0.88671875 0.25703125 0.07421875 0.10625
0 0.4375 0.259375 0.07890625 0.07890625
0 0.284375 0.259375 0.07421875 0.1015625