0 0.0671875 0.15703125 0.04609375 0.05546875
0 0.5765625 0.16171875 0.03203125 0.04609375
0 0.1875 0.1828125 0.05078125 0.06953125
0 0.78046875 0.1828125 0.03671875 0.05078125
0 0.28671875 0.1875 0.04140625 0.05078125
0 0.68515625 0.19453125 0.03671875 0.05546875
0 0.3265625 0.19453125 0.04140625 0.06015625
0 0.04375 0.20625 0.04609375 0.06015625
0 0.8078125 0.20859375 0.04140625 0.05546875
0 0.54375 0.215625 0.03671875 0.06015625
0 0.51640625 0.23828125 0.03671875 0.05546875
0 0.43984375 0.25 0.04609375 0.06015625
0 0.240625 0.25234375 0.05078125 0.07421875
0 0.40078125 0.2546875 0.04140625 0.06484375
0 0.66875 0.2546875 0.03671875 0.04140625
0 0.71796875 0.27109375 0.04140625 0.05546875
0 0.6203125 0.28046875 0.03671875 0.06484375
0 0.35625 0.28671875 0.05078125 0.07421875
0 0.8171875 0.2890625 0.04609375 0.06484375
0 0.27578125 0.29375 0.05078125 0.07421875
0 0.6875 0.30078125 0.04609375 0.06015625
0 0.64609375 0.303125 0.04140625 0.06484375
0 0.4859375 0.303125 0.03671875 0.06015625
0 0.58125 0.303125 0.04140625 0.05546875
0 0.18515625 0.31953125 0.03671875 0.06953125
0 0.07421875 0.31953125 0.03203125 0.06484375
0 0.03203125 0.321875 0.04609375 0.06953125
0 0.01875 0.03671875 0.03671875 0.06484375
0 0.865625 0.33125 0.05078125 0.05546875
0 0.22421875 0.33359375 0.04140625 0.06484375
0 0.40546875 0.33828125 0.05078125 0.06484375
0 0.16171875 0.340625 0.04609375 0.07421875
0 0.34921875 0.340625 0.05078125 0.05546875
0 0.115625 0.34921875 0.03671875 0.06484375
0 0.94453125 0.3609375 0.05078125 0.06484375
0 0.509375 0.3703125 0.03671875 0.06015625
0 0.59296875 0.375 0.03671875 0.06484375
0 0.7890625 0.384375 0.05078125 0.06484375
0 0.47421875 0.39140625 0.04140625 0.05078125
0 0.68984375 0.4234375 0.05546875 0.06484375
0 0.80078125 0.4234375 0.05078125 0.07890625
0 0.56484375 0.42578125 0.05078125 0.07421875
0 0.4515625 0.4515625 0.05078125 0.07890625
0 0.8609375 0.45390625 0.04140625 0.06484375
0 0.35390625 0.46796875 0.05078125 0.07421875
0 0.62734375 0.48828125 0.05078125 0.05546875
0 0.27109375 0.490625 0.04140625 0.06953125
0 0.95859375 0.5 0.04609375 0.05546875
0 0.91171875 0.54375 0.05078125 0.06484375
0 0.6390625 0.5625 0.05078125 0.06484375
0 0.784375 0.5625 0.04609375 0.04140625
0 0.971875 0.56953125 0.04609375 0.07421875
0 0.3984375 0.596875 0.04609375 0.06953125
0 0.82890625 0.6015625 0.04140625 0.07890625
0 0.73359375 0.60625 0.05078125 0.07890625
0 0.80078125 0.615625 0.05078125 0.07890625
0 0.4609375 0.63203125 0.06484375 0.07890625
0 0.90703125 0.634375 0.04140625 0.05546875
0 0.346875 0.6484375 0.04609375 0.08359375
0 0.6296875 0.6828125 0.05078125 0.07890625
0 0.571875 0.68515625 0.04140625 0.07421875
0 0.4859375 0.71796875 0.05078125 0.06484375
0 0.946875 0.73125 0.06015625 0.07890625
0 0.8359375 0.74296875 0.06484375 0.08828125
0 0.70625 0.7453125 0.06015625 0.07890625
0 0.60625 0.821875 0.06015625 0.08828125
0 0.44921875 0.8265625 0.07421875 0.08359375
0 0.3703125 0.84453125 0.05078125 0.08828125
0 0.67578125 0.87265625 0.06015625 0.08359375
0 0.29140625 0.90703125 0.06953125 0.1015625
0 0.54140625 0.93046875 0.07421875 0.09296875
0 0.0765625 0.10390625 0.06015625 0.05546875
0 0.14609375 0.1390625 0.04140625 0.06015625