0 0.46328125 0.16171875 0.03203125 0.06953125
0 0.36796875 0.178125 0.0234375 0.06015625
0 0.5484375 0.2109375 0.04140625 0.09296875
0 0.7546875 0.221875 0.04609375 0.07890625
0 0.26875 0.23359375 0.04140625 0.06953125
0 0.634375 0.24765625 0.04140625 0.05546875
0 0.4515625 0.28671875 0.04140625 0.07421875
0 0.33828125 0.29609375 0.04609375 0.06484375
0 0.53671875 0.3125 0.03203125 0.07421875
0 0.67109375 0.33125 0.04140625 0.06953125
0 0.303125 0.36328125 0.05078125 0.07421875
0 0.80546875 0.38203125 0.04609375 0.07421875
0 0.38671875 0.38671875 0.04609375 0.07421875
0 0.4953125 0.3984375 0.03203125 0.06484375
0 0.4609375 0.409375 0.028125 0.05546875
0 0.57421875 0.41171875 0.04140625 0.07421875
0 0.53046875 0.41640625 0.03203125 0.06953125
0 0.4515625 0.465625 0.03671875 0.07421875
0 0.51640625 0.465625 0.04609375 0.06953125
0 0.66875 0.471875 0.04140625 0.06015625
0 0.46953125 0.4765625 0.028125 0.05546875
0 0.2109375 0.51171875 0.05546875 0.06484375
0 0.50234375 0.5234375 0.04140625 0.07421875
0 0.30546875 0.54375 0.04609375 0.06015625
0 0.37265625 0.55078125 0.03203125 0.06484375
0 0.56484375 0.5578125 0.05078125 0.08359375
0 0.72890625 0.56953125 0.04140625 0.06484375
0 0.6734375 0.63671875 0.05078125 0.08359375
0 0.20859375 0.64609375 0.04140625 0.07421875
0 0.33359375 0.66171875 0.04609375 0.07890625
0 0.46328125 0.66640625 0.04609375 0.07421875
0 0.38203125 0.75234375 0.04140625 0.08828125
0 0.62265625 0.7640625 0.04140625 0.06484375
0 0.51171875 0.76640625 0.04140625 0.07890625
0 0.7734375 0.8125 0.04609375 0.07421875
0 0.28046875 0.87265625 0.04609375 0.096875
0 0.15546875 0.87734375 0.05078125 0.07890625
0 0.590625 0.09296875 0.04140625 0.08359375
0 0.73125 0.928125 0.04140625 0.06484375
0 0.57890625 0.95390625 0.04140625 0.07890625
0 0.63203125 0.9765625 0.03671875 0.04140625
0 0.41171875 0.9859375 0.04140625 0.028125
0 0.68046875 0.10859375 0.03671875 0.06953125
0 0.321875 0.1203125 0.03203125 0.06015625