0 0.85859375 0.25703125 0.06953125 0.14375
0 0.71328125 0.26171875 0.06015625 0.1203125
0 0.31953125 0.3359375 0.06953125 0.1203125
0 0.3890625 0.34453125 0.05546875 0.1390625
0 0.98359375 0.346875 0.03203125 0.10625
0 0.48828125 0.384375 0.07421875 0.125
0 0.09375 0.04140625 0.06875 0.0828125
0 0.4671875 0.04375 0.05 0.0875
0 0.98125 0.5046875 0.03671875 0.14375
0 0.82890625 0.57890625 0.07421875 0.16640625
0 0.028125 0.678125 0.05546875 0.21796875
0 0.70859375 0.84296875 0.1109375 0.2359375
0 0.009375 0.10625 0.01875 0.07890625
0 0.6109375 0.12734375 0.05078125 0.10625
0 0.553125 0.13671875 0.05078125 0.115625
0 0.87734375 0.1390625 0.04140625 0.09296875
0 0.784375 0.14375 0.04609375 0.09296875
0 0.21953125 0.15703125 0.07421875 0.134375
0 0.009375 0.02109375 0.01875 0.04140625
0 0.80546875 0.20625 0.03671875 0.1109375
0 0.53046875 0.2265625 0.05078125 0.096875
0 0.93984375 0.23828125 0.07421875 0.10625