0 0.553125 0.29140625 0.0046875 0.0046875
0 0.53046875 0.31015625 0.0046875 0.0140625
0 0.52109375 0.31015625 0.0046875 0.009375
0 0.509375 0.3125 0.0046875 0.0140625
0 0.4953125 0.3171875 0.009375 0.0140625
0 0.46953125 0.321875 0.009375 0.0140625
0 0.3609375 0.32421875 0.0140625 0.01875
0 0.48359375 0.3265625 0.009375 0.0140625
0 0.3125 0.32890625 0.028125 0.04140625
0 0.4234375 0.32890625 0.009375 0.0140625
0 0.37265625 0.33125 0.0140625 0.01875
0 0.284375 0.33125 0.01875 0.04140625
0 0.52109375 0.33125 0.009375 0.0140625
0 0.40703125 0.33359375 0.0140625 0.0140625
0 0.38203125 0.33359375 0.01875 0.0234375
0 0.4765625 0.33359375 0.009375 0.0140625
0 0.590625 0.3359375 0.0140625 0.0140625
0 0.340625 0.3359375 0.009375 0.0140625
0 0.45390625 0.3359375 0.009375 0.0140625
0 0.4328125 0.33828125 0.0046875 0.0140625
0 0.4609375 0.340625 0.0046875 0.0140625
0 0.48125 0.340625 0.0140625 0.0140625
0 0.61328125 0.340625 0.0140625 0.01875
0 0.6015625 0.340625 0.009375 0.01875
0 0.1109375 0.340625 0.04609375 0.06484375
0 0.3984375 0.340625 0.0140625 0.0140625
0 0.346875 0.34296875 0.009375 0.009375
0 0.5671875 0.34296875 0.0140625 0.0234375
0 0.46796875 0.34296875 0.0046875 0.0140625
0 0.3609375 0.34453125 0.01875 0.028125
0 0.321875 0.34453125 0.01875 0.028125
0 0.48828125 0.34453125 0.009375 0.009375
0 0.43515625 0.346875 0.0140625 0.01875
0 0.58359375 0.346875 0.0140625 0.01875
0 0.45859375 0.346875 0.009375 0.0140625
0 0.39140625 0.34921875 0.009375 0.0140625
0 0.6390625 0.3515625 0.01875 0.0234375
0 0.4765625 0.35390625 0.01875 0.01875
0 0.5765625 0.35390625 0.0140625 0.0234375
0 0.5234375 0.35390625 0.0234375 0.04140625
0 0.54375 0.35390625 0.03203125 0.04609375
0 0.34296875 0.35625 0.009375 0.01875
0 0.40546875 0.35859375 0.01875 0.03203125
0 0.4953125 0.35859375 0.0140625 0.028125
0 0.3796875 0.35859375 0.0140625 0.03203125
0 0.5046875 0.35859375 0.0140625 0.0234375
0 0.6484375 0.3609375 0.0140625 0.0140625
0 0.42109375 0.3609375 0.0234375 0.028125
0 0.45390625 0.3609375 0.0140625 0.0140625
0 0.68515625 0.36328125 0.01875 0.01875
0 0.83359375 0.365625 0.04140625 0.06484375
0 0.79609375 0.3703125 0.03203125 0.04140625
0 0.6203125 0.375 0.01875 0.04140625
0 0.6390625 0.38203125 0.01875 0.03203125
0 0.446875 0.38203125 0.01875 0.0234375
0 0.66640625 0.38203125 0.028125 0.04609375
0 0.471875 0.38203125 0.03671875 0.04609375
0 0.6015625 0.38671875 0.028125 0.03671875
0 0.73828125 0.39140625 0.03203125 0.04140625
0 0.9375 0.39140625 0.05546875 0.08359375
0 0.6875 0.40078125 0.028125 0.04140625
0 0.18984375 0.40703125 0.05546875 0.06484375
0 0.87734375 0.409375 0.04140625 0.05078125
0 0.35625 0.4234375 0.028125 0.04609375