0 0.4328125 0.13203125 0.0234375 0.028125
0 0.6203125 0.134375 0.03203125 0.04609375
0 0.534375 0.134375 0.028125 0.04609375
0 0.5859375 0.13671875 0.03203125 0.05546875
0 0.93984375 0.13671875 0.04140625 0.03671875
0 0.5625 0.14375 0.0234375 0.04609375
0 0.30546875 0.14609375 0.01875 0.04140625
0 0.321875 0.1484375 0.01875 0.0140625
0 0.81953125 0.1484375 0.04140625 0.04609375
0 0.67578125 0.15078125 0.0140625 0.01875
0 0.990625 0.15546875 0.01875 0.04140625
0 0.35859375 0.15546875 0.0140625 0.028125
0 0.465625 0.15703125 0.0234375 0.03671875
0 0.653125 0.159375 0.0234375 0.03203125
0 0.89375 0.159375 0.028125 0.04140625
0 0.21953125 0.1640625 0.0234375 0.01875
0 0.31953125 0.1640625 0.01875 0.0140625
0 0.965625 0.16640625 0.01875 0.04140625
0 0.76640625 0.16640625 0.03671875 0.03671875
0 0.7359375 0.17109375 0.01875 0.03203125
0 0.69453125 0.1734375 0.028125 0.03203125
0 0.16875 0.1734375 0.0234375 0.0046875
0 0.39375 0.1734375 0.04609375 0.06484375
0 0.11328125 0.17578125 0.04140625 0.04609375
0 0.94921875 0.17578125 0.03671875 0.05546875
0 0.4421875 0.17578125 0.04140625 0.04609375
0 0.35859375 0.178125 0.01875 0.01875
0 0.8703125 0.1828125 0.04609375 0.05078125
0 0.721875 0.1828125 0.03671875 0.03671875
0 0.509375 0.18515625 0.04140625 0.06484375
0 0.615625 0.18984375 0.03203125 0.028125
0 0.4765625 0.18984375 0.028125 0.0234375
0 0.80546875 0.19453125 0.03671875 0.05078125
0 0.9859375 0.196875 0.028125 0.05546875
0 0.01875 0.19921875 0.01875 0.03671875
0 0.54140625 0.19921875 0.03671875 0.04609375
0 0.9140625 0.19921875 0.03671875 0.05546875
0 0.29375 0.19921875 0.03203125 0.05546875
0 0.05546875 0.2015625 0.04609375 0.06484375
0 0.2734375 0.2015625 0.03671875 0.04140625
0 0.6734375 0.20390625 0.0234375 0.028125
0 0.79609375 0.20625 0.028125 0.03671875
0 0.7734375 0.20625 0.028125 0.04609375
0 0.35625 0.20625 0.028125 0.03671875
0 0.32421875 0.20859375 0.04140625 0.05078125
0 0.2265625 0.2109375 0.028125 0.04609375
0 0.2015625 0.21796875 0.028125 0.06953125
0 0.94921875 0.2265625 0.04609375 0.04609375
0 0.76640625 0.23125 0.03203125 0.06484375
0 0.178125 0.240625 0.04140625 0.08359375
0 0.428125 0.2453125 0.03671875 0.07890625
0 0.0140625 0.2453125 0.028125 0.09296875
0 0.70390625 0.25 0.05078125 0.09296875
0 0.89375 0.25234375 0.04140625 0.07421875
0 0.125 0.25234375 0.03671875 0.07890625
0 0.38671875 0.2546875 0.04609375 0.07890625
0 0.634375 0.25703125 0.05078125 0.08359375
0 0.24765625 0.259375 0.03671875 0.07421875
0 0.471875 0.259375 0.04140625 0.07421875
0 0.58828125 0.26171875 0.04140625 0.07421875
0 0.509375 0.2640625 0.03671875 0.06484375
0 0.75 0.2640625 0.03203125 0.07890625
0 0.85390625 0.26640625 0.03671875 0.07890625
0 0.5484375 0.27578125 0.04140625 0.07890625
0 0.278125 0.278125 0.04609375 0.07890625
0 0.0765625 0.28046875 0.04609375 0.07421875
0 0.8125 0.28671875 0.05078125 0.08359375
0 0.340625 0.2984375 0.04609375 0.06953125
0 0.96953125 0.32890625 0.05546875 0.08359375
0 0.8890625 0.33125 0.04609375 0.06953125
0 0.884375 0.42109375 0.05546875 0.09296875
0 0.43984375 0.47421875 0.04140625 0.06953125