0 0.8890625 0.865625 0.134375 0.240625
0 0.96953125 0.2890625 0.01875 0.0234375
0 0.81484375 0.29375 0.0140625 0.01875
0 0.946875 0.29375 0.01875 0.0234375
0 0.7109375 0.303125 0.0140625 0.01875
0 0.88203125 0.30546875 0.01875 0.01875
0 0.92578125 0.3078125 0.009375 0.0140625
0 0.56484375 0.3078125 0.0046875 0.009375
0 0.68515625 0.31015625 0.0140625 0.01875
0 0.72421875 0.31015625 0.009375 0.0140625
0 0.909375 0.31015625 0.0140625 0.0140625
0 0.6484375 0.31015625 0.0140625 0.0140625
0 0.5578125 0.3125 0.009375 0.009375
0 0.36796875 0.3171875 0.0140625 0.009375
0 0.6015625 0.3171875 0.0140625 0.01875
0 0.62265625 0.3171875 0.0140625 0.0234375
0 0.41171875 0.31953125 0.0140625 0.01875
0 0.46328125 0.31953125 0.0140625 0.0140625
0 0.49765625 0.321875 0.0234375 0.028125
0 0.715625 0.32421875 0.0140625 0.0140625
0 0.375 0.32421875 0.0140625 0.0140625
0 0.39140625 0.32421875 0.0140625 0.01875
0 0.17578125 0.3265625 0.009375 0.009375
0 0.16875 0.3265625 0.009375 0.0140625
0 0.15703125 0.32890625 0.0046875 0.009375
0 0.55078125 0.32890625 0.009375 0.01875
0 0.7265625 0.32890625 0.0140625 0.0140625
0 0.3125 0.32890625 0.0140625 0.0140625
0 0.57421875 0.32890625 0.0140625 0.0140625
0 0.321875 0.33125 0.0140625 0.0140625
0 0.81015625 0.33125 0.0140625 0.0140625
0 0.85390625 0.33359375 0.01875 0.01875
0 0.68984375 0.33359375 0.0140625 0.01875
0 0.1875 0.3359375 0.009375 0.0140625
0 0.90546875 0.3359375 0.03203125 0.04140625
0 0.64375 0.3359375 0.028125 0.0234375
0 0.93046875 0.33828125 0.0234375 0.03203125
0 0.27578125 0.33828125 0.0140625 0.01875
0 0.46953125 0.33828125 0.009375 0.0140625
0 0.61328125 0.33828125 0.01875 0.028125
0 0.2265625 0.34296875 0.0140625 0.0140625
0 0.47890625 0.34296875 0.0140625 0.0140625
0 0.10390625 0.34296875 0.009375 0.0140625
0 0.41875 0.34453125 0.0140625 0.01875
0 0.80078125 0.346875 0.0140625 0.0234375
0 0.09453125 0.346875 0.009375 0.009375
0 0.75234375 0.346875 0.01875 0.0234375
0 0.33359375 0.346875 0.009375 0.009375
0 0.04140625 0.346875 0.009375 0.009375
0 0.784375 0.34921875 0.028125 0.04140625
0 0.68515625 0.34921875 0.0140625 0.0234375
0 0.1203125 0.34921875 0.009375 0.009375
0 0.2984375 0.34921875 0.0140625 0.01875
0 0.88203125 0.34921875 0.03203125 0.05078125
0 0.1921875 0.34921875 0.009375 0.0140625
0 0.1484375 0.3515625 0.009375 0.009375
0 0.37265625 0.3515625 0.0140625 0.01875
0 0.81953125 0.3515625 0.0234375 0.03203125
0 0.2640625 0.3515625 0.0140625 0.0234375
0 0.721875 0.35390625 0.01875 0.01875
0 0.15546875 0.35390625 0.009375 0.0140625
0 0.54140625 0.35390625 0.028125 0.03671875
0 0.48359375 0.35625 0.0140625 0.0234375
0 0.446875 0.35625 0.0234375 0.0234375
0 0.65703125 0.35625 0.0140625 0.0234375
0 0.31484375 0.35625 0.0234375 0.028125
0 0.38671875 0.35625 0.0140625 0.01875
0 0.240625 0.35859375 0.0140625 0.0140625
0 0.0765625 0.3609375 0.01875 0.01875
0 0.18515625 0.3609375 0.0140625 0.0140625
0 0.3515625 0.3609375 0.0234375 0.0234375
0 0.16875 0.3609375 0.0140625 0.01875
0 0.1390625 0.36328125 0.0140625 0.01875
0 0.590625 0.365625 0.028125 0.04140625
0 0.46328125 0.365625 0.01875 0.028125
0 0.19921875 0.365625 0.0140625 0.0140625
0 0.053125 0.3703125 0.01875 0.01875
0 0.1484375 0.3703125 0.0140625 0.0140625
0 0.21796875 0.3703125 0.01875 0.0234375
0 0.1015625 0.3703125 0.0140625 0.0234375
0 0.125 0.37265625 0.0140625 0.01875
0 0.27578125 0.37265625 0.01875 0.0234375
0 0.0140625 0.375 0.01875 0.01875
0 0.03671875 0.37734375 0.0140625 0.01875
0 0.68984375 0.37734375 0.0140625 0.0140625
0 0.6390625 0.3796875 0.028125 0.05078125
0 0.40078125 0.38203125 0.01875 0.028125
0 0.16171875 0.384375 0.01875 0.03203125
0 0.1921875 0.38671875 0.0140625 0.0234375
0 0.06015625 0.3890625 0.0140625 0.0234375
0 0.115625 0.39140625 0.01875 0.028125
0 0.134375 0.39140625 0.0140625 0.0234375
0 0.240625 0.39140625 0.0234375 0.0234375
0 0.57890625 0.39140625 0.04140625 0.06015625
0 0.22890625 0.39375 0.0140625 0.01875
0 0.76875 0.39609375 0.04140625 0.05078125
0 0.47421875 0.39609375 0.028125 0.03203125
0 0.6734375 0.39609375 0.03203125 0.04609375
0 0.37734375 0.39609375 0.0234375 0.04140625
0 0.178125 0.3984375 0.01875 0.0234375
0 0.44921875 0.403125 0.04140625 0.05546875
0 0.153125 0.40546875 0.028125 0.03671875
0 0.04609375 0.40546875 0.01875 0.0234375
0 0.01640625 0.40703125 0.03203125 0.03671875
0 0.096875 0.409375 0.0234375 0.03203125
0 0.32890625 0.41171875 0.0234375 0.03203125
0 0.3609375 0.41171875 0.03671875 0.06484375
0 0.215625 0.4140625 0.01875 0.0234375
0 0.259375 0.41875 0.03203125 0.04140625
0 0.48828125 0.42109375 0.028125 0.03671875
0 0.95625 0.42578125 0.06484375 0.10625
0 0.1203125 0.42578125 0.0234375 0.0234375
0 0.5390625 0.42578125 0.04140625 0.07421875
0 0.72890625 0.42578125 0.04140625 0.05546875
0 0.82421875 0.43046875 0.05078125 0.07421875
0 0.18515625 0.4328125 0.03203125 0.05078125
0 0.10859375 0.4375 0.01875 0.01875
0 0.096875 0.4375 0.0234375 0.03671875
0 0.071875 0.43984375 0.03671875 0.05546875
0 0.41171875 0.43984375 0.05078125 0.07421875
0 0.21953125 0.45625 0.03203125 0.04609375
0 0.16640625 0.4609375 0.03203125 0.04609375
0 0.1390625 0.465625 0.03203125 0.05546875
0 0.6640625 0.46953125 0.05546875 0.06953125
0 0.51875 0.48828125 0.05078125 0.07421875
0 0.24765625 0.50234375 0.03671875 0.05078125
0 0.29609375 0.53203125 0.06484375 0.08359375
0 0.68515625 0.57421875 0.06015625 0.096875
0 0.03203125 0.58046875 0.0640625 0.1296875
0 0.5234375 0.60390625 0.07421875 0.1109375
0 0.28203125 0.659375 0.07421875 0.115625
0 0.134375 0.8171875 0.16640625 0.20859375