0 0.38203125 0.11328125 0.134375 0.08828125
0 0.76171875 0.11328125 0.134375 0.1015625
0 0.8609375 0.11796875 0.1390625 0.115625
0 0.14609375 0.2109375 0.1296875 0.08359375
0 0.3515625 0.215625 0.134375 0.09296875
0 0.0390625 0.25625 0.078125 0.09375
0 0.87265625 0.26640625 0.1296875 0.09296875
0 0.43046875 0.26640625 0.1296875 0.09296875
0 0.79375 0.28671875 0.10625 0.08359375
0 0.4234375 0.2984375 0.096875 0.05546875
0 0.70390625 0.30078125 0.16171875 0.1015625
0 0.55078125 0.34296875 0.1390625 0.09296875
0 0.89375 0.346875 0.153125 0.07890625
0 0.49296875 0.03671875 0.1109375 0.06953125
0 0.096875 0.35625 0.17578125 0.1296875
0 0.35390625 0.41640625 0.17578125 0.09296875
0 0.8890625 0.43984375 0.1484375 0.1203125
0 0.259375 0.04375 0.10625 0.06484375
0 0.09296875 0.48125 0.16171875 0.10625
0 0.24765625 0.48828125 0.1390625 0.1109375
0 0.56484375 0.534375 0.16640625 0.06953125
0 0.053125 0.5765625 0.10625 0.125
0 0.53046875 0.58359375 0.16171875 0.10625
0 0.2015625 0.590625 0.19453125 0.10625
0 0.884375 0.596875 0.16640625 0.125
0 0.66875 0.66640625 0.1390625 0.08828125
0 0.32421875 0.0671875 0.1203125 0.07890625
0 0.23828125 0.69453125 0.153125 0.08828125
0 0.76875 0.73828125 0.1484375 0.1109375
0 0.37734375 0.79375 0.19453125 0.1296875
0 0.18046875 0.08125 0.1390625 0.1015625
0 0.20390625 0.8125 0.14375 0.115625
0 0.08828125 0.84921875 0.17578125 0.134375
0 0.73125 0.928125 0.153125 0.1109375
0 0.87734375 0.94921875 0.23125 0.1015625