0 0.00703125 0.2890625 0.0046875 0.0046875
0 0.02109375 0.29375 0.0046875 0.009375
0 0.0046875 0.29609375 0.0046875 0.0046875
0 0.0140625 0.30078125 0.0046875 0.0046875
0 0.03203125 0.303125 0.0046875 0.009375
0 0.09453125 0.30546875 0.009375 0.0046875
0 0.02578125 0.30546875 0.0046875 0.0046875
0 0.071875 0.30546875 0.009375 0.0140625
0 0.05078125 0.3078125 0.009375 0.009375
0 0.01875 0.3078125 0.0046875 0.009375
0 0.08359375 0.31015625 0.009375 0.009375
0 0.03671875 0.31015625 0.0046875 0.0046875
0 0.00703125 0.31484375 0.0046875 0.009375
0 0.00234375 0.31484375 0.0046875 0.009375
0 0.13203125 0.31484375 0.0046875 0.009375
0 0.028125 0.3171875 0.009375 0.0046875
0 0.26171875 0.3171875 0.0140625 0.0140625
0 0.15546875 0.31953125 0.0140625 0.0140625
0 0.0140625 0.31953125 0.0046875 0.009375
0 0.12265625 0.31953125 0.009375 0.009375
0 0.06953125 0.31953125 0.009375 0.0140625
0 0.93515625 0.321875 0.03203125 0.04140625
0 0.4765625 0.321875 0.01875 0.0234375
0 0.090625 0.321875 0.009375 0.009375
0 0.1875 0.321875 0.0140625 0.0234375
0 0.08125 0.321875 0.009375 0.009375
0 0.20625 0.321875 0.009375 0.009375
0 0.1734375 0.32421875 0.0140625 0.01875
0 0.21953125 0.32421875 0.0140625 0.01875
0 0.11328125 0.32421875 0.009375 0.009375
0 0.76171875 0.32421875 0.01875 0.0234375
0 0.04375 0.3265625 0.0140625 0.0234375
0 0.10625 0.3265625 0.0140625 0.0140625
0 0.14375 0.32890625 0.0140625 0.0140625
0 0.0046875 0.32890625 0.009375 0.01875
0 0.0578125 0.32890625 0.009375 0.0140625
0 0.0234375 0.32890625 0.009375 0.0140625
0 0.80078125 0.33125 0.0234375 0.03203125
0 0.35859375 0.33125 0.0140625 0.01875
0 0.09921875 0.33125 0.009375 0.0140625
0 0.19921875 0.33125 0.009375 0.0140625
0 0.21328125 0.33125 0.009375 0.009375
0 0.25234375 0.33125 0.0140625 0.01875
0 0.26875 0.33125 0.0140625 0.0140625
0 0.090625 0.33359375 0.009375 0.0140625
0 0.5 0.33359375 0.0234375 0.028125
0 0.1203125 0.33359375 0.009375 0.0140625
0 0.53203125 0.33359375 0.028125 0.028125
0 0.28203125 0.3359375 0.0234375 0.03203125
0 0.40078125 0.33828125 0.0140625 0.01875
0 0.91171875 0.33828125 0.028125 0.04140625
0 0.14140625 0.33828125 0.0140625 0.0234375
0 0.01171875 0.33828125 0.0140625 0.01875
0 0.37734375 0.33828125 0.0140625 0.01875
0 0.21328125 0.340625 0.0140625 0.0140625
0 0.85390625 0.340625 0.03671875 0.04609375
0 0.32890625 0.34296875 0.0234375 0.03671875
0 0.3890625 0.34296875 0.0140625 0.0140625
0 0.44453125 0.34296875 0.0140625 0.0234375
0 0.2359375 0.34296875 0.01875 0.01875
0 0.0671875 0.34453125 0.0140625 0.0234375
0 0.07890625 0.346875 0.0140625 0.0234375
0 0.13203125 0.346875 0.0140625 0.0140625
0 0.10625 0.34921875 0.01875 0.0234375
0 0.57421875 0.34921875 0.01875 0.0234375
0 0.36328125 0.34921875 0.01875 0.028125
0 0.1640625 0.34921875 0.0234375 0.03203125
0 0.43515625 0.3515625 0.01875 0.0234375
0 0.2984375 0.35390625 0.0234375 0.03671875
0 0.21796875 0.35390625 0.01875 0.01875
0 0.34453125 0.35390625 0.028125 0.03671875
0 0.034375 0.35390625 0.01875 0.028125
0 0.68984375 0.35859375 0.028125 0.03203125
0 0.6296875 0.35859375 0.0140625 0.0234375
0 0.55078125 0.3609375 0.01875 0.01875
0 0.6015625 0.36328125 0.0140625 0.0234375
0 0.659375 0.36328125 0.01875 0.01875
0 0.77578125 0.36328125 0.01875 0.0234375
0 0.44453125 0.365625 0.01875 0.0234375
0 0.26875 0.365625 0.0234375 0.03671875
0 0.57421875 0.365625 0.03203125 0.01875
0 0.42109375 0.36796875 0.0234375 0.03671875
0 0.3984375 0.36796875 0.0234375 0.03671875
0 0.134375 0.3703125 0.01875 0.03671875
0 0.49765625 0.37265625 0.0234375 0.03671875
0 0.10859375 0.37734375 0.0140625 0.028125
0 0.946875 0.3796875 0.03671875 0.05078125
0 0.6109375 0.3796875 0.01875 0.0234375
0 0.5484375 0.38203125 0.009375 0.0140625
0 0.58125 0.38203125 0.028125 0.03671875
0 0.66171875 0.38203125 0.01875 0.028125
0 0.7109375 0.38203125 0.028125 0.01875
0 0.20390625 0.384375 0.028125 0.04140625
0 0.46953125 0.384375 0.0234375 0.03671875
0 0.51640625 0.38671875 0.03671875 0.03671875
0 0.009375 0.39140625 0.0140625 0.028125
0 0.74765625 0.39140625 0.0234375 0.03203125
0 0.79609375 0.39375 0.01875 0.028125
0 0.8515625 0.39609375 0.03671875 0.05078125
0 0.17109375 0.39609375 0.0234375 0.04140625
0 0.24765625 0.39609375 0.05078125 0.06484375
0 0.33359375 0.39609375 0.0234375 0.03671875
0 0.77109375 0.3984375 0.01875 0.03203125
0 0.36796875 0.3984375 0.03671875 0.06015625
0 0.7109375 0.40078125 0.0234375 0.028125
0 0.43046875 0.403125 0.028125 0.03203125
0 0.6828125 0.41171875 0.03203125 0.03671875
0 0.928125 0.41875 0.04140625 0.05078125
0 0.465625 0.42578125 0.0234375 0.03671875
0 0.55546875 0.43046875 0.03671875 0.06484375
0 0.36328125 0.43046875 0.0234375 0.04140625
0 0.60390625 0.43046875 0.03203125 0.05078125
0 0.72421875 0.4375 0.03203125 0.03203125
0 0.40703125 0.44453125 0.03203125 0.06484375
0 0.634375 0.4515625 0.01875 0.03203125
0 0.6921875 0.4609375 0.03203125 0.04609375
0 0.509375 0.4609375 0.04140625 0.05546875
0 0.94921875 0.46953125 0.05546875 0.05546875
0 0.44921875 0.47890625 0.03671875 0.06484375
0 0.18515625 0.5046875 0.06953125 0.08828125
0 0.196875 0.6296875 0.09296875 0.1015625
0 0.0390625 0.64609375 0.04609375 0.07421875
0 0.0140625 0.67109375 0.028125 0.096875