0 0.62265625 0.29609375 0.0140625 0.0140625
0 0.35625 0.30078125 0.0234375 0.03671875
0 0.47890625 0.30546875 0.01875 0.028125
0 0.64609375 0.3078125 0.01875 0.028125
0 0.615625 0.31015625 0.01875 0.0234375
0 0.40546875 0.31015625 0.0046875 0.0140625
0 0.4140625 0.3125 0.009375 0.0234375
0 0.55546875 0.3125 0.01875 0.03671875
0 0.365625 0.3125 0.0140625 0.01875
0 0.51171875 0.31484375 0.01875 0.03671875
0 0.44453125 0.31484375 0.0234375 0.028125
0 0.465625 0.31484375 0.0234375 0.03203125
0 0.54140625 0.3171875 0.01875 0.0234375
0 0.59296875 0.3171875 0.01875 0.028125
0 0.21953125 0.31953125 0.028125 0.028125
0 0.3359375 0.31953125 0.0140625 0.01875
0 0.384375 0.321875 0.009375 0.0140625
0 0.29609375 0.321875 0.01875 0.03203125
0 0.56953125 0.321875 0.0140625 0.028125
0 0.23828125 0.32421875 0.01875 0.03671875
0 0.5 0.32421875 0.028125 0.04140625
0 0.40078125 0.3265625 0.0234375 0.01875
0 0.32421875 0.32890625 0.0140625 0.01875
0 0.125 0.33125 0.028125 0.04140625
0 0.26640625 0.33359375 0.01875 0.028125
0 0.24765625 0.33359375 0.0234375 0.03671875
0 0.29140625 0.3359375 0.0234375 0.03671875
0 0.3703125 0.3359375 0.0234375 0.028125
0 0.31015625 0.340625 0.0140625 0.0234375
0 0.534375 0.340625 0.03203125 0.05078125
0 0.653125 0.34453125 0.028125 0.03671875
0 0.79140625 0.346875 0.01875 0.0234375
0 0.68515625 0.346875 0.03203125 0.04140625
0 0.73828125 0.346875 0.0234375 0.04140625
0 0.178125 0.346875 0.028125 0.04140625
0 0.41875 0.346875 0.028125 0.04140625
0 0.32421875 0.34921875 0.0140625 0.03671875
0 0.46796875 0.34921875 0.028125 0.03671875
0 0.34453125 0.3515625 0.0234375 0.04609375
0 0.07890625 0.3515625 0.028125 0.04140625
0 0.18984375 0.3515625 0.028125 0.04140625
0 0.6203125 0.35390625 0.03203125 0.04609375
0 0.8171875 0.35625 0.03671875 0.05078125
0 0.64140625 0.35625 0.0234375 0.04609375
0 0.06953125 0.36796875 0.01875 0.03203125
0 0.43984375 0.384375 0.03203125 0.05078125
0 0.0859375 0.3890625 0.028125 0.03671875
0 0.490625 0.3890625 0.03671875 0.05078125
0 0.22421875 0.3890625 0.03203125 0.04609375
0 0.89140625 0.40078125 0.028125 0.028125
0 0.19921875 0.40078125 0.0234375 0.03671875
0 0.27109375 0.403125 0.028125 0.05078125
0 0.37265625 0.40703125 0.03203125 0.05078125
0 0.40078125 0.41171875 0.03671875 0.04609375
0 0.16875 0.4140625 0.028125 0.04609375
0 0.88203125 0.428125 0.03671875 0.03671875
0 0.33125 0.43046875 0.03671875 0.03671875
0 0.6484375 0.4328125 0.03203125 0.04609375
0 0.196875 0.446875 0.04140625 0.06015625
0 0.73125 0.45390625 0.03671875 0.06484375
0 0.69453125 0.45859375 0.04140625 0.06015625
0 0.86328125 0.46328125 0.028125 0.04609375
0 0.3078125 0.4765625 0.05078125 0.05078125
0 0.28046875 0.47890625 0.028125 0.05546875
0 0.47890625 0.47890625 0.03671875 0.07421875
0 0.4375 0.48125 0.04609375 0.07421875
0 0.5765625 0.4859375 0.03671875 0.06015625
0 0.81953125 0.4859375 0.05078125 0.06015625
0 0.06953125 0.48828125 0.04140625 0.06484375
0 0.12734375 0.5046875 0.04609375 0.05078125
0 0.553125 0.51171875 0.05078125 0.06484375
0 0.29140625 0.54140625 0.06953125 0.06953125
0 0.03203125 0.54140625 0.06015625 0.07421875
0 0.17578125 0.5484375 0.05078125 0.05078125
0 0.365625 0.55078125 0.06484375 0.08828125
0 0.70625 0.6015625 0.04140625 0.07890625
0 0.6203125 0.60390625 0.04140625 0.03203125
0 0.20390625 0.60859375 0.06953125 0.1109375
0 0.759375 0.615625 0.06484375 0.10625
0 0.15078125 0.61796875 0.04140625 0.06484375
0 0.03203125 0.6296875 0.06015625 0.096875
0 0.9515625 0.63671875 0.08828125 0.125
0 0.4375 0.64609375 0.06953125 0.10625
0 0.62265625 0.678125 0.07421875 0.115625
0 0.375 0.6921875 0.07890625 0.07421875
0 0.39140625 0.82421875 0.115625 0.15703125