0 0.98359375 0.16875 0.028125 0.06953125
0 0.25 0.16875 0.04140625 0.05546875
0 0.653125 0.16875 0.05078125 0.06953125
0 0.7890625 0.17578125 0.03671875 0.06953125
0 0.56015625 0.17578125 0.04140625 0.05546875
0 0.89609375 0.1828125 0.03671875 0.04140625
0 0.159375 0.02109375 0.04140625 0.04140625
0 0.1484375 0.1921875 0.03671875 0.05078125
0 0.04140625 0.196875 0.04140625 0.05078125
0 0.840625 0.196875 0.04140625 0.06484375
0 0.73828125 0.20390625 0.03671875 0.05546875
0 0.965625 0.20625 0.03203125 0.05078125
0 0.33359375 0.2109375 0.05078125 0.05546875
0 0.3984375 0.215625 0.04140625 0.06015625
0 0.6875 0.02109375 0.03671875 0.03203125
0 0.721875 0.02109375 0.03671875 0.04140625
0 0.534375 0.21953125 0.04140625 0.05078125
0 0.66875 0.22890625 0.05078125 0.06953125
0 0.159375 0.23828125 0.03203125 0.05078125
0 0.9375 0.240625 0.04140625 0.06015625
0 0.05546875 0.24296875 0.04140625 0.03671875
0 0.903125 0.2453125 0.04140625 0.06953125
0 0.965625 0.25 0.028125 0.03671875
0 0.25234375 0.25234375 0.05546875 0.08828125
0 0.30078125 0.028125 0.04609375 0.05546875
0 0.52109375 0.28046875 0.04140625 0.05078125
0 0.16171875 0.284375 0.04140625 0.07421875
0 0.946875 0.31015625 0.04140625 0.07421875
0 0.2984375 0.3125 0.04609375 0.06953125
0 0.7546875 0.03203125 0.0234375 0.028125
0 0.89140625 0.03203125 0.04140625 0.06015625
0 0.71953125 0.31953125 0.04140625 0.06484375
0 0.0578125 0.31953125 0.04609375 0.05078125
0 0.8890625 0.3265625 0.04609375 0.06484375
0 0.78671875 0.32890625 0.06015625 0.07890625
0 0.81640625 0.034375 0.0421875 0.06875
0 0.01640625 0.35625 0.03203125 0.07421875
0 0.20859375 0.365625 0.04140625 0.07890625
0 0.43984375 0.365625 0.05546875 0.06953125
0 0.85859375 0.365625 0.04609375 0.07421875
0 0.59921875 0.37265625 0.04609375 0.05546875
0 0.66640625 0.38671875 0.05078125 0.06953125
0 0.528125 0.40078125 0.05078125 0.06484375
0 0.91875 0.40078125 0.04140625 0.05078125
0 0.284375 0.403125 0.04609375 0.07421875
0 0.38203125 0.4234375 0.04609375 0.06484375
0 0.740625 0.4421875 0.05078125 0.07421875
0 0.56953125 0.04609375 0.03671875 0.05078125
0 0.92578125 0.4609375 0.05546875 0.06484375
0 0.625 0.471875 0.05546875 0.08828125
0 0.303125 0.48125 0.04609375 0.06953125
0 0.8890625 0.509375 0.03671875 0.06484375
0 0.84453125 0.51171875 0.04140625 0.06484375
0 0.22890625 0.5625 0.05078125 0.06484375
0 0.0484375 0.05546875 0.03671875 0.04609375
0 0.51875 0.0578125 0.03671875 0.06953125
0 0.278125 0.06015625 0.04609375 0.05546875
0 0.39375 0.63671875 0.05078125 0.07890625
0 0.23828125 0.6390625 0.05546875 0.07421875
0 0.07421875 0.0671875 0.03203125 0.04140625
0 0.67109375 0.66875 0.04609375 0.07890625
0 0.7453125 0.06953125 0.03671875 0.04140625
0 0.09921875 0.68515625 0.06484375 0.08828125
0 0.35390625 0.7453125 0.05546875 0.07421875
0 0.65078125 0.0765625 0.03671875 0.05078125
0 0.6203125 0.0765625 0.03671875 0.05546875
0 0.46328125 0.76875 0.05078125 0.08359375
0 0.78046875 0.76875 0.05546875 0.08359375
0 0.62734375 0.7734375 0.06015625 0.08359375
0 0.02109375 0.07890625 0.03203125 0.05546875
0 0.90078125 0.79140625 0.05546875 0.09296875
0 0.159375 0.08125 0.028125 0.04140625
0 0.4234375 0.08125 0.04140625 0.05546875
0 0.5625 0.009375 0.028125 0.01875
0 0.221875 0.83359375 0.06953125 0.08828125
0 0.7640625 0.85625 0.06484375 0.08828125
0 0.375 0.0859375 0.05078125 0.06015625
0 0.45625 0.8984375 0.06953125 0.09296875
0 0.928125 0.90546875 0.06953125 0.1015625
0 0.3078125 0.09296875 0.04140625 0.05546875
0 0.6390625 0.94453125 0.07890625 0.096875
0 0.30546875 0.9609375 0.08359375 0.07421875
0 0.58828125 0.01171875 0.03671875 0.0234375
0 0.115625 0.1015625 0.028125 0.05078125
0 0.3984375 0.10859375 0.03671875 0.04140625
0 0.33125 0.1109375 0.04140625 0.04609375
0 0.21328125 0.1109375 0.04609375 0.05546875
0 0.48828125 0.11328125 0.05078125 0.06953125
0 0.25703125 0.125 0.05546875 0.06015625
0 0.58359375 0.1296875 0.05078125 0.06953125
0 0.38671875 0.15078125 0.04140625 0.04609375
0 0.17578125 0.15703125 0.03671875 0.05546875
0 0.3078125 0.159375 0.04140625 0.05078125