0 0.71953125 0.80546875 0.08828125 0.153125
0 0.96484375 0.8125 0.0703125 0.125
0 0.5390625 0.84921875 0.08828125 0.1203125
0 0.6203125 0.946875 0.1390625 0.10625
0 0.92578125 0.10859375 0.04140625 0.06015625
0 0.1484375 0.10859375 0.05546875 0.09296875
0 0.2546875 0.12265625 0.05546875 0.08828125
0 0.35625 0.12265625 0.05546875 0.08359375
0 0.409375 0.153125 0.028125 0.028125
0 0.4765625 0.17578125 0.03671875 0.04609375
0 0.2015625 0.19921875 0.06484375 0.1015625
0 0.8359375 0.2109375 0.06484375 0.08359375
0 0.53203125 0.2109375 0.06484375 0.096875
0 0.590625 0.21796875 0.028125 0.05546875
0 0.6390625 0.21796875 0.05078125 0.08828125
0 0.04375 0.21953125 0.05546875 0.1015625
0 0.44921875 0.23125 0.04140625 0.06015625
0 0.48359375 0.23359375 0.04609375 0.06953125
0 0.92578125 0.240625 0.04609375 0.08828125
0 0.01640625 0.2546875 0.03203125 0.10625
0 0.590625 0.27578125 0.04140625 0.07421875
0 0.72421875 0.29140625 0.06484375 0.07890625
0 0.25234375 0.30546875 0.07421875 0.1015625
0 0.87734375 0.31015625 0.08359375 0.1015625
0 0.04140625 0.35625 0.06953125 0.10625
0 0.66171875 0.4328125 0.07421875 0.1203125
0 0.0234375 0.48125 0.04609375 0.15703125
0 0.2734375 0.48359375 0.08359375 0.1203125
0 0.50234375 0.48828125 0.09296875 0.125
0 0.8796875 0.61796875 0.096875 0.153125