0 0.5859375 0.23828125 0.07421875 0.07890625
0 0.05078125 0.24296875 0.06953125 0.16171875
0 0.20625 0.2453125 0.05078125 0.115625
0 0.39375 0.35625 0.07421875 0.125
0 0.64375 0.36328125 0.08828125 0.14375
0 0.14140625 0.3796875 0.08828125 0.16171875
0 0.82890625 0.3984375 0.07890625 0.15703125
0 0.66171875 0.04375 0.05078125 0.06484375
0 0.98359375 0.446875 0.0234375 0.14375
0 0.0625 0.04609375 0.05546875 0.08828125
0 0.3796875 0.0484375 0.04140625 0.096875
0 0.16875 0.05078125 0.05078125 0.09296875
0 0.7890625 0.05546875 0.04609375 0.07890625
0 0.1296875 0.05546875 0.05546875 0.08828125
0 0.76640625 0.55546875 0.1015625 0.18984375
0 0.36328125 0.56953125 0.10625 0.19921875
0 0.0625 0.590625 0.1015625 0.221875
0 0.5234375 0.0625 0.05078125 0.10625
0 0.26875 0.0671875 0.04140625 0.07890625
0 0.903125 0.80078125 0.115625 0.2359375
0 0.1921875 0.803125 0.1390625 0.21328125
0 0.6015625 0.81015625 0.1390625 0.221875
0 0.5046875 0.12734375 0.06484375 0.10625
0 0.97421875 0.13671875 0.04609375 0.115625
0 0.1734375 0.1484375 0.06484375 0.125
0 0.67578125 0.16171875 0.05546875 0.1296875
0 0.02109375 0.16171875 0.04140625 0.134375
0 0.3359375 0.16171875 0.05078125 0.1109375
0 0.846875 0.20859375 0.07421875 0.14375
0 0.4140625 0.215625 0.06484375 0.14375