0 0.32890625 0.53046875 0.0234375 0.028125
0 0.16875 0.54375 0.03671875 0.05078125
0 0.10625 0.553125 0.03203125 0.06015625
0 0.528125 0.55546875 0.03671875 0.05546875
0 0.590625 0.55546875 0.03203125 0.05078125
0 0.07421875 0.55546875 0.04140625 0.07421875
0 0.446875 0.56015625 0.03203125 0.05078125
0 0.215625 0.56015625 0.03203125 0.05546875
0 0.29609375 0.5625 0.03203125 0.05078125
0 0.3703125 0.56484375 0.0234375 0.028125
0 0.39609375 0.56484375 0.028125 0.03671875
0 0.8265625 0.56484375 0.028125 0.04140625
0 0.5671875 0.56484375 0.028125 0.04140625
0 0.32890625 0.5671875 0.03671875 0.05078125
0 0.24296875 0.5671875 0.04609375 0.07421875
0 0.490625 0.56953125 0.03671875 0.05078125
0 0.26171875 0.571875 0.03671875 0.05546875
0 0.6203125 0.571875 0.028125 0.05078125
0 0.74296875 0.57421875 0.03203125 0.04140625
0 0.7015625 0.57421875 0.03671875 0.05546875
0 0.5484375 0.58359375 0.03203125 0.04609375
0 0.9375 0.5859375 0.03671875 0.05078125
0 0.87734375 0.5859375 0.03671875 0.05546875
0 0.8515625 0.59921875 0.03671875 0.05078125
0 0.7890625 0.60625 0.0234375 0.03203125