0 0.88671875 0.19921875 0.05546875 0.06953125
0 0.7734375 0.20390625 0.06015625 0.07890625
0 0.97421875 0.20625 0.05078125 0.06953125
0 0.5046875 0.0234375 0.03671875 0.04609375
0 0.17109375 0.2109375 0.04140625 0.06484375
0 0.6015625 0.215625 0.04609375 0.07890625
0 0.7109375 0.21796875 0.04140625 0.07890625
0 0.49296875 0.221875 0.05078125 0.07421875
0 0.90703125 0.02578125 0.03671875 0.04609375
0 0.98359375 0.02578125 0.03203125 0.05078125
0 0.2453125 0.25 0.04140625 0.07890625
0 0.596875 0.028125 0.04609375 0.05546875
0 0.74765625 0.028125 0.04140625 0.05546875
0 0.29765625 0.03203125 0.0421875 0.0640625
0 0.8171875 0.31484375 0.05546875 0.07890625
0 0.04140625 0.31953125 0.05546875 0.07421875
0 0.715625 0.321875 0.06015625 0.08828125
0 0.92109375 0.321875 0.05078125 0.07890625
0 0.134375 0.3265625 0.06015625 0.1109375
0 0.5 0.32890625 0.04140625 0.06953125
0 0.59296875 0.33125 0.04140625 0.07421875
0 0.9609375 0.3515625 0.06015625 0.08828125
0 0.22890625 0.03671875 0.04609375 0.05078125
0 0.1390625 0.04140625 0.06484375 0.06015625
0 0.73359375 0.46328125 0.05546875 0.08828125
0 0.85859375 0.46953125 0.06015625 0.096875
0 0.95625 0.47421875 0.04140625 0.06953125
0 0.625 0.4953125 0.04609375 0.08828125
0 0.490625 0.49765625 0.06015625 0.096875
0 0.1734375 0.51640625 0.04140625 0.07421875
0 0.0671875 0.52578125 0.04609375 0.09296875
0 0.3171875 0.54609375 0.06015625 0.09296875
0 0.01875 0.653125 0.03671875 0.07890625
0 0.89140625 0.65703125 0.06015625 0.08828125
0 0.6109375 0.66875 0.04609375 0.08359375
0 0.47890625 0.6734375 0.06953125 0.09296875
0 0.79609375 0.6734375 0.04609375 0.07890625
0 0.1296875 0.68984375 0.07421875 0.10625
0 0.76640625 0.09453125 0.05078125 0.06015625
0 0.58359375 0.096875 0.03203125 0.06015625
0 0.8703125 0.09921875 0.04609375 0.06015625
0 0.509375 0.1015625 0.04140625 0.06015625
0 0.93984375 0.1015625 0.05078125 0.07421875
0 0.6828125 0.10859375 0.0234375 0.05078125
0 0.19453125 0.11328125 0.05078125 0.07890625
0 0.02578125 0.12265625 0.05078125 0.06015625
0 0.27578125 0.125 0.03671875 0.06015625
0 0.1015625 0.125 0.04140625 0.04609375