0 0.46796875 0.01875 0.01875 0.03671875
0 0.38203125 0.01875 0.01875 0.03671875
0 0.534375 0.01875 0.0140625 0.03671875
0 0.625 0.01875 0.0140625 0.03671875
0 0.9140625 0.1921875 0.04140625 0.09296875
0 0.76875 0.1921875 0.03203125 0.06953125
0 0.1296875 0.02109375 0.0234375 0.04140625
0 0.00703125 0.02109375 0.0140625 0.04140625
0 0.2984375 0.0234375 0.0234375 0.04609375
0 0.90078125 0.0234375 0.03203125 0.04140625
0 0.77109375 0.0234375 0.0140625 0.028125
0 0.70625 0.02578125 0.0234375 0.05078125
0 0.41171875 0.2359375 0.06015625 0.134375
0 0.60625 0.02578125 0.0140625 0.04140625
0 0.40546875 0.02578125 0.0234375 0.04609375
0 0.946875 0.02578125 0.028125 0.05078125
0 0.053125 0.28203125 0.07421875 0.125
0 0.50234375 0.028125 0.0140625 0.04140625
0 0.70859375 0.29375 0.05078125 0.1484375
0 0.58125 0.03046875 0.0140625 0.03671875
0 0.634375 0.03046875 0.009375 0.028125
0 0.528125 0.03203125 0.01875 0.05078125
0 0.54375 0.33828125 0.05078125 0.1390625
0 0.240625 0.03671875 0.0140625 0.028125
0 0.92109375 0.37734375 0.06015625 0.14375
0 0.02578125 0.3890625 0.05078125 0.115625
0 0.196875 0.04140625 0.0234375 0.05078125
0 0.51171875 0.04140625 0.009375 0.03203125
0 0.78203125 0.04140625 0.01875 0.04140625
0 0.04375 0.04140625 0.01875 0.03671875
0 0.5578125 0.04375 0.01875 0.05078125
0 0.8515625 0.04375 0.01875 0.04140625
0 0.5859375 0.44453125 0.08359375 0.16171875
0 0.72421875 0.04609375 0.0140625 0.03671875
0 0.409375 0.48828125 0.08359375 0.21796875
0 0.6734375 0.0484375 0.01875 0.04140625
0 0.76171875 0.0484375 0.01875 0.04609375
0 0.24765625 0.05078125 0.0140625 0.03203125
0 0.77578125 0.00703125 0.0140625 0.0140625
0 0.4515625 0.00703125 0.0140625 0.0140625
0 0.81484375 0.053125 0.028125 0.05078125
0 0.221875 0.05546875 0.0234375 0.05078125
0 0.3703125 0.05546875 0.0234375 0.05078125
0 0.928125 0.05546875 0.028125 0.04140625
0 0.79140625 0.06015625 0.009375 0.01875
0 0.7359375 0.06015625 0.01875 0.03203125
0 0.08359375 0.06484375 0.05078125 0.06015625
0 0.59453125 0.06484375 0.028125 0.05078125
0 0.65546875 0.06484375 0.01875 0.05078125
0 0.884375 0.0671875 0.01875 0.04140625
0 0.5390625 0.06953125 0.01875 0.05546875
0 0.2640625 0.00703125 0.0140625 0.0140625
0 0.84296875 0.009375 0.01875 0.01875
0 0.4328125 0.009375 0.0140625 0.01875
0 0.553125 0.009375 0.0140625 0.01875
0 0.96328125 0.071875 0.04140625 0.07421875
0 0.49765625 0.071875 0.0234375 0.05078125
0 0.69921875 0.0765625 0.0234375 0.05546875
0 0.39140625 0.08359375 0.03203125 0.06015625
0 0.45859375 0.0859375 0.028125 0.07890625
0 0.49296875 0.009375 0.0140625 0.01875
0 0.21796875 0.009375 0.01875 0.01875
0 0.74296875 0.09296875 0.028125 0.06015625
0 0.61796875 0.09453125 0.0234375 0.06015625
0 0.22890625 0.1015625 0.03671875 0.07890625
0 0.6296875 0.1015625 0.03203125 0.07421875
0 0.09921875 0.01171875 0.0140625 0.0234375
0 0.240625 0.01171875 0.01875 0.0234375
0 0.28046875 0.01171875 0.01875 0.0234375
0 0.79609375 0.01171875 0.0140625 0.0234375
0 0.82421875 0.0140625 0.0140625 0.028125
0 0.18515625 0.0140625 0.01875 0.028125
0 0.590625 0.0140625 0.01875 0.028125
0 0.653125 0.0140625 0.0140625 0.028125
0 0.715625 0.0140625 0.0140625 0.028125
0 0.08125 0.134375 0.03671875 0.06953125
0 0.2640625 0.13671875 0.04140625 0.096875
0 0.76875 0.13671875 0.028125 0.06484375
0 0.31484375 0.0140625 0.01875 0.028125
0 0.81015625 0.01640625 0.01875 0.03203125
0 0.653125 0.01640625 0.01875 0.03203125
0 0.74296875 0.01640625 0.0234375 0.03203125
0 0.409375 0.14375 0.03671875 0.06484375
0 0.73359375 0.14375 0.028125 0.07890625
0 0.55546875 0.153125 0.03671875 0.07890625
0 0.18515625 0.15546875 0.05546875 0.1390625
0 0.16171875 0.01640625 0.01875 0.028125
0 0.01640625 0.01640625 0.0234375 0.03203125
0 0.76640625 0.01640625 0.01875 0.028125
0 0.07421875 0.01875 0.028125 0.03671875
0 0.81484375 0.16171875 0.028125 0.07421875