0 0.50703125 0.37265625 0.04609375 0.08359375
0 0.14375 0.375 0.05078125 0.096875
0 0.653125 0.3796875 0.04609375 0.096875
0 0.0484375 0.38203125 0.04609375 0.1015625
0 0.928125 0.384375 0.05078125 0.096875
0 0.21953125 0.38671875 0.04140625 0.1015625
0 0.43515625 0.39140625 0.03671875 0.09296875
0 0.3125 0.39375 0.04140625 0.08828125
0 0.5859375 0.40546875 0.04609375 0.096875
0 0.38203125 0.40546875 0.05078125 0.09296875
0 0.840625 0.40703125 0.03671875 0.07890625
0 0.9859375 0.409375 0.0234375 0.10625
0 0.7359375 0.4140625 0.04140625 0.09296875
0 0.01640625 0.48828125 0.03203125 0.096875
0 0.19921875 0.53671875 0.03671875 0.08828125
0 0.58125 0.5390625 0.04140625 0.1109375
0 0.35859375 0.553125 0.04140625 0.096875
0 0.76875 0.553125 0.05546875 0.096875
0 0.98359375 0.5625 0.028125 0.1015625
0 0.50234375 0.56953125 0.04140625 0.08828125
0 0.94453125 0.571875 0.04609375 0.10625
0 0.05078125 0.659375 0.04140625 0.1015625
0 0.2890625 0.6640625 0.04140625 0.08828125
0 0.91875 0.6875 0.04140625 0.096875
0 0.3796875 0.68984375 0.04609375 0.096875
0 0.46796875 0.68984375 0.04140625 0.096875
0 0.58359375 0.7015625 0.04140625 0.1015625
0 0.22421875 0.7015625 0.04609375 0.1109375
0 0.83125 0.70625 0.04140625 0.07890625
0 0.7640625 0.70859375 0.04140625 0.1015625
0 0.678125 0.71328125 0.04140625 0.1109375
0 0.2734375 0.8171875 0.05078125 0.1203125
0 0.66171875 0.82890625 0.04140625 0.09296875
0 0.34921875 0.83125 0.04609375 0.096875
0 0.15703125 0.84921875 0.05546875 0.10625
0 0.09296875 0.8515625 0.05078125 0.096875
0 0.8359375 0.85390625 0.04609375 0.08828125
0 0.76875 0.85625 0.04140625 0.08359375
0 0.9859375 0.87265625 0.0234375 0.1015625
0 0.91171875 0.87734375 0.05078125 0.115625
0 0.53671875 0.8796875 0.04140625 0.096875
0 0.465625 0.965625 0.05546875 0.06484375
0 0.39375 0.971875 0.04609375 0.04609375
0 0.6203125 0.971875 0.04140625 0.05078125
0 0.759375 0.97421875 0.04140625 0.04140625
0 0.13671875 0.97421875 0.05078125 0.04140625
0 0.2359375 0.97890625 0.03203125 0.03671875
0 0.18984375 0.10390625 0.04140625 0.1015625
0 0.284375 0.10390625 0.03671875 0.08828125
0 0.01640625 0.1109375 0.03203125 0.1015625
0 0.7546875 0.11328125 0.03671875 0.06953125
0 0.096875 0.1296875 0.04609375 0.1015625
0 0.634375 0.13671875 0.04140625 0.08828125
0 0.528125 0.15078125 0.04609375 0.10625
0 0.82890625 0.15078125 0.04140625 0.08359375
0 0.97890625 0.15078125 0.04140625 0.096875
0 0.57890625 0.01875 0.03203125 0.03671875
0 0.81953125 0.0234375 0.03671875 0.04609375
0 0.159375 0.22890625 0.04140625 0.10625
0 0.403125 0.25 0.04140625 0.08359375
0 0.93515625 0.02578125 0.03203125 0.05078125
0 0.01875 0.02578125 0.03671875 0.05078125
0 0.30546875 0.25234375 0.04140625 0.08828125
0 0.06953125 0.25703125 0.05078125 0.096875
0 0.715625 0.25703125 0.03671875 0.1015625
0 0.60390625 0.2640625 0.05078125 0.096875
0 0.44921875 0.26875 0.04140625 0.08359375
0 0.74453125 0.034375 0.0453125 0.06875
0 0.175 0.034375 0.0375 0.06875