0 0.14140625 0.2546875 0.028125 0.06015625
0 0.5046875 0.26640625 0.04140625 0.05546875
0 0.48359375 0.028125 0.03671875 0.05546875
0 0.3890625 0.28046875 0.03671875 0.09296875
0 0.62734375 0.284375 0.04609375 0.08359375
0 0.75 0.303125 0.04609375 0.07890625
0 0.3125 0.3171875 0.04609375 0.115625
0 0.4375 0.3171875 0.05546875 0.10625
0 0.1109375 0.3265625 0.03671875 0.096875
0 0.0625 0.3359375 0.06015625 0.096875
0 0.9609375 0.34296875 0.04609375 0.115625
0 0.21796875 0.35625 0.028125 0.07890625
0 0.18046875 0.35859375 0.05078125 0.115625
0 0.66875 0.3796875 0.04609375 0.09296875
0 0.16171875 0.0390625 0.03671875 0.028125
0 0.7734375 0.4328125 0.04609375 0.09296875
0 0.61328125 0.44921875 0.06484375 0.1109375
0 0.4609375 0.471875 0.06015625 0.08828125
0 0.94921875 0.48359375 0.06953125 0.10625
0 0.03203125 0.51171875 0.06015625 0.134375
0 0.90078125 0.053125 0.04609375 0.07890625
0 0.78046875 0.553125 0.05078125 0.096875
0 0.26875 0.5578125 0.06015625 0.10625
0 0.50703125 0.65078125 0.06953125 0.10625
0 0.85390625 0.0671875 0.028125 0.05078125
0 0.75 0.6875 0.07421875 0.1109375
0 0.071875 0.071875 0.04609375 0.07421875
0 0.94921875 0.71796875 0.06953125 0.115625
0 0.21953125 0.73828125 0.07421875 0.1296875
0 0.4140625 0.07890625 0.04140625 0.07421875
0 0.3703125 0.82890625 0.07421875 0.17109375
0 0.7546875 0.0859375 0.03671875 0.07421875
0 0.634375 0.928125 0.06484375 0.10625
0 0.68515625 0.09296875 0.05078125 0.06484375
0 0.2734375 0.10625 0.04140625 0.07421875
0 0.1640625 0.10625 0.03671875 0.07890625
0 0.590625 0.11328125 0.028125 0.06015625
0 0.48125 0.1203125 0.028125 0.06953125
0 0.59453125 0.0140625 0.04140625 0.028125
0 0.93515625 0.14140625 0.0234375 0.06953125
0 0.009375 0.159375 0.01875 0.03203125
0 0.4609375 0.1640625 0.03203125 0.06953125
0 0.31953125 0.16640625 0.03671875 0.07890625
0 0.96328125 0.16875 0.04609375 0.08359375
0 0.61796875 0.18515625 0.04140625 0.06953125
0 0.7453125 0.1875 0.03671875 0.07890625
0 0.22890625 0.196875 0.04609375 0.06953125
0 0.8984375 0.2015625 0.03671875 0.096875
0 0.04609375 0.20625 0.03671875 0.06953125
0 0.40546875 0.20625 0.05078125 0.08359375
0 0.5046875 0.2109375 0.04609375 0.07890625
0 0.01171875 0.23125 0.0234375 0.06953125
0 0.72421875 0.23828125 0.04140625 0.06953125