0 0.909375 0.10625 0.05546875 0.096875
0 0.06015625 0.1203125 0.06484375 0.09296875
0 0.8890625 0.26640625 0.07421875 0.07421875
0 0.6484375 0.26875 0.07890625 0.096875
0 0.6015625 0.03046875 0.05078125 0.06015625
0 0.89140625 0.3265625 0.06484375 0.08828125
0 0.05546875 0.03671875 0.05546875 0.06015625
0 0.64140625 0.35625 0.05546875 0.08828125
0 0.446875 0.3609375 0.06015625 0.08828125
0 0.28046875 0.37265625 0.06015625 0.09296875
0 0.446875 0.0390625 0.04609375 0.07421875
0 0.14140625 0.39375 0.06953125 0.09296875
0 0.58828125 0.4609375 0.06484375 0.115625
0 0.4859375 0.04609375 0.03203125 0.06484375
0 0.490625 0.46328125 0.06953125 0.10625
0 0.64609375 0.0484375 0.04609375 0.06953125
0 0.83125 0.53046875 0.07421875 0.1296875
0 0.29140625 0.53046875 0.06953125 0.096875
0 0.6640625 0.53203125 0.07421875 0.10625
0 0.2359375 0.05546875 0.05546875 0.1015625
0 0.115625 0.54375 0.06953125 0.1203125
0 0.78046875 0.06015625 0.06015625 0.08828125
0 0.340625 0.0671875 0.06015625 0.1015625
0 0.94453125 0.678125 0.06953125 0.1296875
0 0.01171875 0.696875 0.0234375 0.096875
0 0.5234375 0.70859375 0.07890625 0.125
0 0.28203125 0.72890625 0.07890625 0.1109375
0 0.215625 0.07421875 0.04140625 0.08359375
0 0.09921875 0.07890625 0.04140625 0.06953125
0 0.090625 0.7984375 0.06484375 0.10625
0 0.79140625 0.846875 0.08359375 0.115625
0 0.3359375 0.85859375 0.06953125 0.09296875
0 0.54375 0.875 0.06484375 0.05546875
0 0.9765625 0.09296875 0.03671875 0.09296875