0 0.08828125 0.15078125 0.04609375 0.05546875
0 0.70859375 0.19453125 0.04609375 0.08359375
0 0.78671875 0.21328125 0.0234375 0.03203125
0 0.81015625 0.221875 0.028125 0.03203125
0 0.240625 0.22890625 0.03671875 0.05546875
0 0.34921875 0.25234375 0.03203125 0.04609375
0 0.18984375 0.2734375 0.03671875 0.04140625
0 0.5234375 0.278125 0.028125 0.03203125
0 0.45390625 0.28203125 0.03203125 0.04609375
0 0.93515625 0.2890625 0.01875 0.03203125
0 0.84296875 0.2984375 0.04140625 0.04609375
0 0.57421875 0.3078125 0.05546875 0.08359375
0 0.9515625 0.31484375 0.01875 0.03203125
0 0.99296875 0.31484375 0.0140625 0.028125
0 0.18515625 0.3171875 0.03671875 0.03203125
0 0.98359375 0.32421875 0.01875 0.03203125
0 0.4140625 0.33828125 0.03671875 0.04609375
0 0.284375 0.34453125 0.03203125 0.0234375
0 0.28203125 0.36328125 0.028125 0.03203125
0 0.3078125 0.3984375 0.04140625 0.06015625
0 0.2265625 0.48828125 0.06953125 0.1109375
0 0.403125 0.49765625 0.05546875 0.08828125
0 0.75703125 0.0625 0.0046875 0.0140625