0 0.33125 0.28203125 0.06484375 0.1015625
0 0.56953125 0.30546875 0.06484375 0.1203125
0 0.4515625 0.31015625 0.06484375 0.1015625
0 0.21953125 0.34921875 0.06484375 0.1109375
0 0.66640625 0.365625 0.08359375 0.14375
0 0.3796875 0.3984375 0.06953125 0.096875
0 0.7984375 0.40078125 0.07421875 0.1296875
0 0.178125 0.46953125 0.08359375 0.115625
0 0.303125 0.4953125 0.07421875 0.1015625
0 0.784375 0.5 0.07421875 0.115625
0 0.43984375 0.50703125 0.06484375 0.096875
0 0.56015625 0.51171875 0.06953125 0.1203125
0 0.64375 0.5234375 0.06953125 0.1015625
0 0.096875 0.55078125 0.07890625 0.115625
0 0.89609375 0.59453125 0.08359375 0.1203125
0 0.34453125 0.6828125 0.07890625 0.115625
0 0.471875 0.81953125 0.09296875 0.125
0 0.71953125 0.909375 0.08828125 0.1296875