0 0.5390625 0.34453125 0.05078125 0.1015625
0 0.69453125 0.34453125 0.04609375 0.1015625
0 0.18984375 0.35390625 0.05078125 0.1015625
0 0.06015625 0.35859375 0.05546875 0.096875
0 0.44921875 0.3609375 0.04609375 0.08828125
0 0.759375 0.3609375 0.04140625 0.08828125
0 0.90078125 0.36796875 0.05078125 0.08828125
0 0.28046875 0.384375 0.05546875 0.1015625
0 0.82421875 0.41171875 0.03671875 0.08828125
0 0.39140625 0.4328125 0.05078125 0.07421875
0 0.15078125 0.446875 0.06015625 0.115625
0 0.8890625 0.45390625 0.05078125 0.08828125
0 0.44453125 0.0859375 0.04140625 0.08828125
0 0.653125 0.1015625 0.04609375 0.08359375
0 0.3515625 0.10625 0.04140625 0.07421875
0 0.52578125 0.11328125 0.04140625 0.07890625
0 0.8125 0.125 0.04140625 0.09296875
0 0.7453125 0.1296875 0.04140625 0.07890625
0 0.321875 0.1296875 0.04140625 0.08828125
0 0.39609375 0.13203125 0.05078125 0.08828125
0 0.5765625 0.134375 0.03203125 0.07421875
0 0.23828125 0.15703125 0.04609375 0.08359375
0 0.490625 0.16171875 0.03203125 0.06484375
0 0.6875 0.16640625 0.04609375 0.1015625
0 0.6203125 0.1734375 0.04609375 0.1015625
0 0.94453125 0.18984375 0.04140625 0.08828125
0 0.53671875 0.19921875 0.04140625 0.08828125
0 0.8359375 0.20625 0.028125 0.08359375
0 0.78046875 0.21953125 0.03203125 0.08359375
0 0.18515625 0.21953125 0.05078125 0.1015625
0 0.43046875 0.22421875 0.04140625 0.07890625
0 0.721875 0.2359375 0.04140625 0.1015625
0 0.58125 0.240625 0.04140625 0.08828125
0 0.35390625 0.24296875 0.04609375 0.08828125
0 0.28671875 0.2453125 0.05078125 0.07890625
0 0.48125 0.2546875 0.03671875 0.07421875
0 0.865625 0.2640625 0.04140625 0.08828125
0 0.63671875 0.2734375 0.04609375 0.096875
0 0.8171875 0.2734375 0.04140625 0.08828125
0 0.94921875 0.28046875 0.05078125 0.09296875
0 0.40546875 0.29609375 0.05078125 0.08828125
0 0.10390625 0.30546875 0.05546875 0.096875
0 0.23828125 0.31015625 0.05546875 0.08828125