0 0.5 0.25703125 0.04140625 0.03203125
0 0.22421875 0.31484375 0.04609375 0.03203125
0 0.1203125 0.31953125 0.04609375 0.028125
0 0.07421875 0.321875 0.03203125 0.03203125
0 0.08828125 0.32421875 0.028125 0.0234375
0 0.16171875 0.32890625 0.0234375 0.028125
0 0.95859375 0.346875 0.06015625 0.04140625
0 0.64609375 0.3609375 0.05546875 0.03671875
0 0.46953125 0.36796875 0.04140625 0.03203125
0 0.80078125 0.37265625 0.05546875 0.03671875
0 0.446875 0.37734375 0.0234375 0.0234375
0 0.32890625 0.38203125 0.05078125 0.03671875
0 0.39375 0.384375 0.05078125 0.04140625
0 0.56953125 0.39375 0.05546875 0.04609375
0 0.6875 0.39609375 0.06015625 0.05078125
0 0.903125 0.3984375 0.06484375 0.05078125
0 0.625 0.3984375 0.06015625 0.04140625
0 0.94921875 0.3984375 0.06015625 0.04609375
0 0.215625 0.403125 0.05078125 0.04140625
0 0.75 0.40546875 0.06015625 0.04609375
0 0.65546875 0.40703125 0.04140625 0.03203125
0 0.15703125 0.41171875 0.05078125 0.03203125
0 0.840625 0.41171875 0.06015625 0.05078125
0 0.44453125 0.41171875 0.05078125 0.04140625
0 0.4765625 0.41875 0.04140625 0.03671875
0 0.31953125 0.43046875 0.05078125 0.04140625
0 0.24765625 0.43515625 0.06015625 0.04140625
0 0.04609375 0.4421875 0.06015625 0.03671875
0 0.3796875 0.471875 0.07421875 0.03203125
0 0.56484375 0.47421875 0.08828125 0.06484375
0 0.15703125 0.47421875 0.05546875 0.03671875
0 0.93515625 0.47890625 0.08828125 0.06015625
0 0.8125 0.48359375 0.09296875 0.06015625
0 0.10390625 0.490625 0.06484375 0.03671875
0 0.3796875 0.51640625 0.07421875 0.04609375
0 0.02109375 0.55546875 0.04140625 0.04609375
0 0.80546875 0.58359375 0.096875 0.07421875
0 0.69921875 0.65703125 0.08359375 0.04140625
0 0.97421875 0.66171875 0.05078125 0.05078125
0 0.8609375 0.6640625 0.10625 0.06015625
0 0.08359375 0.6640625 0.08828125 0.06484375
0 0.35625 0.68515625 0.1015625 0.06484375
0 0.490625 0.68984375 0.1015625 0.06953125
0 0.0390625 0.696875 0.06953125 0.05546875
0 0.696875 0.7015625 0.115625 0.04609375
0 0.2640625 0.70859375 0.096875 0.06484375
0 0.1734375 0.71328125 0.09296875 0.06484375
0 0.91875 0.759375 0.125 0.07890625
0 0.696875 0.77109375 0.115625 0.06953125
0 0.034375 0.790625 0.06875 0.09375
0 0.25234375 0.79140625 0.1390625 0.08359375
0 0.1296875 0.821875 0.15703125 0.09296875
0 0.50234375 0.83828125 0.153125 0.1109375
0 0.89375 0.89375 0.1484375 0.10625
0 0.3125 0.89609375 0.15703125 0.1015625
0 0.0234375 0.17578125 0.04609375 0.05546875