0 0.33125 0.4328125 0.07890625 0.115625
0 0.1296875 0.45859375 0.06953125 0.1015625
0 0.58125 0.5671875 0.06953125 0.08828125
0 0.7265625 0.6015625 0.06484375 0.1015625
0 0.86328125 0.60859375 0.05078125 0.06953125
0 0.51640625 0.61328125 0.07421875 0.07890625
0 0.66171875 0.09453125 0.07421875 0.09296875
0 0.153125 0.153125 0.06484375 0.096875
0 0.77109375 0.15546875 0.06484375 0.096875
0 0.5578125 0.17109375 0.06484375 0.10625
0 0.46796875 0.18515625 0.06484375 0.09296875
0 0.23828125 0.18984375 0.06484375 0.09296875
0 0.39375 0.20390625 0.06484375 0.08828125
0 0.31015625 0.21328125 0.06953125 0.1109375