0 0.1015625 0.25234375 0.0140625 0.01875
0 0.91875 0.2640625 0.01875 0.01875
0 0.215625 0.26640625 0.0140625 0.0234375
0 0.071875 0.26640625 0.0234375 0.01875
0 0.12734375 0.26875 0.01875 0.0234375
0 0.20625 0.27109375 0.0140625 0.0234375
0 0.83125 0.27109375 0.01875 0.028125
0 0.90078125 0.2734375 0.0140625 0.0234375
0 0.22890625 0.2734375 0.0140625 0.01875
0 0.04140625 0.27578125 0.01875 0.0234375
0 0.9515625 0.27578125 0.01875 0.0234375
0 0.0046875 0.278125 0.009375 0.0234375
0 0.70390625 0.278125 0.01875 0.0234375
0 0.2640625 0.28046875 0.01875 0.028125
0 0.571875 0.28203125 0.0234375 0.0234375
0 0.71328125 0.28203125 0.0140625 0.0140625
0 0.85625 0.284375 0.0140625 0.0234375
0 0.25 0.28671875 0.009375 0.01875
0 0.80546875 0.28671875 0.01875 0.028125
0 0.884375 0.2890625 0.0140625 0.0234375
0 0.009375 0.29375 0.01875 0.01875
0 0.5140625 0.29375 0.01875 0.0234375
0 0.7359375 0.29375 0.0140625 0.01875
0 0.79375 0.29609375 0.0234375 0.028125
0 0.52578125 0.2984375 0.0234375 0.03203125
0 0.48125 0.30546875 0.009375 0.0140625
0 0.4953125 0.3078125 0.0140625 0.01875
0 0.10390625 0.31484375 0.01875 0.028125
0 0.23828125 0.3171875 0.01875 0.0234375
0 0.31953125 0.31953125 0.01875 0.028125
0 0.04375 0.32421875 0.01875 0.0234375
0 0.55546875 0.3265625 0.01875 0.0234375
0 0.60859375 0.3265625 0.01875 0.0140625
0 0.153125 0.32890625 0.01875 0.0234375
0 0.340625 0.33125 0.01875 0.028125
0 0.69453125 0.3359375 0.0140625 0.01875
0 0.028125 0.33828125 0.028125 0.03203125
0 0.57421875 0.33828125 0.01875 0.0234375
0 0.75234375 0.33828125 0.01875 0.0234375
0 0.7734375 0.33828125 0.0140625 0.0234375
0 0.42578125 0.340625 0.01875 0.028125
0 0.884375 0.34296875 0.01875 0.01875
0 0.6640625 0.34453125 0.01875 0.028125
0 0.85859375 0.346875 0.01875 0.0234375
0 0.6390625 0.34921875 0.01875 0.0234375
0 0.8984375 0.3515625 0.01875 0.03203125
0 0.31953125 0.35390625 0.01875 0.0234375
0 0.946875 0.3609375 0.01875 0.028125
0 0.79140625 0.3609375 0.01875 0.0234375
0 0.9859375 0.365625 0.01875 0.03671875
0 0.85625 0.37265625 0.0234375 0.028125
0 0.590625 0.37734375 0.0234375 0.03203125
0 0.07421875 0.38203125 0.0234375 0.028125
0 0.63671875 0.38203125 0.0234375 0.028125
0 0.03046875 0.39375 0.028125 0.03203125
0 0.23359375 0.39609375 0.0234375 0.04140625
0 0.57890625 0.4234375 0.0234375 0.03203125
0 0.78203125 0.4234375 0.0234375 0.03203125
0 0.465625 0.43046875 0.0234375 0.03203125
0 0.18046875 0.43515625 0.03203125 0.04140625
0 0.52109375 0.43515625 0.028125 0.028125
0 0.25703125 0.4421875 0.03203125 0.04140625
0 0.7015625 0.4515625 0.01875 0.028125
0 0.10390625 0.4609375 0.03203125 0.03203125
0 0.68515625 0.46796875 0.0234375 0.03203125
0 0.4421875 0.4765625 0.028125 0.04140625
0 0.84453125 0.4859375 0.028125 0.03671875
0 0.2265625 0.48828125 0.028125 0.04140625
0 0.77578125 0.490625 0.028125 0.03671875
0 0.97421875 0.4953125 0.03671875 0.04609375
0 0.69921875 0.5 0.028125 0.03203125
0 0.73359375 0.509375 0.028125 0.04609375
0 0.821875 0.51640625 0.0234375 0.03671875
0 0.09921875 0.51875 0.028125 0.03203125
0 0.58359375 0.52109375 0.028125 0.04140625
0 0.67109375 0.528125 0.028125 0.03671875