0 0.090625 0.36328125 0.01875 0.028125
0 0.946875 0.36328125 0.01875 0.03671875
0 0.23125 0.03671875 0.01875 0.028125
0 0.35390625 0.375 0.0234375 0.028125
0 0.803125 0.03671875 0.01875 0.03203125
0 0.3359375 0.03671875 0.01875 0.028125
0 0.38671875 0.38203125 0.028125 0.03671875
0 0.50703125 0.38203125 0.0234375 0.028125
0 0.10390625 0.384375 0.0234375 0.03203125
0 0.00703125 0.0390625 0.0140625 0.01875
0 0.97421875 0.3890625 0.028125 0.03671875
0 0.52578125 0.39140625 0.01875 0.03671875
0 0.82890625 0.40703125 0.028125 0.04609375
0 0.4859375 0.04140625 0.028125 0.028125
0 0.26640625 0.41875 0.0234375 0.028125
0 0.86328125 0.4234375 0.0234375 0.04140625
0 0.02109375 0.43046875 0.01875 0.03203125
0 0.2984375 0.4328125 0.0234375 0.028125
0 0.43515625 0.4328125 0.028125 0.03671875
0 0.18515625 0.4515625 0.01875 0.028125
0 0.3515625 0.04609375 0.0140625 0.028125
0 0.053125 0.45390625 0.0234375 0.03203125
0 0.46796875 0.45625 0.0234375 0.04140625
0 0.44921875 0.45859375 0.028125 0.04140625
0 0.70859375 0.46328125 0.028125 0.04140625
0 0.41171875 0.04609375 0.0234375 0.028125
0 0.48828125 0.46796875 0.028125 0.05078125
0 0.7890625 0.46953125 0.0234375 0.028125
0 0.9375 0.4765625 0.01875 0.03671875
0 0.1921875 0.47890625 0.0234375 0.028125
0 0.9609375 0.48125 0.01875 0.028125
0 0.3359375 0.4859375 0.0234375 0.03671875
0 0.3609375 0.49296875 0.0234375 0.0234375
0 0.8078125 0.49765625 0.0234375 0.03671875
0 0.20625 0.50234375 0.0234375 0.03671875
0 0.9765625 0.51171875 0.028125 0.04140625
0 0.846875 0.5140625 0.028125 0.03671875
0 0.09453125 0.51640625 0.0234375 0.028125
0 0.365625 0.52109375 0.01875 0.03671875
0 0.68984375 0.528125 0.01875 0.03203125
0 0.11328125 0.53203125 0.028125 0.03671875
0 0.64375 0.053125 0.01875 0.03203125
0 0.27109375 0.534375 0.0234375 0.03671875
0 0.2546875 0.53671875 0.0140625 0.01875
0 0.39140625 0.53671875 0.01875 0.03203125
0 0.009375 0.54375 0.01875 0.0234375
0 0.71328125 0.54609375 0.028125 0.03671875
0 0.87265625 0.54609375 0.01875 0.03203125
0 0.384375 0.05546875 0.01875 0.028125
0 0.55546875 0.55546875 0.01875 0.03203125
0 0.884375 0.5578125 0.028125 0.028125
0 0.3703125 0.05546875 0.0140625 0.028125
0 0.284375 0.57421875 0.01875 0.03671875
0 0.009375 0.57421875 0.01875 0.03671875
0 0.5765625 0.57421875 0.01875 0.03671875
0 0.30546875 0.5765625 0.0234375 0.028125
0 0.89140625 0.58828125 0.03203125 0.04140625
0 0.590625 0.590625 0.01875 0.03203125
0 0.04375 0.590625 0.028125 0.03671875
0 0.21796875 0.06015625 0.0234375 0.03671875
0 0.61796875 0.06015625 0.01875 0.03671875
0 0.6203125 0.60390625 0.0234375 0.03671875
0 0.50703125 0.06015625 0.01875 0.028125
0 0.46953125 0.60859375 0.028125 0.04609375
0 0.028125 0.6203125 0.0234375 0.03671875
0 0.79609375 0.625 0.028125 0.04140625
0 0.053125 0.64140625 0.0234375 0.03203125
0 0.8265625 0.64609375 0.028125 0.03671875
0 0.2640625 0.06484375 0.0140625 0.0234375
0 0.5140625 0.659375 0.028125 0.04140625
0 0.08828125 0.66171875 0.01875 0.01875
0 0.0765625 0.66171875 0.0140625 0.03671875
0 0.5234375 0.0671875 0.01875 0.0234375
0 0.09453125 0.678125 0.0234375 0.028125
0 0.553125 0.68984375 0.0234375 0.03671875
0 0.2734375 0.69453125 0.0234375 0.03203125
0 0.56953125 0.71328125 0.0234375 0.03671875
0 0.009375 0.73125 0.01875 0.03671875
0 0.28046875 0.73828125 0.0234375 0.03671875
0 0.59453125 0.73828125 0.028125 0.03671875
0 0.30546875 0.74765625 0.01875 0.03203125
0 0.43046875 0.75 0.0234375 0.03671875
0 0.409375 0.76640625 0.0234375 0.03671875
0 0.31953125 0.77109375 0.0234375 0.03671875
0 0.58125 0.77578125 0.0234375 0.03671875
0 0.47890625 0.803125 0.0234375 0.03671875
0 0.4515625 0.81015625 0.0234375 0.04140625
0 0.15703125 0.08125 0.01875 0.028125
0 0.06953125 0.81953125 0.028125 0.03671875
0 0.990625 0.8359375 0.009375 0.04140625
0 0.0859375 0.8515625 0.01875 0.01875
0 0.54609375 0.0859375 0.01875 0.0234375
0 0.23828125 0.865625 0.0234375 0.03203125
0 0.096875 0.88203125 0.028125 0.03203125
0 0.259375 0.8890625 0.0234375 0.03203125
0 0.42109375 0.08828125 0.01875 0.03203125
0 0.76875 0.8984375 0.03671875 0.05078125
0 0.26875 0.090625 0.0234375 0.028125
0 0.596875 0.90703125 0.0234375 0.04140625
0 0.1390625 0.90703125 0.0234375 0.028125
0 0.278125 0.91640625 0.0234375 0.04140625
0 0.6921875 0.09296875 0.01875 0.03203125
0 0.6203125 0.928125 0.03203125 0.04140625
0 0.13671875 0.93515625 0.03203125 0.03671875
0 0.8171875 0.9421875 0.028125 0.028125
0 0.46953125 0.009375 0.01875 0.01875
0 0.56484375 0.096875 0.0140625 0.028125
0 0.67109375 0.96796875 0.03203125 0.04140625
0 0.81015625 0.971875 0.03671875 0.04609375
0 0.1734375 0.09921875 0.01875 0.028125
0 0.42109375 0.01171875 0.01875 0.0234375
0 0.45390625 0.09921875 0.01875 0.03203125
0 0.40703125 0.01171875 0.01875 0.0234375
0 0.70390625 0.10859375 0.01875 0.028125
0 0.06484375 0.01171875 0.028125 0.0234375
0 0.46796875 0.11796875 0.0140625 0.028125
0 0.5765625 0.12265625 0.01875 0.03203125
0 0.54609375 0.125 0.01875 0.03671875
0 0.625 0.13203125 0.01875 0.03203125
0 0.47890625 0.134375 0.0234375 0.03203125
0 0.9859375 0.14140625 0.01875 0.04140625
0 0.3265625 0.0140625 0.01875 0.028125
0 0.009375 0.14609375 0.01875 0.028125
0 0.13203125 0.14609375 0.0234375 0.0234375
0 0.78203125 0.1484375 0.01875 0.03671875
0 0.02578125 0.15078125 0.0234375 0.01875
0 0.10859375 0.153125 0.0234375 0.028125
0 0.81484375 0.159375 0.0234375 0.03671875
0 0.08359375 0.01640625 0.01875 0.03203125
0 0.1296875 0.16640625 0.01875 0.01875
0 0.30546875 0.01640625 0.0234375 0.03203125
0 0.534375 0.17578125 0.0140625 0.028125
0 0.01875 0.178125 0.0234375 0.03203125
0 0.44453125 0.01875 0.01875 0.01875
0 0.21328125 0.01875 0.0234375 0.028125
0 0.134375 0.1828125 0.0234375 0.03203125
0 0.42578125 0.18515625 0.01875 0.01875
0 0.034375 0.18515625 0.01875 0.028125
0 0.284375 0.1875 0.0234375 0.03203125
0 0.5484375 0.18984375 0.01875 0.03671875
0 0.70625 0.18984375 0.0140625 0.03671875
0 0.053125 0.1921875 0.028125 0.028125
0 0.303125 0.196875 0.01875 0.028125
0 0.45859375 0.2109375 0.0140625 0.0140625
0 0.78203125 0.2109375 0.0234375 0.028125
0 0.72890625 0.21328125 0.01875 0.03203125
0 0.4234375 0.21328125 0.0234375 0.03203125
0 0.75 0.221875 0.0234375 0.028125
0 0.45859375 0.0234375 0.01875 0.028125
0 0.46796875 0.22890625 0.0234375 0.03671875
0 0.7640625 0.22890625 0.01875 0.03203125
0 0.34453125 0.23359375 0.0140625 0.0234375
0 0.35625 0.2453125 0.0234375 0.03203125
0 0.659375 0.26171875 0.01875 0.03203125
0 0.3703125 0.26171875 0.0140625 0.028125
0 0.38203125 0.26171875 0.0234375 0.03671875
0 0.6828125 0.28046875 0.0234375 0.03203125
0 0.13203125 0.28046875 0.01875 0.0234375
0 0.15546875 0.284375 0.028125 0.0234375
0 0.70625 0.2984375 0.0234375 0.0234375
0 0.09921875 0.03046875 0.0234375 0.03671875
0 0.62265625 0.30546875 0.01875 0.03203125
0 0.58828125 0.03203125 0.01875 0.03203125
0 0.56484375 0.03203125 0.01875 0.028125
0 0.91640625 0.3359375 0.0234375 0.04140625
0 0.028125 0.34296875 0.0234375 0.03671875