0 0.5578125 0.0140625 0.01875 0.028125
0 0.596875 0.1296875 0.03671875 0.05546875
0 0.78203125 0.14140625 0.03671875 0.05546875
0 0.7453125 0.14375 0.03671875 0.06015625
0 0.86796875 0.159375 0.04140625 0.05078125
0 0.22421875 0.01640625 0.03203125 0.03203125
0 0.884375 0.01875 0.03671875 0.03671875
0 0.22890625 0.1828125 0.028125 0.05546875
0 0.9421875 0.18515625 0.03203125 0.05078125
0 0.37734375 0.01875 0.04140625 0.03671875
0 0.6921875 0.19453125 0.03671875 0.05078125
0 0.7453125 0.19453125 0.04140625 0.05078125
0 0.56015625 0.21328125 0.03671875 0.06015625
0 0.9515625 0.23359375 0.03671875 0.05546875
0 0.946875 0.02578125 0.028125 0.04609375
0 0.759375 0.02578125 0.04140625 0.04609375
0 0.2359375 0.24765625 0.03671875 0.05546875
0 0.6203125 0.02578125 0.03671875 0.05078125
0 0.69921875 0.02578125 0.03671875 0.05078125
0 0.14375 0.2546875 0.04609375 0.05078125
0 0.03203125 0.26171875 0.03671875 0.05078125
0 0.51875 0.27109375 0.028125 0.04140625
0 0.39140625 0.27109375 0.03671875 0.05546875
0 0.4421875 0.27109375 0.04609375 0.06484375
0 0.30546875 0.27578125 0.028125 0.05546875
0 0.81484375 0.278125 0.03671875 0.05546875
0 0.875 0.28203125 0.03671875 0.04609375
0 0.75 0.28671875 0.04140625 0.05546875
0 0.2984375 0.03046875 0.03203125 0.04140625
0 0.55078125 0.321875 0.03671875 0.07421875
0 0.4421875 0.03203125 0.03203125 0.06015625
0 0.63671875 0.33125 0.03671875 0.05078125
0 0.58828125 0.340625 0.03671875 0.06484375
0 0.8171875 0.34296875 0.03203125 0.06484375
0 0.75234375 0.34453125 0.03671875 0.05078125
0 0.3703125 0.3515625 0.03203125 0.05546875
0 0.178125 0.35390625 0.04140625 0.06015625
0 0.4421875 0.37734375 0.028125 0.05078125
0 0.84296875 0.38671875 0.03671875 0.05546875
0 0.21953125 0.04140625 0.03671875 0.05546875
0 0.19921875 0.40546875 0.04140625 0.06953125
0 0.5765625 0.409375 0.03203125 0.06015625
0 0.59921875 0.428125 0.04140625 0.06953125
0 0.26171875 0.4328125 0.04140625 0.05078125
0 0.63671875 0.43515625 0.03671875 0.05546875
0 0.778125 0.4375 0.04140625 0.06015625
0 0.05078125 0.48359375 0.05078125 0.06953125
0 0.58125 0.490625 0.04140625 0.05546875
0 0.75 0.49296875 0.04140625 0.06953125
0 0.27109375 0.49765625 0.03203125 0.06484375
0 0.38671875 0.5 0.03671875 0.06015625
0 0.66171875 0.5140625 0.03671875 0.06484375
0 0.2984375 0.05078125 0.03203125 0.05078125
0 0.48359375 0.53046875 0.04140625 0.06484375
0 0.16875 0.53046875 0.04140625 0.06015625
0 0.5578125 0.05546875 0.028125 0.05546875
0 0.5234375 0.6015625 0.03671875 0.05078125
0 0.32421875 0.6109375 0.04140625 0.06484375
0 0.41171875 0.615625 0.05078125 0.07421875
0 0.74765625 0.62265625 0.03203125 0.05546875
0 0.62265625 0.625 0.03671875 0.06015625
0 0.83828125 0.62734375 0.03203125 0.06484375
0 0.2109375 0.634375 0.04140625 0.06484375
0 0.125 0.634375 0.04140625 0.06015625
0 0.8890625 0.65546875 0.04140625 0.06484375
0 0.53203125 0.659375 0.04140625 0.05546875
0 0.653125 0.659375 0.05078125 0.06484375
0 0.259375 0.68515625 0.03203125 0.05546875
0 0.1640625 0.696875 0.04140625 0.05546875
0 0.39375 0.70625 0.03671875 0.06484375
0 0.75 0.07421875 0.03203125 0.06484375
0 0.4328125 0.07421875 0.028125 0.06484375
0 0.37265625 0.0765625 0.03671875 0.04609375
0 0.4953125 0.0765625 0.03671875 0.05546875
0 0.03203125 0.76640625 0.03671875 0.06015625
0 0.76640625 0.784375 0.03671875 0.06484375
0 0.68515625 0.08125 0.03671875 0.06484375
0 0.634375 0.08359375 0.03671875 0.05078125
0 0.971875 0.08828125 0.03203125 0.04609375
0 0.83125 0.01171875 0.0234375 0.0234375
0 0.81953125 0.1015625 0.03203125 0.05078125
0 0.45625 0.10859375 0.03671875 0.05546875
0 0.65078125 0.11328125 0.03203125 0.05078125
0 0.9140625 0.11796875 0.03203125 0.05078125
0 0.98359375 0.11796875 0.03203125 0.05546875
0 0.30078125 0.125 0.028125 0.05078125