0 0.56953125 0.35390625 0.05546875 0.07421875
0 0.85625 0.3609375 0.05546875 0.1109375
0 0.08359375 0.36328125 0.05078125 0.08359375
0 0.66171875 0.3703125 0.05078125 0.096875
0 0.1828125 0.3703125 0.04140625 0.07421875
0 0.4859375 0.37265625 0.04609375 0.07421875
0 0.0234375 0.375 0.04609375 0.09296875
0 0.80546875 0.3796875 0.04609375 0.08828125
0 0.13671875 0.39609375 0.05078125 0.08828125
0 0.74765625 0.3984375 0.06484375 0.096875
0 0.45390625 0.41640625 0.04609375 0.08828125
0 0.29609375 0.4234375 0.06484375 0.10625
0 0.9859375 0.04375 0.01875 0.06953125
0 0.54375 0.4375 0.04609375 0.06953125
0 0.965625 0.45390625 0.05546875 0.096875
0 0.80078125 0.51171875 0.06015625 0.08828125
0 0.11328125 0.528125 0.04609375 0.08359375
0 0.571875 0.53046875 0.05078125 0.07421875
0 0.66171875 0.54375 0.06015625 0.09296875
0 0.39140625 0.54609375 0.06015625 0.07421875
0 0.990625 0.5625 0.009375 0.07890625
0 0.87265625 0.56484375 0.06484375 0.10625
0 0.34296875 0.57890625 0.05546875 0.08828125
0 0.70625 0.5859375 0.04140625 0.08359375
0 0.29609375 0.59296875 0.06484375 0.08828125
0 0.19453125 0.59921875 0.07890625 0.1109375
0 0.54140625 0.60390625 0.06484375 0.08828125
0 0.48828125 0.0625 0.0234375 0.028125
0 0.74765625 0.62734375 0.06484375 0.10625
0 0.56953125 0.06484375 0.028125 0.05078125
0 0.02109375 0.70390625 0.04140625 0.134375
0 0.2984375 0.7109375 0.07890625 0.115625
0 0.12265625 0.7109375 0.06015625 0.10625
0 0.90078125 0.72421875 0.07421875 0.10625
0 0.553125 0.7265625 0.06484375 0.125
0 0.45625 0.76875 0.07421875 0.1296875
0 0.73359375 0.07890625 0.03203125 0.05546875
0 0.471875 0.08125 0.0234375 0.03671875
0 0.75234375 0.08125 0.03671875 0.05078125
0 0.93046875 0.81953125 0.08828125 0.115625
0 0.7453125 0.83359375 0.07890625 0.14375
0 0.17578125 0.865625 0.07421875 0.1203125
0 0.26640625 0.91640625 0.1015625 0.134375
0 0.946875 0.93984375 0.08828125 0.1015625
0 0.6921875 0.93984375 0.115625 0.1109375
0 0.59453125 0.09453125 0.04140625 0.06015625
0 0.31953125 0.09921875 0.028125 0.04140625
0 0.23125 0.09921875 0.03203125 0.05078125
0 0.5 0.1015625 0.03203125 0.04609375
0 0.46328125 0.10390625 0.03203125 0.05078125
0 0.0484375 0.1109375 0.03671875 0.06484375
0 0.1203125 0.1109375 0.03203125 0.04609375
0 0.284375 0.115625 0.028125 0.04609375
0 0.89375 0.115625 0.04140625 0.06953125
0 0.98828125 0.115625 0.0140625 0.06484375
0 0.34453125 0.125 0.03671875 0.05546875
0 0.23359375 0.0140625 0.0234375 0.028125
0 0.25 0.1296875 0.03203125 0.04609375
0 0.65703125 0.1390625 0.03203125 0.06484375
0 0.196875 0.1390625 0.03671875 0.03671875
0 0.2734375 0.14375 0.03671875 0.05546875
0 0.35390625 0.01640625 0.03203125 0.03203125
0 0.215625 0.01640625 0.028125 0.03203125
0 0.31484375 0.01875 0.028125 0.03671875
0 0.534375 0.1828125 0.03671875 0.06015625
0 0.153125 0.19453125 0.03203125 0.05546875
0 0.96953125 0.196875 0.03203125 0.05546875
0 0.86796875 0.19921875 0.03203125 0.04140625
0 0.81953125 0.21328125 0.05078125 0.06953125
0 0.71953125 0.21796875 0.05078125 0.06484375
0 0.90078125 0.221875 0.03203125 0.06015625
0 0.6484375 0.221875 0.03203125 0.05078125
0 0.94921875 0.22890625 0.04140625 0.06015625
0 0.9859375 0.23125 0.01875 0.06484375
0 0.24765625 0.23125 0.06484375 0.1015625
0 0.1109375 0.2359375 0.04609375 0.07421875
0 0.6203125 0.240625 0.05078125 0.08359375
0 0.37265625 0.2453125 0.04140625 0.04140625
0 0.53046875 0.24765625 0.03671875 0.05546875
0 0.48125 0.24765625 0.03671875 0.07421875
0 0.84921875 0.25 0.04140625 0.07421875
0 0.59296875 0.25703125 0.028125 0.06015625
0 0.7890625 0.26171875 0.01875 0.04140625
0 0.3890625 0.2734375 0.05078125 0.05546875
0 0.81015625 0.2734375 0.04609375 0.06015625
0 0.678125 0.27578125 0.05078125 0.08359375
0 0.95625 0.28203125 0.05546875 0.06953125
0 0.2109375 0.284375 0.04609375 0.06953125
0 0.77109375 0.29375 0.04140625 0.07890625
0 0.02578125 0.2984375 0.05078125 0.06484375
0 0.28046875 0.03046875 0.03203125 0.04609375
0 0.32421875 0.3078125 0.03203125 0.05546875
0 0.35390625 0.3078125 0.03671875 0.05546875
0 0.446875 0.3265625 0.05078125 0.07421875
0 0.3890625 0.340625 0.05078125 0.06953125
0 0.51875 0.34453125 0.04140625 0.06015625
0 0.95859375 0.34921875 0.05546875 0.07421875
0 0.11796875 0.3515625 0.04140625 0.04609375