0 0.97890625 0.125 0.04140625 0.17109375
0 0.71328125 0.1390625 0.06015625 0.153125
0 0.10859375 0.159375 0.06015625 0.1390625
0 0.22421875 0.1734375 0.06953125 0.14375
0 0.653125 0.01875 0.05546875 0.03671875
0 0.61328125 0.240625 0.05078125 0.1296875
0 0.86796875 0.278125 0.06484375 0.14375
0 0.42578125 0.2890625 0.05546875 0.1203125
0 0.04140625 0.31484375 0.06484375 0.1484375
0 0.9765625 0.346875 0.03671875 0.16640625
0 0.30078125 0.37734375 0.05078125 0.1484375
0 0.78828125 0.0390625 0.0515625 0.078125
0 0.90546875 0.04140625 0.07890625 0.07421875
0 0.740625 0.4375 0.05546875 0.1390625
0 0.153125 0.446875 0.06953125 0.134375
0 0.5390625 0.44921875 0.05078125 0.1203125
0 0.9140625 0.52109375 0.06015625 0.1390625
0 0.39140625 0.52109375 0.06484375 0.1203125
0 0.01640625 0.5765625 0.03203125 0.1484375
0 0.240625 0.6015625 0.06015625 0.17109375
0 0.65703125 0.60859375 0.05078125 0.125
0 0.80078125 0.625 0.06015625 0.1296875
0 0.54140625 0.678125 0.05546875 0.134375
0 0.3703125 0.06953125 0.04609375 0.115625
0 0.5484375 0.07421875 0.05546875 0.1390625
0 0.09453125 0.76875 0.06953125 0.1390625
0 0.9140625 0.77578125 0.06015625 0.14375
0 0.821875 0.79140625 0.06015625 0.14375
0 0.68515625 0.81015625 0.05546875 0.1484375
0 0.403125 0.83125 0.06484375 0.14375
0 0.52578125 0.90546875 0.06484375 0.14375
0 0.21328125 0.9515625 0.1015625 0.08828125