0 0.10390625 0.10625 0.06015625 0.09296875
0 0.4328125 0.10859375 0.05546875 0.07421875
0 0.80078125 0.1109375 0.028125 0.05546875
0 0.06015625 0.11796875 0.06015625 0.08828125
0 0.97421875 0.13203125 0.05078125 0.096875
0 0.51875 0.13203125 0.06015625 0.09296875
0 0.15078125 0.134375 0.06015625 0.06484375
0 0.5484375 0.1390625 0.05546875 0.09296875
0 0.6921875 0.14609375 0.04140625 0.06953125
0 0.43046875 0.01640625 0.03671875 0.03203125
0 0.590625 0.16875 0.07421875 0.08359375
0 0.7640625 0.1828125 0.06015625 0.08359375
0 0.03046875 0.18515625 0.06015625 0.1296875
0 0.24296875 0.1921875 0.05078125 0.08828125
0 0.34296875 0.19921875 0.06015625 0.08828125
0 0.12734375 0.19921875 0.06953125 0.1203125
0 0.928125 0.02109375 0.06015625 0.04140625
0 0.89609375 0.21328125 0.05078125 0.06015625
0 0.29140625 0.22421875 0.07421875 0.07890625
0 0.4421875 0.22890625 0.07890625 0.1015625
0 0.3796875 0.25703125 0.07421875 0.1296875
0 0.59453125 0.26875 0.07421875 0.1109375
0 0.7984375 0.27578125 0.06953125 0.1109375
0 0.89609375 0.28671875 0.08359375 0.115625
0 0.0765625 0.29140625 0.08359375 0.09296875
0 0.29375 0.3125 0.06484375 0.153125
0 0.2734375 0.03203125 0.05546875 0.06015625
0 0.32421875 0.32421875 0.07421875 0.134375
0 0.0484375 0.36328125 0.07890625 0.134375
0 0.515625 0.0390625 0.06875 0.078125
0 0.465625 0.40078125 0.05546875 0.1203125
0 0.5046875 0.409375 0.06953125 0.134375
0 0.3796875 0.04375 0.06015625 0.07890625
0 0.26171875 0.43046875 0.07421875 0.1390625
0 0.7734375 0.4328125 0.07890625 0.134375
0 0.625 0.45625 0.09296875 0.115625
0 0.16640625 0.0484375 0.05078125 0.07890625
0 0.93515625 0.05078125 0.05078125 0.07890625
0 0.03203125 0.5046875 0.0640625 0.153125
0 0.91640625 0.55546875 0.08828125 0.08359375
0 0.68515625 0.06015625 0.05078125 0.07890625
0 0.66875 0.6203125 0.096875 0.15703125
0 0.72421875 0.0625 0.04140625 0.05078125
0 0.98828125 0.0671875 0.0234375 0.06015625
0 0.903125 0.66875 0.125 0.16640625
0 0.034375 0.6703125 0.06875 0.19375
0 0.34296875 0.67109375 0.07421875 0.134375
0 0.46953125 0.06953125 0.05078125 0.08359375
0 0.38671875 0.71796875 0.09296875 0.134375
0 0.59296875 0.08125 0.05546875 0.07890625
0 0.6640625 0.83359375 0.096875 0.1484375
0 0.28046875 0.8359375 0.1203125 0.134375
0 0.85390625 0.83828125 0.1015625 0.153125
0 0.56015625 0.840625 0.1109375 0.134375
0 0.82890625 0.090625 0.06953125 0.08828125
0 0.24765625 0.09453125 0.06015625 0.08359375
0 0.0140625 0.09921875 0.028125 0.04609375
0 0.7734375 0.10390625 0.07421875 0.096875