0 0.5671875 0.25703125 0.0046875 0.0046875
0 0.56015625 0.259375 0.0046875 0.009375
0 0.50703125 0.27578125 0.0046875 0.009375
0 0.51171875 0.28203125 0.0046875 0.0046875
0 0.55078125 0.2984375 0.0046875 0.009375
0 0.4953125 0.3125 0.0046875 0.009375
0 0.5 0.31484375 0.0046875 0.0046875
0 0.534375 0.3265625 0.0046875 0.0046875
0 0.52578125 0.33125 0.0046875 0.0046875
0 0.51875 0.34453125 0.0046875 0.0046875
0 0.534375 0.3703125 0.01875 0.03671875
0 0.221875 0.42578125 0.028125 0.04609375
0 0.29609375 0.428125 0.0140625 0.0234375
0 0.5140625 0.428125 0.01875 0.0234375
0 0.4421875 0.428125 0.0046875 0.009375
0 0.48125 0.43046875 0.0046875 0.009375
0 0.49296875 0.43046875 0.0140625 0.0234375
0 0.4328125 0.43046875 0.0046875 0.0046875
0 0.37734375 0.4328125 0.009375 0.0140625
0 0.634375 0.4328125 0.03671875 0.05078125
0 0.40078125 0.4328125 0.009375 0.009375
0 0.34453125 0.4328125 0.01875 0.01875
0 0.39609375 0.4328125 0.0046875 0.009375
0 0.3890625 0.4328125 0.009375 0.0140625
0 0.45390625 0.4328125 0.0046875 0.009375
0 0.17109375 0.4328125 0.0234375 0.04140625
0 0.43515625 0.4328125 0.0046875 0.009375
0 0.20390625 0.43515625 0.028125 0.05078125
0 0.6109375 0.43515625 0.0140625 0.01875
0 0.384375 0.43515625 0.0046875 0.009375
0 0.44453125 0.43515625 0.0046875 0.009375
0 0.42578125 0.43515625 0.0046875 0.009375
0 0.3078125 0.43515625 0.009375 0.01875
0 0.46953125 0.4375 0.0046875 0.009375
0 0.47421875 0.4375 0.0046875 0.0140625
0 0.465625 0.43984375 0.009375 0.0140625
0 0.134375 0.43984375 0.03203125 0.05078125
0 0.4140625 0.4421875 0.009375 0.0140625
0 0.403125 0.4421875 0.009375 0.009375
0 0.3515625 0.44453125 0.009375 0.0140625
0 0.35859375 0.44453125 0.0046875 0.0046875
0 0.6734375 0.44453125 0.0140625 0.01875
0 0.85625 0.446875 0.01875 0.0234375
0 0.42109375 0.44921875 0.009375 0.0140625
0 0.884375 0.44921875 0.0140625 0.028125
0 0.83828125 0.4515625 0.01875 0.03203125
0 0.4515625 0.45390625 0.0140625 0.0234375
0 0.8984375 0.45390625 0.01875 0.0234375
0 0.33828125 0.45390625 0.01875 0.04140625
0 0.56015625 0.45390625 0.009375 0.0234375
0 0.0046875 0.45390625 0.009375 0.05078125
0 0.68515625 0.45625 0.0140625 0.01875
0 0.98828125 0.45625 0.01875 0.01875
0 0.43046875 0.45859375 0.0046875 0.0140625
0 0.571875 0.45859375 0.0140625 0.028125
0 0.403125 0.4609375 0.0140625 0.01875
0 0.365625 0.4609375 0.009375 0.0234375
0 0.95859375 0.465625 0.028125 0.04609375
0 0.46328125 0.465625 0.01875 0.028125
0 0.74765625 0.46953125 0.01875 0.0234375
0 0.71953125 0.46953125 0.028125 0.04609375
0 0.9375 0.471875 0.0140625 0.01875
0 0.51171875 0.471875 0.03671875 0.05546875
0 0.8265625 0.4765625 0.03203125 0.06015625
0 0.784375 0.47890625 0.03671875 0.06015625
0 0.97890625 0.48359375 0.0140625 0.01875
0 0.73828125 0.51875 0.028125 0.05078125
0 0.6734375 0.09296875 0.009375 0.0140625
0 0.68984375 0.09453125 0.009375 0.0140625
0 0.56953125 0.13203125 0.009375 0.0140625
0 0.63203125 0.1734375 0.009375 0.0140625
0 0.62265625 0.178125 0.009375 0.009375
0 0.54609375 0.196875 0.009375 0.009375
0 0.53671875 0.196875 0.009375 0.0140625
0 0.59296875 0.21953125 0.009375 0.009375
0 0.58359375 0.2265625 0.0046875 0.0046875
0 0.52578125 0.22890625 0.0046875 0.009375
0 0.51640625 0.23125 0.009375 0.009375