0 0.0390625 0.1109375 0.009375 0.0140625
0 0.14140625 0.11796875 0.0046875 0.009375
0 0.04375 0.11796875 0.009375 0.0140625
0 0.134375 0.125 0.0046875 0.009375
0 0.1484375 0.125 0.009375 0.0140625
0 0.24765625 0.125 0.009375 0.0140625
0 0.028125 0.12734375 0.009375 0.009375
0 0.23828125 0.1296875 0.009375 0.009375
0 0.32890625 0.13671875 0.009375 0.0140625
0 0.321875 0.13671875 0.009375 0.009375
0 0.33828125 0.13671875 0.009375 0.0046875
0 0.25703125 0.15078125 0.009375 0.0140625
0 0.784375 0.153125 0.009375 0.0046875
0 0.659375 0.153125 0.0234375 0.01875
0 0.3984375 0.15703125 0.009375 0.0140625
0 0.33359375 0.16171875 0.009375 0.009375
0 0.14140625 0.16171875 0.009375 0.0140625
0 0.259375 0.16171875 0.0140625 0.0140625
0 0.0671875 0.1640625 0.009375 0.0140625
0 0.34453125 0.16875 0.009375 0.0140625
0 0.215625 0.16875 0.0046875 0.0140625
0 0.12734375 0.17109375 0.009375 0.0140625
0 0.403125 0.1734375 0.009375 0.0140625
0 0.06015625 0.1734375 0.009375 0.009375
0 0.11796875 0.17578125 0.009375 0.01875
0 0.20859375 0.17578125 0.009375 0.0140625
0 0.03046875 0.178125 0.009375 0.0140625
0 0.18984375 0.178125 0.0140625 0.0140625
0 0.3359375 0.1828125 0.009375 0.0140625
0 0.10625 0.1828125 0.009375 0.0140625
0 0.2453125 0.1828125 0.0140625 0.0140625
0 0.34453125 0.1828125 0.0140625 0.0140625
0 0.29140625 0.1875 0.009375 0.0140625
0 0.053125 0.1875 0.009375 0.0140625
0 0.63203125 0.1875 0.0140625 0.0140625
0 0.19453125 0.18984375 0.0140625 0.0140625
0 0.26640625 0.18984375 0.0046875 0.0140625
0 0.01640625 0.1921875 0.0046875 0.0140625
0 0.65078125 0.1921875 0.0140625 0.0140625
0 0.03203125 0.19453125 0.009375 0.0140625
0 0.2734375 0.19453125 0.0046875 0.009375
0 0.0234375 0.19921875 0.009375 0.0140625
0 0.04140625 0.19921875 0.009375 0.009375
0 0.09921875 0.2015625 0.0140625 0.0140625
0 0.28046875 0.2015625 0.0140625 0.0140625
0 0.215625 0.2015625 0.0046875 0.009375
0 0.1390625 0.20390625 0.009375 0.0140625
0 0.33125 0.20390625 0.0046875 0.0140625
0 0.1734375 0.20859375 0.0046875 0.0140625
0 0.18984375 0.2109375 0.0140625 0.0140625
0 0.08125 0.2109375 0.009375 0.0046875
0 0.909375 0.2109375 0.0140625 0.0234375
0 0.34453125 0.21328125 0.009375 0.0140625
0 0.11796875 0.21328125 0.009375 0.0140625
0 0.89375 0.21328125 0.0140625 0.0234375
0 0.14375 0.21328125 0.009375 0.0140625
0 0.18046875 0.215625 0.009375 0.01875
0 0.24765625 0.215625 0.009375 0.0140625
0 0.62734375 0.21796875 0.01875 0.028125
0 0.096875 0.21796875 0.009375 0.0140625
0 0.125 0.21796875 0.0046875 0.0140625
0 0.20859375 0.21796875 0.0140625 0.01875
0 0.05546875 0.21796875 0.009375 0.009375
0 0.6828125 0.21796875 0.01875 0.01875
0 0.10390625 0.21953125 0.009375 0.0140625
0 0.2640625 0.21953125 0.009375 0.0140625
0 0.4328125 0.21953125 0.0140625 0.0234375
0 0.5578125 0.21953125 0.0140625 0.01875
0 0.33359375 0.221875 0.0140625 0.0140625
0 0.7109375 0.221875 0.01875 0.01875
0 0.2734375 0.221875 0.0140625 0.01875
0 0.4234375 0.22421875 0.009375 0.0140625
0 0.60859375 0.22421875 0.0140625 0.0140625
0 0.7546875 0.22421875 0.01875 0.0234375
0 0.4859375 0.22421875 0.0140625 0.0140625
0 0.52109375 0.2265625 0.0140625 0.0140625
0 0.0859375 0.2265625 0.009375 0.0140625
0 0.89140625 0.2265625 0.0140625 0.01875
0 0.81015625 0.22890625 0.0234375 0.0234375
0 0.86328125 0.22890625 0.0140625 0.01875
0 0.14375 0.22890625 0.009375 0.01875
0 0.31953125 0.22890625 0.009375 0.0140625
0 0.40546875 0.22890625 0.0140625 0.0140625
0 0.29140625 0.23125 0.0140625 0.028125
0 0.0390625 0.23125 0.009375 0.0140625
0 0.0671875 0.23125 0.009375 0.0140625
0 0.24765625 0.23359375 0.0140625 0.01875
0 0.0484375 0.23359375 0.0140625 0.01875
0 0.340625 0.23359375 0.0140625 0.0140625
0 0.19453125 0.2359375 0.0140625 0.01875
0 0.096875 0.2359375 0.009375 0.0140625
0 0.10625 0.2359375 0.009375 0.0140625
0 0.4421875 0.2359375 0.0140625 0.0234375
0 0.1203125 0.2359375 0.009375 0.0140625
0 0.384375 0.23828125 0.0140625 0.01875
0 0.0859375 0.240625 0.009375 0.0140625
0 0.15546875 0.240625 0.0046875 0.0140625
0 0.06015625 0.24296875 0.0140625 0.0140625
0 0.134375 0.2453125 0.0140625 0.0234375
0 0.07421875 0.2453125 0.0140625 0.01875
0 0.14375 0.2453125 0.009375 0.0140625
0 0.98828125 0.24765625 0.0140625 0.04140625
0 0.1734375 0.24765625 0.009375 0.0140625
0 0.39140625 0.26171875 0.01875 0.0234375
0 0.56953125 0.26171875 0.01875 0.028125
0 0.36328125 0.2640625 0.0234375 0.03203125
0 0.409375 0.2734375 0.01875 0.0234375
0 0.62734375 0.27578125 0.03671875 0.03671875
0 0.37734375 0.28046875 0.0234375 0.01875
0 0.66640625 0.28046875 0.01875 0.0234375
0 0.2265625 0.28203125 0.03203125 0.04140625
0 0.01171875 0.28203125 0.0234375 0.028125
0 0.57421875 0.28203125 0.01875 0.028125
0 0.8515625 0.29609375 0.0234375 0.0234375
0 0.12734375 0.29609375 0.04140625 0.03671875
0 0.08125 0.2984375 0.03671875 0.04609375
0 0.71328125 0.3078125 0.01875 0.04140625
0 0.5140625 0.3171875 0.0234375 0.0234375
0 0.97890625 0.321875 0.03203125 0.04140625
0 0.375 0.32421875 0.04140625 0.06015625
0 0.31484375 0.3265625 0.03671875 0.06484375
0 0.34453125 0.3265625 0.0234375 0.05546875
0 0.91640625 0.33125 0.028125 0.03203125
0 0.23359375 0.33828125 0.03671875 0.05078125
0 0.27578125 0.340625 0.028125 0.04140625
0 0.4375 0.34296875 0.05078125 0.05078125
0 0.18984375 0.35859375 0.04609375 0.05546875
0 0.55546875 0.38203125 0.04140625 0.07890625
0 0.5046875 0.39140625 0.05078125 0.08359375
0 0.66171875 0.39609375 0.05078125 0.09296875
0 0.409375 0.40546875 0.05078125 0.08359375
0 0.721875 0.42578125 0.06953125 0.1109375
0 0.884375 0.465625 0.07421875 0.08828125
0 0.46953125 0.09296875 0.009375 0.0140625
0 0.0484375 0.09453125 0.0140625 0.0140625