0 0.615625 0.60625 0.01875 0.028125
0 0.23125 0.65546875 0.028125 0.04140625
0 0.15703125 0.659375 0.028125 0.04140625
0 0.653125 0.66875 0.0234375 0.03671875
0 0.10859375 0.6875 0.028125 0.03671875
0 0.69921875 0.6921875 0.01875 0.03203125
0 0.965625 0.6921875 0.0234375 0.04140625
0 0.2984375 0.69453125 0.0234375 0.03203125
0 0.35859375 0.696875 0.0234375 0.03203125
0 0.384375 0.69921875 0.0234375 0.03671875
0 0.05078125 0.7015625 0.01875 0.03203125
0 0.63203125 0.7109375 0.0234375 0.028125
0 0.47890625 0.71328125 0.01875 0.028125
0 0.41875 0.715625 0.01875 0.0234375
0 0.534375 0.72890625 0.028125 0.04140625
0 0.89375 0.73125 0.01875 0.0234375
0 0.196875 0.7890625 0.028125 0.04140625
0 0.02109375 0.79375 0.03203125 0.04140625
0 0.928125 0.84453125 0.03671875 0.04140625
0 0.84296875 0.846875 0.028125 0.04609375
0 0.34296875 0.8515625 0.0234375 0.04140625
0 0.2546875 0.86328125 0.028125 0.04609375
0 0.59453125 0.884375 0.03671875 0.04609375
0 0.7015625 0.903125 0.03203125 0.05546875
0 0.01640625 0.91171875 0.03203125 0.04609375
0 0.6640625 0.9765625 0.04140625 0.03671875
0 0.096875 0.4515625 0.0140625 0.0234375
0 0.08359375 0.45859375 0.0140625 0.0234375
0 0.03671875 0.4609375 0.0140625 0.0234375
0 0.12265625 0.465625 0.0140625 0.01875
0 0.134375 0.46953125 0.0140625 0.01875
0 0.15703125 0.4765625 0.0140625 0.0140625
0 0.18046875 0.47890625 0.0140625 0.01875
0 0.24765625 0.48125 0.0140625 0.0234375
0 0.11796875 0.48359375 0.01875 0.01875
0 0.215625 0.48359375 0.0140625 0.01875
0 0.384375 0.49296875 0.0140625 0.0234375
0 0.31953125 0.5046875 0.01875 0.028125
0 0.3609375 0.5234375 0.01875 0.04140625
0 0.17109375 0.534375 0.01875 0.03203125
0 0.58828125 0.5578125 0.0140625 0.028125
0 0.21796875 0.57421875 0.01875 0.03203125
0 0.259375 0.57421875 0.0140625 0.028125
0 0.3796875 0.5765625 0.01875 0.028125
0 0.41171875 0.5859375 0.01875 0.028125
0 0.8078125 0.58828125 0.01875 0.028125
0 0.44453125 0.596875 0.01875 0.028125
0 0.25234375 0.596875 0.01875 0.0234375
0 0.5140625 0.596875 0.01875 0.03203125