0 0.84296875 0.01171875 0.009375 0.009375
0 0.7890625 0.115625 0.04609375 0.05078125
0 0.73359375 0.11796875 0.03203125 0.05546875
0 0.6015625 0.1203125 0.01875 0.01875
0 0.5765625 0.1203125 0.01875 0.0234375
0 0.8125 0.0140625 0.0046875 0.009375
0 0.51640625 0.14609375 0.01875 0.01875
0 0.81953125 0.01640625 0.009375 0.0140625
0 0.634375 0.16171875 0.03203125 0.04140625
0 0.50703125 0.1640625 0.0140625 0.01875
0 0.846875 0.16640625 0.04609375 0.06953125
0 0.60625 0.16640625 0.01875 0.04140625
0 0.91875 0.01640625 0.0234375 0.0234375
0 0.590625 0.17109375 0.03203125 0.04609375
0 0.4765625 0.1734375 0.0234375 0.028125
0 0.6640625 0.1734375 0.028125 0.06015625
0 0.69921875 0.17578125 0.04609375 0.05546875
0 0.53203125 0.17578125 0.0234375 0.04140625
0 0.88671875 0.01875 0.01875 0.0234375
0 0.49765625 0.196875 0.0234375 0.05546875
0 0.79375 0.02109375 0.0046875 0.009375
0 0.19453125 0.20859375 0.03203125 0.03671875
0 0.7984375 0.02109375 0.009375 0.0140625
0 0.23828125 0.21953125 0.028125 0.03203125
0 0.51875 0.221875 0.03671875 0.04609375
0 0.409375 0.22890625 0.03671875 0.04140625
0 0.4328125 0.23125 0.028125 0.04140625
0 0.4609375 0.2453125 0.03671875 0.05546875
0 0.403125 0.25 0.03671875 0.05078125
0 0.7015625 0.26171875 0.04140625 0.07421875
0 0.59921875 0.26171875 0.04609375 0.08359375
0 0.31015625 0.28203125 0.03203125 0.0234375
0 0.3609375 0.29375 0.03671875 0.04140625
0 0.43515625 0.2984375 0.05078125 0.06953125
0 0.340625 0.32421875 0.04140625 0.06953125
0 0.18046875 0.3265625 0.0234375 0.03203125
0 0.5671875 0.32890625 0.06484375 0.10625
0 0.3078125 0.340625 0.05546875 0.096875
0 0.2546875 0.346875 0.03203125 0.04609375
0 0.846875 0.03671875 0.0234375 0.028125
0 0.7984375 0.03671875 0.0140625 0.01875
0 0.1296875 0.37734375 0.05546875 0.06015625
0 0.21796875 0.3890625 0.05078125 0.06953125
0 0.42578125 0.39375 0.06953125 0.096875
0 0.04375 0.409375 0.05546875 0.04609375
0 0.153125 0.46796875 0.05078125 0.06953125
0 0.03671875 0.48359375 0.06015625 0.06484375
0 0.1109375 0.49765625 0.08359375 0.08359375
0 0.29609375 0.5140625 0.1203125 0.1390625
0 0.02578125 0.5390625 0.05078125 0.07421875
0 0.71796875 0.0578125 0.0140625 0.0140625
0 0.69453125 0.071875 0.009375 0.0140625
0 0.76171875 0.07421875 0.01875 0.03203125
0 0.04140625 0.7703125 0.0828125 0.0875
0 0.6734375 0.0859375 0.0140625 0.0234375
0 0.715625 0.08828125 0.0234375 0.028125
0 0.68515625 0.09296875 0.01875 0.0234375
0 0.82890625 0.009375 0.009375 0.009375
0 0.64375 0.096875 0.0140625 0.0234375
0 0.97890625 0.1015625 0.04140625 0.096875