0 0.1015625 0.10625 0.01875 0.03203125
0 0.66640625 0.1109375 0.028125 0.04609375
0 0.95625 0.0140625 0.04140625 0.028125
0 0.8359375 0.13203125 0.06015625 0.08359375
0 0.5 0.13203125 0.03671875 0.05546875
0 0.16171875 0.0140625 0.04140625 0.0234375
0 0.76640625 0.01640625 0.0234375 0.03203125
0 0.403125 0.153125 0.04140625 0.05546875
0 0.08828125 0.153125 0.01875 0.04140625
0 0.05546875 0.15546875 0.028125 0.03671875
0 0.77109375 0.16875 0.03203125 0.06953125
0 0.2734375 0.16875 0.04140625 0.06015625
0 0.20859375 0.17109375 0.01875 0.04140625
0 0.946875 0.178125 0.04140625 0.03203125
0 0.23359375 0.178125 0.03671875 0.04609375
0 0.1828125 0.1828125 0.0234375 0.04609375
0 0.33828125 0.18515625 0.028125 0.04140625
0 0.35859375 0.01875 0.04140625 0.03203125
0 0.02109375 0.19921875 0.028125 0.04140625
0 0.6296875 0.02109375 0.028125 0.04140625
0 0.24765625 0.2109375 0.03671875 0.05078125
0 0.9765625 0.22421875 0.03671875 0.06484375
0 0.946875 0.23125 0.04140625 0.06484375
0 0.22421875 0.24296875 0.028125 0.06015625
0 0.15546875 0.2453125 0.04140625 0.06015625
0 0.346875 0.27578125 0.03203125 0.04609375
0 0.64375 0.278125 0.04140625 0.05546875
0 0.73359375 0.29375 0.04140625 0.06484375
0 0.634375 0.34453125 0.03203125 0.06484375
0 0.70859375 0.03671875 0.028125 0.04609375
0 0.06484375 0.35625 0.03671875 0.05546875
0 0.7453125 0.3703125 0.03203125 0.06015625
0 0.50234375 0.0390625 0.028125 0.05078125
0 0.32890625 0.41171875 0.04609375 0.06484375
0 0.01875 0.4234375 0.03671875 0.08828125
0 0.52578125 0.43046875 0.05078125 0.07421875
0 0.465625 0.43515625 0.04140625 0.06953125
0 0.07421875 0.4375 0.03671875 0.07421875
0 0.87265625 0.05078125 0.01875 0.04609375
0 0.88671875 0.05078125 0.01875 0.03203125
0 0.14609375 0.5625 0.05546875 0.08359375
0 0.08828125 0.0578125 0.028125 0.028125
0 0.40078125 0.06015625 0.0234375 0.03203125
0 0.02578125 0.634375 0.05078125 0.09296875
0 0.36328125 0.0671875 0.0140625 0.028125
0 0.43984375 0.6875 0.04609375 0.08828125
0 0.14609375 0.69453125 0.06953125 0.1109375
0 0.65546875 0.071875 0.01875 0.03203125
0 0.2546875 0.071875 0.0234375 0.04140625
0 0.18984375 0.07421875 0.01875 0.04140625
0 0.3796875 0.0765625 0.0234375 0.03203125
0 0.9765625 0.76875 0.04609375 0.09296875
0 0.60390625 0.07890625 0.03203125 0.04609375
0 0.23359375 0.07890625 0.0140625 0.04140625
0 0.83125 0.86796875 0.07421875 0.07421875
0 0.91640625 0.01171875 0.028125 0.0234375
0 0.00703125 0.09921875 0.0140625 0.04140625
0 0.403125 0.10390625 0.03671875 0.0234375
0 0.07421875 0.10390625 0.0234375 0.03671875