0 0.8359375 0.3359375 0.0046875 0.0046875
0 0.8515625 0.33828125 0.0046875 0.0046875
0 0.8171875 0.340625 0.0046875 0.0046875
0 0.52109375 0.36328125 0.028125 0.04609375
0 0.928125 0.38671875 0.028125 0.03203125
0 0.86328125 0.38671875 0.0234375 0.028125
0 0.72421875 0.38671875 0.009375 0.009375
0 0.446875 0.39375 0.04609375 0.05546875
0 0.7890625 0.39609375 0.009375 0.009375
0 0.80078125 0.39609375 0.009375 0.01875
0 0.82890625 0.3984375 0.009375 0.009375
0 0.20859375 0.3984375 0.01875 0.03203125
0 0.778125 0.3984375 0.0046875 0.009375
0 0.62734375 0.3984375 0.0046875 0.0046875
0 0.73125 0.40078125 0.0140625 0.01875
0 0.7640625 0.40078125 0.0046875 0.0046875
0 0.81953125 0.40078125 0.009375 0.0140625
0 0.659375 0.40078125 0.009375 0.0140625
0 0.784375 0.403125 0.0046875 0.0140625
0 0.68984375 0.403125 0.0046875 0.009375
0 0.77109375 0.403125 0.0046875 0.009375
0 0.68515625 0.403125 0.0046875 0.009375
0 0.74296875 0.403125 0.0140625 0.01875
0 0.70390625 0.403125 0.0046875 0.0140625
0 0.7546875 0.403125 0.0140625 0.01875
0 0.69921875 0.40546875 0.0046875 0.0046875
0 0.7109375 0.40546875 0.009375 0.0140625
0 0.77578125 0.40546875 0.009375 0.009375
0 0.69453125 0.40703125 0.009375 0.0046875
0 0.909375 0.40703125 0.009375 0.0140625
0 0.67109375 0.40703125 0.0140625 0.01875
0 0.7640625 0.40703125 0.009375 0.009375
0 0.78671875 0.409375 0.0140625 0.01875
0 0.409375 0.409375 0.028125 0.04609375
0 0.76875 0.409375 0.009375 0.009375
0 0.49765625 0.409375 0.009375 0.009375
0 0.6203125 0.409375 0.009375 0.0140625
0 0.65546875 0.41171875 0.009375 0.0140625
0 0.2734375 0.41171875 0.03203125 0.04140625
0 0.1640625 0.4140625 0.01875 0.0234375
0 0.490625 0.4140625 0.009375 0.0140625
0 0.50703125 0.4140625 0.0046875 0.009375
0 0.11328125 0.41640625 0.03203125 0.04609375
0 0.6390625 0.41640625 0.028125 0.04140625
0 0.68515625 0.41875 0.009375 0.0140625
0 0.03671875 0.42109375 0.01875 0.0140625
0 0.3796875 0.42109375 0.03203125 0.05078125
0 0.77109375 0.4234375 0.009375 0.0140625
0 0.06953125 0.4234375 0.04609375 0.06953125
0 0.13671875 0.42578125 0.01875 0.04140625
0 0.55546875 0.43046875 0.0140625 0.01875
0 0.3359375 0.43046875 0.03671875 0.04609375
0 0.49765625 0.43046875 0.009375 0.009375
0 0.8265625 0.4328125 0.009375 0.0140625
0 0.18046875 0.43984375 0.028125 0.03671875
0 0.29140625 0.43984375 0.03203125 0.04140625
0 0.034375 0.4421875 0.028125 0.0234375
0 0.89609375 0.446875 0.0140625 0.0140625
0 0.7890625 0.465625 0.0140625 0.01875
0 0.9609375 0.46953125 0.04140625 0.06015625
0 0.26640625 0.46953125 0.06953125 0.1109375
0 0.3078125 0.471875 0.03671875 0.06015625
0 0.90078125 0.47421875 0.0140625 0.0234375
0 0.01875 0.5 0.028125 0.03203125
0 0.009375 0.51171875 0.01875 0.04140625
0 0.79609375 0.5140625 0.05546875 0.07421875
0 0.6296875 0.528125 0.05078125 0.06015625
0 0.87265625 0.5484375 0.04140625 0.06015625
0 0.74765625 0.5671875 0.06015625 0.07421875
0 0.43046875 0.6296875 0.06015625 0.07421875
0 0.55078125 0.6390625 0.04609375 0.06953125
0 0.33828125 0.6921875 0.06015625 0.08828125