0 0.1390625 0.01171875 0.0234375 0.0234375
0 0.50234375 0.09921875 0.028125 0.06484375
0 0.803125 0.0140625 0.028125 0.028125
0 0.95390625 0.14375 0.03203125 0.06484375
0 0.31015625 0.14609375 0.03203125 0.06015625
0 0.37265625 0.15078125 0.03203125 0.06484375
0 0.52578125 0.15546875 0.03671875 0.07421875
0 0.4515625 0.15546875 0.03203125 0.06484375
0 0.096875 0.15546875 0.03203125 0.06015625
0 0.034375 0.15703125 0.028125 0.05546875
0 0.33828125 0.01640625 0.028125 0.03203125
0 0.8515625 0.16171875 0.03203125 0.07421875
0 0.23359375 0.1640625 0.03203125 0.06484375
0 0.67109375 0.16875 0.03671875 0.06953125
0 0.77578125 0.16875 0.03203125 0.06015625
0 0.625 0.01875 0.028125 0.03671875
0 0.58359375 0.17109375 0.028125 0.06015625
0 0.89609375 0.17578125 0.03203125 0.06953125
0 0.56953125 0.01875 0.028125 0.03671875
0 0.8703125 0.02109375 0.03671875 0.04140625
0 0.27109375 0.02109375 0.03203125 0.04140625
0 0.028125 0.02109375 0.028125 0.04140625
0 0.72890625 0.18984375 0.03203125 0.06953125
0 0.6203125 0.240625 0.03203125 0.06015625
0 0.08828125 0.24765625 0.03203125 0.05546875
0 0.81484375 0.25234375 0.0234375 0.04609375
0 0.74765625 0.25703125 0.0234375 0.05546875
0 0.28671875 0.25703125 0.03671875 0.07421875
0 0.89375 0.259375 0.04140625 0.07421875
0 0.48828125 0.259375 0.03203125 0.06484375
0 0.159375 0.26171875 0.03203125 0.05078125
0 0.6921875 0.2640625 0.03203125 0.05078125
0 0.221875 0.26640625 0.03203125 0.07890625
0 0.3609375 0.26640625 0.03203125 0.05546875
0 0.96796875 0.2734375 0.028125 0.06015625
0 0.54609375 0.27578125 0.028125 0.05546875
0 0.43046875 0.27578125 0.028125 0.06484375
0 0.0140625 0.28203125 0.028125 0.05546875
0 0.70390625 0.32890625 0.03203125 0.06953125
0 0.11796875 0.35390625 0.028125 0.06484375
0 0.82890625 0.35859375 0.03203125 0.06484375
0 0.3609375 0.35859375 0.03671875 0.08359375
0 0.8890625 0.3609375 0.03203125 0.06484375
0 0.95859375 0.36328125 0.03671875 0.07421875
0 0.4515625 0.36328125 0.03203125 0.06015625
0 0.75703125 0.36796875 0.03203125 0.07421875
0 0.27578125 0.37265625 0.03671875 0.07890625
0 0.0234375 0.375 0.028125 0.07890625
0 0.5140625 0.375 0.03203125 0.07890625
0 0.5765625 0.37734375 0.03203125 0.06953125
0 0.64140625 0.3796875 0.03203125 0.07421875
0 0.20390625 0.3984375 0.03203125 0.06953125
0 0.40078125 0.04375 0.028125 0.06015625
0 0.3703125 0.4609375 0.03671875 0.06015625
0 0.57421875 0.46953125 0.03203125 0.08828125
0 0.16640625 0.47421875 0.03203125 0.06484375
0 0.04140625 0.49296875 0.03203125 0.06484375
0 0.75234375 0.4953125 0.028125 0.08828125
0 0.24296875 0.4953125 0.03671875 0.06484375
0 0.8359375 0.49765625 0.028125 0.06015625
0 0.928125 0.50234375 0.03671875 0.09296875
0 0.4421875 0.50703125 0.03203125 0.06015625
0 0.8890625 0.05078125 0.03203125 0.06015625
0 0.66640625 0.51875 0.03671875 0.08828125
0 0.10859375 0.51875 0.03671875 0.06015625
0 0.50234375 0.52109375 0.03203125 0.07421875
0 0.31484375 0.5234375 0.03671875 0.06484375
0 0.97890625 0.5234375 0.03203125 0.07421875
0 0.090625 0.0578125 0.028125 0.05546875
0 0.178125 0.6015625 0.028125 0.07421875
0 0.04140625 0.63671875 0.03671875 0.08828125
0 0.33359375 0.63671875 0.028125 0.07421875
0 0.865625 0.6390625 0.03671875 0.08828125
0 0.1109375 0.6390625 0.03203125 0.07421875
0 0.56015625 0.64375 0.03671875 0.06484375
0 0.784375 0.64375 0.03203125 0.08359375
0 0.98828125 0.64609375 0.0234375 0.08359375
0 0.73359375 0.64609375 0.04140625 0.07890625
0 0.41875 0.64609375 0.03671875 0.07890625
0 0.26640625 0.6484375 0.028125 0.06953125
0 0.7984375 0.06484375 0.03203125 0.05078125
0 0.64140625 0.65703125 0.03671875 0.06484375
0 0.4953125 0.65703125 0.03671875 0.06484375
0 0.01640625 0.0671875 0.03203125 0.04609375
0 0.215625 0.0671875 0.03203125 0.06015625
0 0.93046875 0.6734375 0.03203125 0.07421875
0 0.33828125 0.06953125 0.028125 0.06015625
0 0.6296875 0.071875 0.028125 0.05546875
0 0.15546875 0.071875 0.028125 0.05078125
0 0.571875 0.07421875 0.028125 0.06015625
0 0.6828125 0.07421875 0.028125 0.06484375
0 0.73828125 0.0765625 0.028125 0.06015625
0 0.08125 0.77109375 0.03203125 0.07890625
0 0.25703125 0.778125 0.04140625 0.096875
0 0.63671875 0.778125 0.03203125 0.07421875
0 0.01171875 0.78203125 0.0234375 0.08828125
0 0.79140625 0.7890625 0.04140625 0.08359375
0 0.96328125 0.07890625 0.028125 0.04609375
0 0.178125 0.79609375 0.04140625 0.08359375
0 0.74296875 0.009375 0.0234375 0.01875
0 0.5578125 0.80078125 0.028125 0.06484375
0 0.3515625 0.803125 0.03203125 0.07890625
0 0.4953125 0.80546875 0.04140625 0.08359375
0 0.87265625 0.8078125 0.03671875 0.08828125
0 0.4234375 0.8078125 0.03671875 0.096875
0 0.28203125 0.08359375 0.04140625 0.07890625
0 0.70625 0.81953125 0.04140625 0.08359375
0 0.94921875 0.821875 0.03203125 0.08828125
0 0.8515625 0.08828125 0.028125 0.06953125
0 0.94921875 0.009375 0.0234375 0.01875
0 0.10859375 0.95625 0.04609375 0.08359375
0 0.8171875 0.95625 0.03671875 0.07421875
0 0.97890625 0.95625 0.03203125 0.07890625
0 0.028125 0.9609375 0.04609375 0.07421875
0 0.64609375 0.96328125 0.03671875 0.06484375
0 0.30234375 0.96484375 0.0421875 0.0703125
0 0.73359375 0.96796875 0.05078125 0.06015625
0 0.90546875 0.96796875 0.04140625 0.05078125
0 0.20859375 0.96796875 0.04609375 0.05546875
0 0.46796875 0.971875 0.03671875 0.05546875
0 0.38671875 0.97421875 0.03671875 0.05078125
0 0.56015625 0.98125 0.03203125 0.03203125