0 0.37265625 0.10390625 0.05546875 0.07890625
0 0.70859375 0.10625 0.05546875 0.09296875
0 0.2640625 0.10859375 0.05546875 0.07421875
0 0.6015625 0.1109375 0.04140625 0.06015625
0 0.85625 0.1109375 0.05546875 0.04609375
0 0.58125 0.115625 0.04140625 0.05546875
0 0.66640625 0.134375 0.05546875 0.09296875
0 0.44453125 0.13671875 0.04140625 0.06953125
0 0.778125 0.15546875 0.05546875 0.06953125
0 0.83359375 0.15703125 0.05078125 0.04609375
0 0.5046875 0.159375 0.06484375 0.1109375
0 0.9421875 0.1640625 0.06953125 0.10625
0 0.8890625 0.17578125 0.05078125 0.05546875
0 0.18984375 0.18984375 0.06484375 0.10625
0 0.41171875 0.196875 0.06015625 0.06484375
0 0.571875 0.19921875 0.05078125 0.08828125
0 0.71953125 0.21796875 0.06953125 0.09296875
0 0.63203125 0.22421875 0.06015625 0.09296875
0 0.84921875 0.23359375 0.05078125 0.10625
0 0.07890625 0.23359375 0.08359375 0.134375
0 0.3125 0.240625 0.07421875 0.125
0 0.80546875 0.25703125 0.06484375 0.1109375
0 0.9859375 0.2640625 0.028125 0.1109375
0 0.71328125 0.28046875 0.05078125 0.1015625
0 0.38671875 0.29375 0.06015625 0.1203125
0 0.92578125 0.30078125 0.06015625 0.096875
0 0.14765625 0.03203125 0.0640625 0.0640625
0 0.68046875 0.57421875 0.07421875 0.1015625
0 0.5625 0.59296875 0.06484375 0.1015625
0 0.21328125 0.06015625 0.06015625 0.07890625
0 0.47890625 0.60625 0.06953125 0.096875
0 0.05078125 0.625 0.06484375 0.1109375
0 0.3125 0.06484375 0.05078125 0.03671875
0 0.26875 0.66640625 0.06953125 0.1109375
0 0.96953125 0.70390625 0.05078125 0.1015625
0 0.340625 0.0765625 0.0234375 0.04140625
0 0.43984375 0.08125 0.04609375 0.04140625
0 0.053125 0.090625 0.07890625 0.07890625
0 0.3078125 0.1015625 0.04140625 0.04140625