0 0.64375 0.26875 0.028125 0.03671875
0 0.80546875 0.27109375 0.03671875 0.07421875
0 0.5625 0.27578125 0.03203125 0.05546875
0 0.41171875 0.28671875 0.03671875 0.07421875
0 0.465625 0.2890625 0.0140625 0.04140625
0 0.678125 0.2890625 0.05078125 0.09296875
0 0.86796875 0.29609375 0.04140625 0.06953125
0 0.63671875 0.29609375 0.03671875 0.06015625
0 0.7359375 0.29609375 0.03671875 0.07421875
0 0.590625 0.3078125 0.04609375 0.07421875
0 0.76875 0.32890625 0.05078125 0.115625
0 0.43984375 0.3359375 0.05078125 0.096875
0 0.321875 0.34453125 0.05078125 0.10625
0 0.5 0.365625 0.06953125 0.115625
0 0.70625 0.41171875 0.05546875 0.1203125
0 0.01875 0.42578125 0.03671875 0.1390625
0 0.365625 0.428125 0.08828125 0.17109375
0 0.13203125 0.4328125 0.08359375 0.16640625
0 0.6109375 0.48125 0.09296875 0.20859375
0 0.47421875 0.85859375 0.20859375 0.2453125
0 0.8609375 0.16640625 0.028125 0.05078125
0 0.52109375 0.17109375 0.0234375 0.06015625
0 0.76171875 0.17109375 0.028125 0.06015625
0 0.9375 0.17109375 0.028125 0.05546875
0 0.83828125 0.1828125 0.01875 0.04140625
0 0.64140625 0.1875 0.0234375 0.04609375
0 0.58125 0.19921875 0.0234375 0.05078125
0 0.96796875 0.2015625 0.028125 0.05078125
0 0.35859375 0.2109375 0.028125 0.04140625