0 0.12265625 0.48828125 0.0234375 0.04140625
0 0.7984375 0.490625 0.01875 0.03203125
0 0.57421875 0.5046875 0.0140625 0.0234375
0 0.8171875 0.50703125 0.01875 0.028125
0 0.02109375 0.51171875 0.0140625 0.03203125
0 0.3078125 0.51171875 0.01875 0.03671875
0 0.715625 0.51171875 0.01875 0.03671875
0 0.61328125 0.5140625 0.0140625 0.028125
0 0.490625 0.5140625 0.0140625 0.028125
0 0.9609375 0.51640625 0.0234375 0.04140625
0 0.54375 0.51640625 0.01875 0.028125
0 0.4421875 0.51875 0.01875 0.0234375
0 0.6828125 0.51875 0.009375 0.01875
0 0.125 0.52109375 0.0046875 0.01875
0 0.04140625 0.52109375 0.0140625 0.01875
0 0.28046875 0.52109375 0.0140625 0.0234375
0 0.3609375 0.52109375 0.0234375 0.03671875
0 0.8359375 0.52109375 0.009375 0.01875
0 0.88671875 0.52109375 0.0140625 0.028125
0 0.25703125 0.5234375 0.0046875 0.0140625
0 0.659375 0.5234375 0.009375 0.0140625
0 0.06953125 0.5234375 0.009375 0.009375
0 0.08828125 0.5234375 0.009375 0.0140625
0 0.33828125 0.5234375 0.009375 0.01875
0 0.5859375 0.5234375 0.0140625 0.0234375
0 0.903125 0.5234375 0.0140625 0.01875
0 0.73828125 0.52578125 0.009375 0.03203125
0 0.83125 0.52578125 0.009375 0.01875
0 0.21796875 0.528125 0.0140625 0.01875
0 0.16171875 0.528125 0.009375 0.0140625
0 0.0765625 0.528125 0.0046875 0.01875
0 0.85390625 0.528125 0.009375 0.0234375
0 0.93515625 0.528125 0.01875 0.03203125
0 0.23125 0.53046875 0.009375 0.01875
0 0.37734375 0.53046875 0.0140625 0.028125
0 0.39375 0.53046875 0.0046875 0.0140625
0 0.6921875 0.53046875 0.0140625 0.01875
0 0.028125 0.53046875 0.009375 0.0234375
0 0.4328125 0.53046875 0.009375 0.01875
0 0.86328125 0.53046875 0.009375 0.01875
0 0.2640625 0.53046875 0.0046875 0.01875
0 0.40546875 0.53203125 0.0046875 0.01875
0 0.4140625 0.53203125 0.0046875 0.0140625
0 0.70625 0.53203125 0.009375 0.01875
0 0.346875 0.53203125 0.009375 0.01875
0 0.64375 0.53203125 0.0140625 0.028125
0 0.66875 0.53203125 0.009375 0.01875
0 0.1484375 0.534375 0.0140625 0.0234375
0 0.428125 0.534375 0.0046875 0.0140625
0 0.45859375 0.534375 0.0046875 0.009375
0 0.0578125 0.534375 0.009375 0.03203125
0 0.98828125 0.534375 0.0140625 0.04140625
0 0.18046875 0.534375 0.0140625 0.0234375
0 0.06953125 0.534375 0.009375 0.0140625
0 0.75234375 0.534375 0.0140625 0.028125
0 0.3265625 0.53671875 0.0046875 0.009375
0 0.91875 0.53671875 0.009375 0.01875
0 0.22421875 0.53671875 0.009375 0.01875
0 0.409375 0.53671875 0.0046875 0.0140625
0 0.4234375 0.53671875 0.0046875 0.0140625
0 0.1921875 0.53671875 0.0234375 0.03671875
0 0.5140625 0.53671875 0.0046875 0.009375
0 0.59921875 0.5390625 0.009375 0.0140625
0 0.76640625 0.5390625 0.009375 0.0140625
0 0.465625 0.5390625 0.0046875 0.009375
0 0.60390625 0.5390625 0.0046875 0.009375
0 0.06484375 0.5390625 0.009375 0.01875
0 0.509375 0.5390625 0.0046875 0.009375
0 0.49765625 0.54140625 0.0046875 0.009375
0 0.54140625 0.54140625 0.0046875 0.0046875
0 0.159375 0.54140625 0.0140625 0.01875
0 0.53046875 0.54375 0.0046875 0.009375
0 0.534375 0.54375 0.0046875 0.0046875