0 0.0765625 0.2734375 0.009375 0.0140625
0 0.5484375 0.27578125 0.01875 0.0234375
0 0.053125 0.27578125 0.0140625 0.0234375
0 0.51640625 0.27578125 0.01875 0.028125
0 0.21328125 0.278125 0.01875 0.01875
0 0.4421875 0.28046875 0.01875 0.028125
0 0.14375 0.28671875 0.01875 0.0234375
0 0.0859375 0.2890625 0.01875 0.01875
0 0.2109375 0.29375 0.01875 0.0234375
0 0.48828125 0.29375 0.01875 0.0234375
0 0.13203125 0.29375 0.01875 0.0234375
0 0.59453125 0.29609375 0.01875 0.04140625
0 0.04375 0.2984375 0.01875 0.028125
0 0.08359375 0.3078125 0.0140625 0.0234375
0 0.51171875 0.3125 0.01875 0.028125
0 0.4515625 0.31484375 0.01875 0.03671875
0 0.13203125 0.31953125 0.0234375 0.03671875
0 0.52578125 0.31953125 0.01875 0.028125
0 0.56953125 0.31953125 0.0140625 0.0234375
0 0.38203125 0.3265625 0.0234375 0.03203125
0 0.159375 0.33125 0.028125 0.028125
0 0.1921875 0.33125 0.01875 0.0234375
0 0.48125 0.33125 0.01875 0.028125
0 0.55546875 0.33125 0.01875 0.028125
0 0.321875 0.33359375 0.01875 0.0234375
0 0.34296875 0.33359375 0.01875 0.0234375
0 0.278125 0.34296875 0.0140625 0.0234375
0 0.26171875 0.34296875 0.0234375 0.03671875
0 0.48828125 0.346875 0.0234375 0.03671875
0 0.31484375 0.3515625 0.0234375 0.03203125
0 0.53203125 0.35390625 0.028125 0.04140625
0 0.51640625 0.35859375 0.01875 0.0234375
0 0.33828125 0.35859375 0.01875 0.028125
0 0.1875 0.36328125 0.01875 0.03671875
0 0.4328125 0.3796875 0.0234375 0.03671875
0 0.32890625 0.38203125 0.0234375 0.03671875
0 0.2890625 0.3890625 0.0234375 0.028125
0 0.37265625 0.3984375 0.0234375 0.028125
0 0.6109375 0.40078125 0.01875 0.04140625
0 0.10390625 0.40078125 0.028125 0.028125
0 0.80078125 0.403125 0.01875 0.0234375
0 0.71953125 0.40546875 0.01875 0.03671875
0 0.22890625 0.40703125 0.0140625 0.03671875
0 0.303125 0.40703125 0.01875 0.03671875
0 0.403125 0.41640625 0.0234375 0.028125
0 0.1734375 0.41875 0.0234375 0.04140625
0 0.32421875 0.42109375 0.0234375 0.01875
0 0.44453125 0.42109375 0.01875 0.03671875
0 0.6390625 0.42109375 0.028125 0.04609375
0 0.37265625 0.4234375 0.03203125 0.03203125
0 0.24296875 0.42578125 0.0234375 0.04609375
0 0.29140625 0.43046875 0.0234375 0.04609375
0 0.09453125 0.43515625 0.028125 0.04609375
0 0.73828125 0.4375 0.028125 0.05078125
0 0.45859375 0.4421875 0.0234375 0.03203125
0 0.70625 0.44921875 0.028125 0.04140625
0 0.40078125 0.45390625 0.028125 0.03671875
0 0.590625 0.45625 0.028125 0.04140625
0 0.62734375 0.45625 0.0140625 0.028125
0 0.33125 0.45859375 0.0234375 0.03671875
0 0.27578125 0.4609375 0.028125 0.05546875
0 0.96953125 0.4609375 0.028125 0.03671875
0 0.76875 0.46328125 0.028125 0.04609375
0 0.365625 0.46328125 0.0234375 0.03203125
0 0.5046875 0.465625 0.028125 0.04140625
0 0.64375 0.46796875 0.0234375 0.04140625
0 0.659375 0.46953125 0.01875 0.03671875
0 0.8171875 0.47421875 0.0234375 0.04609375
0 0.928125 0.47890625 0.028125 0.05078125
0 0.38203125 0.48125 0.0234375 0.05078125
0 0.08359375 0.4859375 0.03203125 0.04140625
0 0.79609375 0.490625 0.01875 0.03203125
0 0.696875 0.490625 0.03203125 0.04609375
0 0.54375 0.4953125 0.0234375 0.04140625
0 0.73828125 0.49765625 0.028125 0.04609375
0 0.98359375 0.5140625 0.028125 0.03671875
0 0.23828125 0.534375 0.03203125 0.05078125
0 0.77109375 0.534375 0.028125 0.03671875
0 0.4953125 0.54140625 0.028125 0.028125
0 0.303125 0.54609375 0.03671875 0.05078125
0 0.95859375 0.553125 0.028125 0.05078125
0 0.759375 0.5578125 0.03203125 0.05078125
0 0.9859375 0.56015625 0.028125 0.04140625
0 0.55546875 0.56015625 0.028125 0.05078125
0 0.8515625 0.56484375 0.03671875 0.05546875
0 0.49296875 0.56953125 0.03671875 0.06015625
0 0.696875 0.57421875 0.028125 0.04609375
0 0.9765625 0.590625 0.028125 0.05078125
0 0.03671875 0.6484375 0.028125 0.06484375
0 0.69921875 0.68984375 0.04140625 0.05546875
0 0.41171875 0.77578125 0.04609375 0.06484375
0 0.14140625 0.79609375 0.05078125 0.08828125
0 0.23828125 0.14375 0.01875 0.03203125
0 0.31484375 0.1875 0.01875 0.0234375
0 0.31484375 0.2015625 0.01875 0.0234375
0 0.3609375 0.20390625 0.01875 0.0140625
0 0.33359375 0.21328125 0.01875 0.01875
0 0.375 0.2265625 0.0140625 0.0234375
0 0.08359375 0.22890625 0.0140625 0.028125
0 0.4328125 0.23125 0.01875 0.028125
0 0.35625 0.23359375 0.01875 0.01875
0 0.134375 0.2359375 0.01875 0.01875
0 0.06015625 0.2359375 0.0140625 0.0234375
0 0.2015625 0.240625 0.0140625 0.028125
0 0.45859375 0.2453125 0.0140625 0.01875
0 0.15078125 0.25 0.0140625 0.0234375
0 0.13671875 0.25 0.0140625 0.0234375
0 0.39140625 0.25234375 0.009375 0.0234375
0 0.4765625 0.25234375 0.0140625 0.01875
0 0.4328125 0.2546875 0.0140625 0.01875
0 0.18046875 0.2640625 0.01875 0.0234375