0 0.43046875 0.12734375 0.01875 0.0140625
0 0.39140625 0.1296875 0.0234375 0.0140625
0 0.30078125 0.13203125 0.0140625 0.01875
0 0.3078125 0.13203125 0.0140625 0.0140625
0 0.41875 0.134375 0.009375 0.009375
0 0.40078125 0.13671875 0.0140625 0.0140625
0 0.31484375 0.14609375 0.01875 0.01875
0 0.27578125 0.1484375 0.0140625 0.01875
0 0.36328125 0.15078125 0.0140625 0.01875
0 0.3359375 0.15546875 0.01875 0.01875
0 0.40078125 0.16171875 0.0140625 0.0234375
0 0.2734375 0.16875 0.01875 0.028125
0 0.321875 0.1734375 0.01875 0.0234375
0 0.4234375 0.1734375 0.0234375 0.0234375
0 0.48828125 0.1875 0.01875 0.01875
0 0.3984375 0.2015625 0.01875 0.0234375
0 0.35625 0.20625 0.0234375 0.028125
0 0.6109375 0.2109375 0.028125 0.03671875
0 0.6875 0.215625 0.0234375 0.0234375
0 0.56015625 0.21796875 0.01875 0.03203125
0 0.21328125 0.221875 0.01875 0.0234375
0 0.53671875 0.221875 0.01875 0.01875
0 0.64375 0.221875 0.03203125 0.04609375
0 0.0671875 0.22421875 0.03203125 0.04609375
0 0.4609375 0.2265625 0.0234375 0.03671875
0 0.50703125 0.22890625 0.01875 0.03203125
0 0.59453125 0.23125 0.01875 0.0234375
0 0.34453125 0.23125 0.0234375 0.03203125
0 0.43984375 0.23359375 0.0234375 0.03203125
0 0.4859375 0.23359375 0.0234375 0.03671875
0 0.26875 0.2359375 0.0234375 0.03203125
0 0.7109375 0.2359375 0.0234375 0.03671875
0 0.3890625 0.23828125 0.0234375 0.0234375
0 0.58359375 0.240625 0.028125 0.04140625
0 0.31484375 0.24296875 0.0234375 0.04609375
0 0.8125 0.24296875 0.03671875 0.06015625
0 0.29140625 0.2453125 0.0234375 0.04140625
0 0.5578125 0.25 0.01875 0.03203125
0 0.23125 0.25234375 0.04140625 0.05546875
0 0.6828125 0.26171875 0.03203125 0.05546875
0 0.13203125 0.26171875 0.03203125 0.03671875
0 0.47890625 0.26171875 0.0234375 0.03671875
0 0.5484375 0.26640625 0.028125 0.06015625
0 0.2640625 0.27578125 0.0234375 0.03671875
0 0.35859375 0.278125 0.03203125 0.04609375
0 0.64140625 0.278125 0.0234375 0.04609375
0 0.16640625 0.28046875 0.04140625 0.04609375
0 0.0578125 0.28203125 0.04140625 0.05078125
0 0.45390625 0.28203125 0.03671875 0.05078125
0 0.14375 0.29609375 0.0234375 0.04140625
0 0.29140625 0.29609375 0.04140625 0.05078125
0 0.596875 0.3078125 0.05078125 0.06953125
0 0.4953125 0.31484375 0.03671875 0.05078125
0 0.96796875 0.32421875 0.05078125 0.06484375
0 0.72890625 0.3265625 0.03671875 0.05546875
0 0.8703125 0.32890625 0.04140625 0.05078125
0 0.77109375 0.33828125 0.05546875 0.08828125
0 0.34453125 0.35390625 0.06015625 0.07421875
0 0.9328125 0.35859375 0.05078125 0.07890625
0 0.471875 0.3609375 0.05546875 0.1015625
0 0.8359375 0.3703125 0.06015625 0.06484375
0 0.67109375 0.37734375 0.03203125 0.06953125
0 0.73359375 0.3796875 0.04140625 0.05546875
0 0.04375 0.384375 0.06015625 0.07890625
0 0.6015625 0.39609375 0.06484375 0.096875
0 0.51640625 0.39609375 0.05078125 0.06953125
0 0.1109375 0.40703125 0.06015625 0.08828125
0 0.18046875 0.40703125 0.05546875 0.07890625
0 0.428125 0.409375 0.03671875 0.04609375
0 0.29375 0.4234375 0.04609375 0.06953125
0 0.03203125 0.43515625 0.028125 0.04609375
0 0.86328125 0.48125 0.07890625 0.134375
0 0.9578125 0.71015625 0.084375 0.2734375