0 0.02578125 0.39140625 0.05078125 0.06484375
0 0.75 0.41171875 0.04609375 0.07890625
0 0.34296875 0.4140625 0.03671875 0.04609375
0 0.29609375 0.42109375 0.04609375 0.06953125
0 0.27109375 0.4234375 0.0234375 0.04609375
0 0.3796875 0.42578125 0.01875 0.01875
0 0.24765625 0.42578125 0.03203125 0.04609375
0 0.35859375 0.428125 0.01875 0.0234375
0 0.50234375 0.428125 0.0046875 0.009375
0 0.51875 0.428125 0.01875 0.0234375
0 0.45859375 0.43046875 0.0140625 0.0140625
0 0.40546875 0.4328125 0.009375 0.009375
0 0.48359375 0.43515625 0.0046875 0.0046875
0 0.53046875 0.43515625 0.009375 0.0140625
0 0.778125 0.43515625 0.009375 0.009375
0 0.471875 0.43515625 0.009375 0.0140625
0 0.44921875 0.43515625 0.0046875 0.0140625
0 0.365625 0.4375 0.01875 0.028125
0 0.22890625 0.43984375 0.03671875 0.07421875
0 0.4375 0.43984375 0.01875 0.0234375
0 0.90546875 0.43984375 0.0140625 0.0140625
0 0.89375 0.43984375 0.0140625 0.0140625
0 0.4140625 0.4421875 0.01875 0.0234375
0 0.5390625 0.4421875 0.009375 0.0140625
0 0.98828125 0.4421875 0.009375 0.01875
0 0.8515625 0.44453125 0.01875 0.0234375
0 0.5859375 0.44453125 0.01875 0.028125
0 0.51171875 0.44453125 0.0234375 0.0234375
0 0.60390625 0.44453125 0.01875 0.028125
0 0.590625 0.446875 0.0140625 0.0234375
0 0.70390625 0.446875 0.05078125 0.07890625
0 0.48828125 0.44921875 0.01875 0.028125
0 0.99765625 0.4515625 0.0046875 0.01875
0 0.39140625 0.4515625 0.0234375 0.04140625
0 0.4609375 0.4515625 0.0234375 0.01875
0 0.67109375 0.45859375 0.028125 0.04609375
0 0.196875 0.45859375 0.08359375 0.115625
0 0.65546875 0.45859375 0.0140625 0.04140625
0 0.5671875 0.46328125 0.03671875 0.06015625
0 0.3359375 0.46328125 0.03671875 0.05546875
0 0.51640625 0.46796875 0.028125 0.028125
0 0.5390625 0.46953125 0.028125 0.04140625
0 0.61328125 0.471875 0.03203125 0.04140625
0 0.4421875 0.47890625 0.0234375 0.04609375
0 0.4234375 0.48125 0.028125 0.05078125
0 0.509375 0.54375 0.05078125 0.09296875
0 0.26640625 0.571875 0.05078125 0.07421875
0 0.09296875 0.6734375 0.125 0.21796875