0 0.02109375 0.36328125 0.04140625 0.06953125
0 0.12734375 0.36328125 0.04140625 0.05546875
0 0.76640625 0.36328125 0.04609375 0.04609375
0 0.20390625 0.3703125 0.05546875 0.06484375
0 0.78671875 0.39375 0.03203125 0.04609375
0 0.096875 0.39609375 0.04140625 0.05078125
0 0.55078125 0.39609375 0.03671875 0.04609375
0 0.8078125 0.3984375 0.028125 0.03203125
0 0.35390625 0.40078125 0.04140625 0.05546875
0 0.30546875 0.403125 0.03671875 0.05546875
0 0.37734375 0.403125 0.03671875 0.05078125
0 0.528125 0.41171875 0.028125 0.03203125
0 0.57421875 0.41171875 0.01875 0.0234375
0 0.6390625 0.41171875 0.04140625 0.06484375
0 0.89140625 0.41640625 0.05546875 0.05078125
0 0.6875 0.41875 0.03671875 0.04609375
0 0.596875 0.42109375 0.05078125 0.04609375
0 0.8265625 0.428125 0.03671875 0.04609375
0 0.06953125 0.43046875 0.03671875 0.04609375
0 0.375 0.4328125 0.03203125 0.04140625
0 0.94453125 0.4375 0.05546875 0.06015625
0 0.4421875 0.46328125 0.0234375 0.03671875
0 0.48359375 0.46328125 0.03671875 0.04609375
0 0.42578125 0.48125 0.01875 0.03203125