0 0.446875 0.721875 0.06015625 0.04609375
0 0.6484375 0.72890625 0.06953125 0.05078125
0 0.75234375 0.73359375 0.07890625 0.06015625
0 0.58125 0.7453125 0.05546875 0.03203125
0 0.534375 0.76171875 0.06015625 0.04609375
0 0.93984375 0.76171875 0.08828125 0.06015625
0 0.13671875 0.79609375 0.08359375 0.06015625
0 0.634375 0.79609375 0.08359375 0.05546875
0 0.8609375 0.8359375 0.096875 0.06953125
0 0.509375 0.8515625 0.10625 0.05078125
0 0.06015625 0.85625 0.08359375 0.05546875
0 0.34453125 0.87734375 0.07890625 0.05078125
0 0.596875 0.90703125 0.08359375 0.05546875
0 0.54609375 0.446875 0.0046875 0.0046875
0 0.60390625 0.446875 0.0140625 0.0046875
0 0.59296875 0.446875 0.0140625 0.0046875
0 0.56015625 0.446875 0.0046875 0.0046875
0 0.553125 0.44921875 0.0046875 0.0046875
0 0.58359375 0.44921875 0.0046875 0.0046875
0 0.52578125 0.4515625 0.009375 0.0046875
0 0.57421875 0.4515625 0.009375 0.0046875
0 0.47890625 0.4515625 0.0140625 0.009375
0 0.62734375 0.4515625 0.0140625 0.009375
0 0.51640625 0.45390625 0.009375 0.0046875
0 0.54609375 0.45390625 0.009375 0.0046875
0 0.678125 0.45390625 0.0140625 0.0046875
0 0.5578125 0.45390625 0.009375 0.0046875
0 0.6640625 0.45390625 0.0140625 0.009375
0 0.60390625 0.45625 0.009375 0.0046875
0 0.6484375 0.45625 0.0140625 0.0046875
0 0.70859375 0.45625 0.0140625 0.0046875
0 0.571875 0.45859375 0.0046875 0.0046875
0 0.58125 0.45859375 0.009375 0.0046875
0 0.53203125 0.45859375 0.009375 0.009375
0 0.5140625 0.4609375 0.009375 0.009375
0 0.61328125 0.4609375 0.0140625 0.009375
0 0.62265625 0.4609375 0.009375 0.0046875
0 0.49765625 0.4609375 0.009375 0.009375
0 0.659375 0.4609375 0.0140625 0.009375
0 0.5390625 0.46328125 0.009375 0.009375
0 0.58125 0.46328125 0.0140625 0.0046875
0 0.71953125 0.465625 0.0140625 0.009375
0 0.5234375 0.465625 0.009375 0.0046875
0 0.596875 0.46796875 0.0140625 0.0046875
0 0.64609375 0.46796875 0.0140625 0.0046875
0 0.57890625 0.46953125 0.009375 0.0046875
0 0.55546875 0.471875 0.01875 0.0140625
0 0.59296875 0.471875 0.009375 0.0046875
0 0.653125 0.47421875 0.01875 0.009375
0 0.41640625 0.47421875 0.0140625 0.009375
0 0.5140625 0.47421875 0.009375 0.0046875
0 0.4328125 0.4765625 0.0140625 0.009375
0 0.71328125 0.4765625 0.01875 0.0140625
0 0.5765625 0.4765625 0.01875 0.0140625
0 0.634375 0.4765625 0.0140625 0.009375
0 0.45390625 0.47890625 0.01875 0.009375
0 0.3984375 0.47890625 0.0140625 0.009375
0 0.49296875 0.47890625 0.0140625 0.009375
0 0.61328125 0.48125 0.01875 0.0140625
0 0.59921875 0.48125 0.01875 0.0140625
0 0.50703125 0.48125 0.0140625 0.009375
0 0.3890625 0.48125 0.0140625 0.0046875
0 0.5625 0.48359375 0.01875 0.009375
0 0.51640625 0.48359375 0.0140625 0.009375
0 0.625 0.48359375 0.01875 0.009375
0 0.4765625 0.48359375 0.0140625 0.009375
0 0.41875 0.4859375 0.01875 0.0140625
0 0.65703125 0.4859375 0.01875 0.0140625
0 0.64375 0.4859375 0.01875 0.009375
0 0.678125 0.4859375 0.01875 0.009375
0 0.52578125 0.4859375 0.0140625 0.009375
0 0.3796875 0.48828125 0.0140625 0.009375
0 0.4328125 0.490625 0.0140625 0.009375
0 0.44921875 0.490625 0.01875 0.0140625
0 0.840625 0.490625 0.0234375 0.0140625
0 0.490625 0.490625 0.0140625 0.009375
0 0.3078125 0.49296875 0.01875 0.0140625
0 0.74296875 0.49296875 0.01875 0.0140625
0 0.5625 0.49296875 0.01875 0.009375
0 0.7109375 0.4953125 0.009375 0.009375
0 0.6109375 0.4953125 0.01875 0.0140625
0 0.46953125 0.4953125 0.01875 0.009375
0 0.596875 0.4953125 0.0234375 0.0140625
0 0.58125 0.4953125 0.009375 0.0140625
0 0.2265625 0.49765625 0.028125 0.0140625
0 0.64375 0.49765625 0.01875 0.0140625
0 0.5390625 0.49765625 0.0140625 0.009375
0 0.403125 0.49765625 0.0234375 0.0140625
0 0.32421875 0.49765625 0.0234375 0.009375
0 0.16171875 0.5 0.0234375 0.0140625
0 0.7265625 0.5 0.028125 0.01875
0 0.38203125 0.5 0.0234375 0.01875
0 0.5234375 0.5 0.01875 0.0140625
0 0.36328125 0.5 0.0234375 0.0140625
0 0.5046875 0.5 0.0140625 0.0140625
0 0.76640625 0.5 0.0234375 0.01875
0 0.45625 0.50234375 0.01875 0.0046875
0 0.34453125 0.50234375 0.0234375 0.0234375
0 0.79375 0.50234375 0.028125 0.01875
0 0.43046875 0.50234375 0.0140625 0.0140625
0 0.284375 0.5046875 0.0234375 0.0140625
0 0.44453125 0.5046875 0.0234375 0.0140625
0 0.63203125 0.5046875 0.01875 0.0140625
0 0.2640625 0.5046875 0.0234375 0.01875
0 0.56953125 0.5046875 0.01875 0.009375
0 0.6921875 0.5046875 0.0234375 0.0140625
0 0.85390625 0.50703125 0.028125 0.0140625
0 0.6203125 0.509375 0.0234375 0.0140625
0 0.4421875 0.51640625 0.0234375 0.009375
0 0.41640625 0.51875 0.01875 0.01875
0 0.65078125 0.51875 0.028125 0.0140625
0 0.6109375 0.51875 0.01875 0.0140625
0 0.68984375 0.52109375 0.03203125 0.0140625
0 0.553125 0.52109375 0.01875 0.0140625
0 0.81953125 0.5234375 0.028125 0.01875
0 0.5234375 0.5234375 0.028125 0.01875
0 0.87734375 0.5234375 0.03671875 0.01875
0 0.57890625 0.52578125 0.03671875 0.01875
0 0.06953125 0.52578125 0.0234375 0.0140625
0 0.3984375 0.53046875 0.01875 0.0140625
0 0.78203125 0.53046875 0.03671875 0.028125
0 0.7359375 0.53046875 0.01875 0.0046875
0 0.33828125 0.53046875 0.028125 0.0234375
0 0.63203125 0.53203125 0.028125 0.01875
0 0.43515625 0.53203125 0.028125 0.01875
0 0.53671875 0.53203125 0.0234375 0.01875
0 0.5046875 0.534375 0.028125 0.01875
0 0.2734375 0.53671875 0.0234375 0.01875
0 0.303125 0.5390625 0.03671875 0.0234375
0 0.4859375 0.5390625 0.028125 0.01875
0 0.7015625 0.5390625 0.03671875 0.01875
0 0.75 0.5390625 0.028125 0.0140625
0 0.85625 0.54140625 0.04140625 0.01875
0 0.2015625 0.54140625 0.028125 0.01875
0 0.58125 0.54140625 0.03671875 0.01875
0 0.115625 0.54140625 0.03203125 0.01875
0 0.67109375 0.54375 0.04140625 0.0234375
0 0.25703125 0.54609375 0.0234375 0.0234375
0 0.6484375 0.54609375 0.0234375 0.01875
0 0.40703125 0.54609375 0.0234375 0.01875
0 0.2265625 0.5484375 0.028125 0.01875
0 0.375 0.5484375 0.028125 0.01875
0 0.6921875 0.55078125 0.028125 0.01875
0 0.821875 0.55078125 0.03671875 0.01875
0 0.4859375 0.553125 0.03671875 0.01875
0 0.7265625 0.55546875 0.03203125 0.01875
0 0.778125 0.55546875 0.03203125 0.028125
0 0.596875 0.5578125 0.0234375 0.01875
0 0.75 0.5625 0.04140625 0.028125
0 0.36796875 0.5625 0.028125 0.01875
0 0.134375 0.5625 0.03203125 0.01875
0 0.58359375 0.56484375 0.03203125 0.0140625
0 0.34453125 0.56484375 0.0234375 0.01875
0 0.0765625 0.56484375 0.03203125 0.028125
0 0.89375 0.56484375 0.028125 0.01875
0 0.865625 0.5671875 0.03203125 0.0234375
0 0.46796875 0.5671875 0.04140625 0.0140625
0 0.02109375 0.56953125 0.03671875 0.028125
0 0.18046875 0.56953125 0.03203125 0.028125
0 0.97421875 0.571875 0.04140625 0.03203125
0 0.72421875 0.571875 0.04609375 0.01875
0 0.64609375 0.57421875 0.03671875 0.01875
0 0.93515625 0.5765625 0.04140625 0.028125
0 0.83828125 0.57890625 0.06015625 0.03203125
0 0.40546875 0.57890625 0.03671875 0.028125
0 0.25703125 0.58125 0.03203125 0.01875
0 0.55546875 0.58125 0.03671875 0.03203125
0 0.22890625 0.58125 0.03203125 0.028125
0 0.471875 0.58125 0.03203125 0.01875
0 0.096875 0.5859375 0.04609375 0.028125
0 0.35859375 0.590625 0.04140625 0.0234375
0 0.5859375 0.590625 0.03671875 0.028125
0 0.65546875 0.59296875 0.03671875 0.028125
0 0.31953125 0.59453125 0.04140625 0.0234375
0 0.73359375 0.59921875 0.05078125 0.03671875
0 0.11796875 0.6015625 0.04140625 0.01875
0 0.9140625 0.6015625 0.04140625 0.028125
0 0.4765625 0.60625 0.04609375 0.028125
0 0.196875 0.60625 0.04140625 0.028125
0 0.03671875 0.61328125 0.04609375 0.03203125
0 0.15703125 0.615625 0.04140625 0.03671875
0 0.678125 0.61796875 0.04140625 0.028125
0 0.2640625 0.62265625 0.05078125 0.03203125
0 0.3515625 0.62265625 0.03671875 0.03203125
0 0.3890625 0.62265625 0.04140625 0.028125
0 0.54609375 0.625 0.03671875 0.0140625
0 0.0140625 0.625 0.028125 0.03203125
0 0.91875 0.63203125 0.05078125 0.028125
0 0.58359375 0.634375 0.06015625 0.03203125
0 0.490625 0.64375 0.04609375 0.01875
0 0.7015625 0.64609375 0.05078125 0.028125
0 0.1203125 0.64609375 0.05078125 0.03671875
0 0.21796875 0.64609375 0.06015625 0.04140625
0 0.04609375 0.6484375 0.05078125 0.0234375
0 0.09296875 0.6484375 0.03671875 0.01875
0 0.78046875 0.65546875 0.04140625 0.03671875
0 0.38671875 0.6640625 0.04609375 0.03671875
0 0.3078125 0.6640625 0.05078125 0.03671875
0 0.83359375 0.66640625 0.07421875 0.05078125
0 0.5484375 0.66640625 0.05546875 0.04140625
0 0.965625 0.67109375 0.04609375 0.04140625
0 0.91171875 0.678125 0.05078125 0.05546875
0 0.490625 0.68046875 0.05546875 0.03671875
0 0.6734375 0.68046875 0.06015625 0.04140625
0 0.0578125 0.68515625 0.06015625 0.03671875
0 0.17578125 0.70390625 0.06953125 0.04609375
0 0.37265625 0.71796875 0.05078125 0.04140625
0 0.52578125 0.71796875 0.06015625 0.0234375