0 0.5 0.1640625 0.01875 0.03203125
0 0.64609375 0.196875 0.0140625 0.01875
0 0.9234375 0.2015625 0.009375 0.0140625
0 0.965625 0.2015625 0.0140625 0.0234375
0 0.93984375 0.2015625 0.009375 0.01875
0 0.70390625 0.20625 0.0140625 0.0234375
0 0.94921875 0.20625 0.0140625 0.0140625
0 0.71796875 0.20625 0.009375 0.0140625
0 0.80546875 0.20859375 0.0140625 0.01875
0 0.75703125 0.20859375 0.0140625 0.028125
0 0.61796875 0.2109375 0.0140625 0.01875
0 0.7265625 0.2109375 0.009375 0.0140625
0 0.99296875 0.21328125 0.0046875 0.03671875
0 0.97890625 0.21328125 0.01875 0.028125
0 0.6921875 0.21328125 0.0140625 0.0140625
0 0.84921875 0.21796875 0.009375 0.028125
0 0.9421875 0.21796875 0.009375 0.0140625
0 0.403125 0.21796875 0.0140625 0.01875
0 0.4328125 0.21796875 0.0140625 0.0234375
0 0.56953125 0.21796875 0.0140625 0.0234375
0 0.63671875 0.21796875 0.0140625 0.0234375
0 0.85625 0.21796875 0.0140625 0.0234375
0 0.87265625 0.21953125 0.009375 0.01875
0 0.88203125 0.21953125 0.009375 0.01875
0 0.91171875 0.221875 0.01875 0.03203125
0 0.596875 0.221875 0.009375 0.01875
0 0.33125 0.22421875 0.009375 0.0140625
0 0.52109375 0.22421875 0.0140625 0.0234375
0 0.54609375 0.22421875 0.0140625 0.01875
0 0.58125 0.22421875 0.0140625 0.01875
0 0.65546875 0.22421875 0.0140625 0.0234375
0 0.71328125 0.22421875 0.009375 0.0140625
0 0.8171875 0.22421875 0.009375 0.0234375
0 0.5390625 0.22421875 0.0140625 0.01875
0 0.346875 0.22421875 0.009375 0.0140625
0 0.3703125 0.2265625 0.0140625 0.01875
0 0.71953125 0.22890625 0.01875 0.0234375
0 0.321875 0.22890625 0.0140625 0.0140625
0 0.340625 0.22890625 0.0140625 0.0140625
0 0.23359375 0.22890625 0.0140625 0.01875
0 0.29140625 0.22890625 0.009375 0.01875
0 0.26640625 0.23125 0.009375 0.0140625
0 0.76875 0.23125 0.01875 0.028125
0 0.2109375 0.23359375 0.0140625 0.0140625
0 0.2984375 0.23359375 0.009375 0.0140625
0 0.94453125 0.23359375 0.0140625 0.01875
0 0.95625 0.23359375 0.0234375 0.03671875
0 0.16171875 0.23359375 0.0140625 0.01875
0 0.6875 0.23359375 0.0140625 0.01875
0 0.42578125 0.23359375 0.0140625 0.01875
0 0.3078125 0.2359375 0.0140625 0.01875
0 0.4765625 0.2359375 0.0140625 0.0234375
0 0.71328125 0.23828125 0.009375 0.01875
0 0.82421875 0.23828125 0.0140625 0.0234375
0 0.4421875 0.23828125 0.009375 0.0140625
0 0.36796875 0.23828125 0.009375 0.01875
0 0.8609375 0.23828125 0.01875 0.028125
0 0.61796875 0.240625 0.01875 0.0234375
0 0.67109375 0.240625 0.0140625 0.01875
0 0.2546875 0.24296875 0.0140625 0.0234375
0 0.36328125 0.24296875 0.0140625 0.0234375
0 0.63671875 0.24296875 0.0140625 0.028125
0 0.98359375 0.24296875 0.028125 0.03671875
0 0.89140625 0.2453125 0.0234375 0.04140625
0 0.134375 0.2453125 0.0140625 0.0234375
0 0.35390625 0.2453125 0.0140625 0.0234375
0 0.3359375 0.2453125 0.0140625 0.0234375
0 0.215625 0.24765625 0.0140625 0.01875
0 0.27578125 0.25 0.0140625 0.01875
0 0.09296875 0.25 0.0234375 0.0234375
0 0.29375 0.25 0.009375 0.01875
0 0.5390625 0.25 0.0140625 0.0234375
0 0.69921875 0.25 0.01875 0.03203125
0 0.1640625 0.25234375 0.0140625 0.01875
0 0.0671875 0.25234375 0.0140625 0.0234375
0 0.82890625 0.25234375 0.009375 0.01875
0 0.1484375 0.25234375 0.0140625 0.0140625
0 0.23125 0.25234375 0.0140625 0.01875
0 0.2640625 0.2546875 0.0140625 0.01875
0 0.49765625 0.259375 0.0140625 0.0234375
0 0.2015625 0.26171875 0.0140625 0.0234375
0 0.221875 0.26171875 0.01875 0.0234375
0 0.01171875 0.2640625 0.0234375 0.04140625
0 0.18515625 0.2640625 0.0140625 0.01875
0 0.83828125 0.26640625 0.0140625 0.0234375
0 0.06484375 0.26875 0.01875 0.0234375
0 0.090625 0.27109375 0.0234375 0.0234375
0 0.16171875 0.27109375 0.01875 0.0234375
0 0.0484375 0.27109375 0.0140625 0.01875
0 0.14609375 0.27109375 0.01875 0.0234375
0 0.1828125 0.27109375 0.009375 0.0140625
0 0.12265625 0.27109375 0.0140625 0.01875
0 0.72890625 0.28046875 0.04140625 0.06484375
0 0.9375 0.28046875 0.04140625 0.05078125
0 0.13671875 0.284375 0.01875 0.0234375
0 0.0859375 0.28671875 0.0234375 0.0234375
0 0.02578125 0.28671875 0.028125 0.03203125
0 0.053125 0.29375 0.0234375 0.03671875
0 0.89375 0.29375 0.028125 0.04609375
0 0.18515625 0.29375 0.0234375 0.03203125
0 0.65078125 0.29609375 0.028125 0.04140625
0 0.60859375 0.29609375 0.03203125 0.04140625
0 0.803125 0.2984375 0.05078125 0.07890625
0 0.15703125 0.30546875 0.028125 0.03671875
0 0.12265625 0.30546875 0.0234375 0.028125
0 0.846875 0.30546875 0.03671875 0.06953125
0 0.24765625 0.3078125 0.04140625 0.07421875
0 0.55078125 0.3078125 0.04140625 0.07421875
0 0.08125 0.31015625 0.0234375 0.03203125
0 0.98359375 0.3171875 0.028125 0.096875
0 0.096875 0.321875 0.03671875 0.05078125
0 0.375 0.32421875 0.04140625 0.06484375
0 0.41640625 0.3359375 0.0234375 0.04140625
0 0.678125 0.3359375 0.03203125 0.06484375
0 0.35390625 0.33828125 0.01875 0.04140625
0 0.04609375 0.340625 0.03671875 0.05078125
0 0.19453125 0.34453125 0.04140625 0.05078125
0 0.47421875 0.3515625 0.03671875 0.03671875
0 0.284375 0.35390625 0.0234375 0.05078125
0 0.125 0.35859375 0.03203125 0.05078125
0 0.6203125 0.35859375 0.03203125 0.05078125
0 0.40078125 0.36328125 0.01875 0.03671875
0 0.95625 0.36796875 0.05546875 0.096875
0 0.75703125 0.3703125 0.04140625 0.07421875
0 0.04140625 0.3890625 0.04609375 0.06484375
0 0.303125 0.39375 0.0234375 0.03671875
0 0.465625 0.3984375 0.05078125 0.07421875
0 0.3171875 0.3984375 0.0234375 0.04609375
0 0.18046875 0.43046875 0.06015625 0.07890625
0 0.02578125 0.44453125 0.05078125 0.1296875
0 0.35859375 0.47890625 0.07890625 0.115625