0 0.2359375 0.134375 0.06953125 0.08359375
0 0.98125 0.14609375 0.028125 0.10625
0 0.71796875 0.14609375 0.05546875 0.08828125
0 0.56953125 0.1484375 0.06015625 0.06953125
0 0.19453125 0.16171875 0.04609375 0.07890625
0 0.32421875 0.16875 0.05078125 0.07890625
0 0.05078125 0.1828125 0.06484375 0.08359375
0 0.45859375 0.19453125 0.05078125 0.07890625
0 0.0578125 0.2640625 0.06953125 0.08828125
0 0.884375 0.26640625 0.05546875 0.08359375
0 0.4609375 0.27109375 0.05546875 0.08828125
0 0.83125 0.028125 0.05078125 0.05546875
0 0.7109375 0.03046875 0.06015625 0.06015625
0 0.715625 0.284375 0.06484375 0.08828125
0 0.1828125 0.29375 0.05546875 0.07421875
0 0.2890625 0.3265625 0.05546875 0.09296875
0 0.5765625 0.3515625 0.06484375 0.10625
0 0.096875 0.38203125 0.05546875 0.08828125
0 0.59609375 0.0390625 0.0515625 0.078125
0 0.15078125 0.0390625 0.05546875 0.06484375
0 0.721875 0.39375 0.06015625 0.07890625
0 0.34921875 0.0390625 0.04140625 0.07421875
0 0.8609375 0.45625 0.06015625 0.08828125
0 0.52109375 0.4609375 0.06953125 0.1109375
0 0.03046875 0.48828125 0.06015625 0.115625
0 0.4328125 0.05078125 0.04609375 0.06484375
0 0.36328125 0.5234375 0.05546875 0.08828125
0 0.6828125 0.53671875 0.06953125 0.115625
0 0.94453125 0.5625 0.08359375 0.1203125
0 0.26171875 0.06015625 0.04609375 0.07421875
0 0.1828125 0.62734375 0.06953125 0.096875
0 0.409375 0.62734375 0.06484375 0.1109375
0 0.034375 0.62890625 0.06875 0.1203125
0 0.03203125 0.06640625 0.0640625 0.0890625
0 0.659375 0.6875 0.07890625 0.1203125
0 0.50703125 0.7265625 0.07421875 0.10625
0 0.259375 0.7984375 0.07890625 0.09296875
0 0.48125 0.08125 0.05546875 0.07890625
0 0.76875 0.85390625 0.08359375 0.10625
0 0.92109375 0.85390625 0.08828125 0.08828125
0 0.9375 0.096875 0.05546875 0.1015625
0 0.8515625 0.09921875 0.05546875 0.07890625
0 0.15546875 0.10390625 0.05078125 0.06953125