0 0.16875 0.42109375 0.0234375 0.04140625
0 0.43046875 0.43046875 0.01875 0.028125
0 0.07890625 0.4328125 0.0140625 0.028125
0 0.34921875 0.43515625 0.0140625 0.0234375
0 0.0234375 0.4375 0.01875 0.03671875
0 0.45625 0.4375 0.0140625 0.028125
0 0.5859375 0.4375 0.01875 0.01875
0 0.96796875 0.43984375 0.03671875 0.06484375
0 0.14609375 0.43984375 0.01875 0.03203125
0 0.24765625 0.4421875 0.01875 0.03671875
0 0.27578125 0.4421875 0.0234375 0.028125
0 0.06015625 0.44453125 0.01875 0.04140625
0 0.1015625 0.44453125 0.028125 0.05078125
0 0.40546875 0.446875 0.0234375 0.04609375
0 0.33125 0.446875 0.0140625 0.03203125
0 0.1875 0.44921875 0.009375 0.0140625
0 0.2265625 0.44921875 0.01875 0.028125
0 0.4765625 0.44921875 0.01875 0.03203125
0 0.66640625 0.44921875 0.0234375 0.04140625
0 0.54375 0.44921875 0.01875 0.03203125
0 0.3703125 0.4515625 0.0046875 0.01875
0 0.53046875 0.4515625 0.01875 0.03203125
0 0.7015625 0.4515625 0.028125 0.04140625
0 0.65078125 0.4515625 0.0046875 0.01875
0 0.7734375 0.45390625 0.028125 0.04609375
0 0.134375 0.45390625 0.009375 0.01875
0 0.20625 0.45625 0.009375 0.0140625
0 0.884375 0.45625 0.028125 0.04140625
0 0.1921875 0.45859375 0.009375 0.0140625
0 0.2109375 0.4609375 0.0046875 0.009375
0 0.19921875 0.46328125 0.009375 0.0140625
0 0.83359375 0.46796875 0.01875 0.0234375
0 0.39140625 0.46953125 0.01875 0.03671875
0 0.68984375 0.471875 0.01875 0.04140625
0 0.803125 0.471875 0.0140625 0.028125
0 0.00703125 0.47421875 0.0140625 0.06484375
0 0.86328125 0.47890625 0.01875 0.03671875
0 0.82421875 0.47890625 0.01875 0.028125
0 0.43984375 0.47890625 0.03203125 0.05546875
0 0.48125 0.48359375 0.0234375 0.03671875
0 0.26875 0.48828125 0.028125 0.05078125
0 0.6296875 0.49296875 0.03671875 0.07421875
0 0.58125 0.4953125 0.03203125 0.06484375
0 0.30078125 0.49765625 0.04140625 0.06484375
0 0.73359375 0.49765625 0.028125 0.06015625
0 0.903125 0.50703125 0.04609375 0.07421875
0 0.78046875 0.51875 0.03671875 0.07421875
0 0.03046875 0.52109375 0.05078125 0.1015625