0 0.8265625 0.15078125 0.0140625 0.0140625
0 0.68984375 0.153125 0.009375 0.009375
0 0.66875 0.153125 0.0140625 0.0140625
0 0.61796875 0.15546875 0.009375 0.0140625
0 0.2265625 0.15703125 0.0046875 0.0140625
0 0.9234375 0.15703125 0.0140625 0.01875
0 0.57890625 0.159375 0.009375 0.0140625
0 0.5625 0.1640625 0.009375 0.0140625
0 0.27109375 0.1734375 0.0046875 0.0140625
0 0.68046875 0.1734375 0.009375 0.0140625
0 0.7453125 0.178125 0.009375 0.009375
0 0.80078125 0.178125 0.028125 0.03203125
0 0.78046875 0.18046875 0.0140625 0.01875
0 0.08125 0.18046875 0.0140625 0.0234375
0 0.12734375 0.1828125 0.009375 0.0234375
0 0.1828125 0.1828125 0.0140625 0.0234375
0 0.5578125 0.1828125 0.009375 0.009375
0 0.82890625 0.18515625 0.01875 0.01875
0 0.90546875 0.18515625 0.0140625 0.01875
0 0.59921875 0.18515625 0.009375 0.0140625
0 0.63203125 0.1875 0.0140625 0.0140625
0 0.571875 0.18984375 0.009375 0.0140625
0 0.4859375 0.18984375 0.009375 0.0140625
0 0.28671875 0.18984375 0.009375 0.009375
0 0.21328125 0.1921875 0.0140625 0.0140625
0 0.696875 0.1921875 0.0140625 0.0140625
0 0.553125 0.19453125 0.0046875 0.009375
0 0.41171875 0.196875 0.009375 0.009375
0 0.4515625 0.196875 0.009375 0.0140625
0 0.58828125 0.19921875 0.009375 0.009375
0 0.56015625 0.19921875 0.009375 0.0140625
0 0.61796875 0.19921875 0.009375 0.0140625
0 0.98125 0.2015625 0.01875 0.0234375
0 0.50703125 0.2015625 0.0140625 0.0234375
0 0.384375 0.2015625 0.0140625 0.01875
0 0.4328125 0.20390625 0.009375 0.0140625
0 0.47890625 0.20390625 0.009375 0.009375
0 0.88203125 0.20625 0.01875 0.028125
0 0.46953125 0.20625 0.009375 0.0140625
0 0.7640625 0.20625 0.009375 0.0140625
0 0.63203125 0.20859375 0.009375 0.0140625
0 0.3984375 0.20859375 0.009375 0.0140625
0 0.54140625 0.20859375 0.01875 0.03203125
0 0.96953125 0.2109375 0.01875 0.01875
0 0.22421875 0.2109375 0.01875 0.01875
0 0.0625 0.2109375 0.009375 0.0140625
0 0.71796875 0.2109375 0.0234375 0.01875
0 0.08828125 0.21328125 0.0140625 0.0234375
0 0.1640625 0.21328125 0.01875 0.0234375
0 0.3125 0.21328125 0.0140625 0.01875
0 0.41875 0.21328125 0.009375 0.01875
0 0.58125 0.21328125 0.0140625 0.009375
0 0.446875 0.215625 0.0140625 0.01875
0 0.91875 0.215625 0.01875 0.01875
0 0.87265625 0.215625 0.0140625 0.01875
0 0.10625 0.215625 0.0140625 0.028125
0 0.3703125 0.215625 0.0140625 0.01875
0 0.73828125 0.21796875 0.0140625 0.0140625
0 0.28046875 0.21796875 0.0140625 0.01875
0 0.60390625 0.21796875 0.009375 0.0140625
0 0.24296875 0.21796875 0.0140625 0.0234375
0 0.68046875 0.21953125 0.01875 0.028125
0 0.409375 0.21953125 0.0140625 0.01875
0 0.46328125 0.21953125 0.0140625 0.009375
0 0.19921875 0.221875 0.009375 0.01875
0 0.29375 0.22421875 0.0140625 0.0234375
0 0.153125 0.22421875 0.0234375 0.028125
0 0.38203125 0.22421875 0.0140625 0.01875
0 0.1390625 0.2265625 0.0140625 0.01875
0 0.95859375 0.22890625 0.0234375 0.028125
0 0.18515625 0.22890625 0.0140625 0.028125
0 0.6390625 0.23125 0.0140625 0.01875
0 0.403125 0.23125 0.01875 0.0234375
0 0.62265625 0.23125 0.0140625 0.01875
0 0.7640625 0.23359375 0.0234375 0.04140625
0 0.05546875 0.23359375 0.0140625 0.01875
0 0.0765625 0.23359375 0.009375 0.01875
0 0.22421875 0.2359375 0.01875 0.028125
0 0.7546875 0.2359375 0.01875 0.0234375
0 0.4375 0.2359375 0.009375 0.01875
0 0.2109375 0.23828125 0.0140625 0.0234375
0 0.85625 0.23828125 0.0234375 0.028125
0 0.715625 0.23828125 0.0234375 0.03203125
0 0.490625 0.240625 0.01875 0.028125
0 0.57890625 0.240625 0.01875 0.03671875
0 0.55546875 0.240625 0.0234375 0.028125
0 0.4234375 0.240625 0.0140625 0.01875
0 0.16640625 0.240625 0.01875 0.028125
0 0.36796875 0.2453125 0.0140625 0.028125
0 0.9234375 0.2453125 0.01875 0.0234375
0 0.740625 0.2453125 0.01875 0.0234375
0 0.81953125 0.2453125 0.0234375 0.028125
0 0.60625 0.2453125 0.0234375 0.03203125
0 0.29375 0.24765625 0.0140625 0.01875
0 0.27109375 0.25 0.0234375 0.03203125
0 0.39375 0.25 0.01875 0.0234375
0 0.63671875 0.25 0.01875 0.01875
0 0.4515625 0.25234375 0.01875 0.0234375
0 0.1015625 0.2546875 0.01875 0.03203125
0 0.28203125 0.2546875 0.01875 0.01875
0 0.3125 0.2546875 0.01875 0.03203125
0 0.409375 0.25703125 0.01875 0.03203125
0 0.86328125 0.25703125 0.028125 0.03203125
0 0.053125 0.25703125 0.0234375 0.0234375
0 0.80078125 0.25703125 0.0234375 0.0234375
0 0.37734375 0.26171875 0.0140625 0.028125
0 0.93984375 0.26171875 0.01875 0.028125
0 0.240625 0.26171875 0.03203125 0.04609375
0 0.50703125 0.2640625 0.0234375 0.028125
0 0.13671875 0.26640625 0.01875 0.03203125
0 0.8984375 0.26640625 0.0234375 0.04140625
0 0.6015625 0.27109375 0.01875 0.0140625
0 0.64140625 0.27109375 0.0234375 0.0234375
0 0.91640625 0.2734375 0.0140625 0.0234375
0 0.08125 0.2734375 0.0234375 0.0234375
0 0.71796875 0.27578125 0.028125 0.028125
0 0.8796875 0.27578125 0.01875 0.028125
0 0.5484375 0.27578125 0.01875 0.028125
0 0.571875 0.278125 0.01875 0.03203125
0 0.221875 0.278125 0.01875 0.03671875
0 0.46328125 0.278125 0.028125 0.03671875
0 0.75234375 0.278125 0.028125 0.028125
0 0.17109375 0.28046875 0.028125 0.028125
0 0.803125 0.284375 0.03203125 0.03203125
0 0.84921875 0.28671875 0.03203125 0.03671875
0 0.29609375 0.29140625 0.03203125 0.05078125
0 0.365625 0.29375 0.028125 0.04140625
0 0.634375 0.29609375 0.01875 0.0234375
0 0.9234375 0.2984375 0.01875 0.05546875
0 0.98359375 0.303125 0.03203125 0.07421875
0 0.25703125 0.303125 0.04140625 0.05078125
0 0.51875 0.303125 0.03671875 0.04140625
0 0.32421875 0.30546875 0.03203125 0.05078125
0 0.596875 0.30546875 0.03671875 0.04609375
0 0.94921875 0.31015625 0.04140625 0.06015625
0 0.42578125 0.31015625 0.01875 0.0234375
0 0.7109375 0.31015625 0.01875 0.04140625
0 0.6921875 0.31015625 0.0234375 0.04609375
0 0.12265625 0.3125 0.0234375 0.04609375
0 0.45390625 0.3125 0.0234375 0.0234375
0 0.07890625 0.31484375 0.03203125 0.04609375
0 0.55546875 0.31484375 0.03203125 0.03671875
0 0.409375 0.31484375 0.01875 0.01875
0 0.740625 0.31484375 0.03203125 0.04609375
0 0.15546875 0.31953125 0.028125 0.05078125
0 0.4765625 0.321875 0.0234375 0.0234375
0 0.66640625 0.3359375 0.04140625 0.06015625
0 0.8078125 0.33828125 0.04140625 0.07890625
0 0.18046875 0.34921875 0.03671875 0.05546875
0 0.8515625 0.35390625 0.04609375 0.08359375
0 0.31953125 0.35625 0.04140625 0.05546875
0 0.50234375 0.36328125 0.04140625 0.06953125
0 0.55078125 0.365625 0.03671875 0.06953125
0 0.25234375 0.36796875 0.0234375 0.05546875
0 0.659375 0.36796875 0.05546875 0.1015625
0 0.446875 0.37265625 0.04609375 0.07890625
0 0.7359375 0.37265625 0.0234375 0.06953125
0 0.76171875 0.375 0.05078125 0.07421875
0 0.39375 0.37734375 0.05078125 0.08359375
0 0.884375 0.3796875 0.05078125 0.08828125
0 0.596875 0.38203125 0.04140625 0.07421875
0 0.1015625 0.40546875 0.05078125 0.08828125
0 0.99296875 0.5859375 0.0140625 0.06484375
0 0.384375 0.590625 0.06015625 0.08828125
0 0.02109375 0.6109375 0.04140625 0.08828125
0 0.5390625 0.6484375 0.06484375 0.08359375
0 0.10390625 0.65703125 0.05546875 0.08828125
0 0.36328125 0.7015625 0.04140625 0.07421875
0 0.028125 0.70625 0.05546875 0.10625
0 0.42109375 0.72890625 0.06484375 0.1203125
0 0.69453125 0.73828125 0.06484375 0.1109375
0 0.6109375 0.75234375 0.06015625 0.10625
0 0.08359375 0.75703125 0.06015625 0.1109375
0 0.509375 0.76875 0.06484375 0.1015625