0 0.9765625 0.153125 0.04609375 0.10625
0 0.240625 0.240625 0.08828125 0.14375
0 0.90703125 0.25 0.06484375 0.125
0 0.67578125 0.25 0.09296875 0.134375
0 0.45625 0.278125 0.07421875 0.1296875
0 0.85078125 0.03671875 0.0546875 0.0734375
0 0.75703125 0.38671875 0.08359375 0.115625
0 0.89140625 0.40078125 0.08828125 0.125
0 0.64765625 0.04140625 0.0609375 0.0828125
0 0.0859375 0.42109375 0.09296875 0.1296875
0 0.51875 0.43984375 0.09296875 0.1296875
0 0.31953125 0.49296875 0.08359375 0.1203125
0 0.53046875 0.05546875 0.06953125 0.1109375
0 0.60390625 0.62265625 0.1015625 0.1296875
0 0.94921875 0.6390625 0.1015625 0.15703125
0 0.0234375 0.0671875 0.04609375 0.115625
0 0.74296875 0.7265625 0.08359375 0.134375
0 0.11796875 0.7734375 0.10625 0.125
0 0.42109375 0.78671875 0.10625 0.1390625
0 0.6296875 0.83359375 0.10625 0.153125
0 0.3703125 0.090625 0.06953125 0.1109375
0 0.10390625 0.09296875 0.07421875 0.115625