0 0.82421875 0.75234375 0.0046875 0.009375
0 0.2359375 0.75234375 0.009375 0.0046875
0 0.26171875 0.75234375 0.0046875 0.0046875
0 0.28671875 0.75234375 0.0046875 0.0046875
0 0.25 0.75234375 0.0046875 0.0046875
0 0.84453125 0.7546875 0.009375 0.009375
0 0.79609375 0.7546875 0.009375 0.009375
0 0.81015625 0.7546875 0.0046875 0.0046875
0 0.803125 0.7546875 0.0046875 0.009375
0 0.27109375 0.75703125 0.0046875 0.0046875
0 0.2453125 0.75703125 0.009375 0.009375
0 0.21796875 0.75703125 0.0046875 0.0046875
0 0.37734375 0.75703125 0.0140625 0.0140625
0 0.78203125 0.759375 0.009375 0.009375
0 0.22890625 0.759375 0.009375 0.0046875
0 0.58125 0.759375 0.01875 0.0234375
0 0.29375 0.759375 0.0140625 0.009375
0 0.3609375 0.76171875 0.0140625 0.0140625
0 0.83359375 0.76171875 0.009375 0.009375
0 0.7734375 0.76171875 0.009375 0.0140625
0 0.2359375 0.7640625 0.0140625 0.0046875
0 0.28046875 0.7640625 0.0140625 0.0140625
0 0.34921875 0.76640625 0.0140625 0.009375
0 0.59921875 0.76875 0.01875 0.0234375
0 0.115625 0.76875 0.03203125 0.009375
0 0.50234375 0.7734375 0.01875 0.01875
0 0.56015625 0.7734375 0.028125 0.028125
0 0.72421875 0.7734375 0.0234375 0.0234375
0 0.70625 0.7734375 0.01875 0.01875
0 0.93046875 0.77578125 0.0234375 0.01875
0 0.74296875 0.778125 0.01875 0.0234375
0 0.1109375 0.778125 0.0234375 0.0140625
0 0.15546875 0.778125 0.03203125 0.01875
0 0.6828125 0.778125 0.028125 0.0234375
0 0.5234375 0.778125 0.01875 0.01875
0 0.80546875 0.778125 0.028125 0.0140625
0 0.196875 0.778125 0.0234375 0.0140625
0 0.7640625 0.78046875 0.01875 0.0140625
0 0.63671875 0.78046875 0.0234375 0.0234375
0 0.48125 0.78203125 0.0140625 0.01875
0 0.09921875 0.78203125 0.0234375 0.01875
0 0.04140625 0.784375 0.0234375 0.028125
0 0.25703125 0.784375 0.01875 0.0234375
0 0.39609375 0.78671875 0.0234375 0.01875
0 0.43046875 0.78671875 0.028125 0.01875
0 0.08359375 0.78671875 0.028125 0.028125
0 0.23828125 0.7890625 0.0234375 0.0234375
0 0.9515625 0.7890625 0.0234375 0.0234375
0 0.715625 0.79375 0.0234375 0.01875
0 0.60625 0.79609375 0.028125 0.028125
0 0.1484375 0.79609375 0.0234375 0.0234375
0 0.8609375 0.79609375 0.01875 0.028125
0 0.8078125 0.7984375 0.03671875 0.028125
0 0.32421875 0.7984375 0.03203125 0.028125
0 0.19921875 0.80078125 0.0234375 0.03203125
0 0.89140625 0.8078125 0.06484375 0.06015625
0 0.44453125 0.8078125 0.06015625 0.028125
0 0.5234375 0.81015625 0.04609375 0.03671875
0 0.75234375 0.8265625 0.06484375 0.05078125
0 0.96953125 0.83828125 0.05078125 0.06484375
0 0.46328125 0.84296875 0.07421875 0.04609375
0 0.6828125 0.8703125 0.08828125 0.07421875
0 0.16875 0.8796875 0.08828125 0.08828125
0 0.23125 0.884375 0.08359375 0.06484375
0 0.36796875 0.90078125 0.1296875 0.08359375
0 0.534375 0.90546875 0.1203125 0.1015625