0 0.8125 0.36328125 0.06953125 0.1203125
0 0.89140625 0.375 0.06484375 0.1296875
0 0.25234375 0.3984375 0.09296875 0.134375
0 0.590625 0.403125 0.08359375 0.16171875
0 0.3984375 0.41640625 0.07421875 0.125
0 0.02578125 0.43515625 0.05078125 0.096875
0 0.93046875 0.46953125 0.096875 0.115625
0 0.75703125 0.48125 0.06484375 0.1390625
0 0.534375 0.0484375 0.05078125 0.09296875
0 0.4953125 0.5046875 0.08828125 0.16640625
0 0.09921875 0.528125 0.1109375 0.096875
0 0.3078125 0.0578125 0.06484375 0.1015625
0 0.69453125 0.57890625 0.08828125 0.153125
0 0.346875 0.60625 0.08828125 0.153125
0 0.23125 0.61328125 0.1109375 0.14375
0 0.85625 0.625 0.096875 0.125
0 0.928125 0.06484375 0.06015625 0.1296875
0 0.07421875 0.66875 0.1203125 0.10625
0 0.47890625 0.06953125 0.05546875 0.115625
0 0.46796875 0.6921875 0.1015625 0.14375
0 0.18046875 0.071875 0.07421875 0.07890625
0 0.60859375 0.721875 0.1015625 0.17578125
0 0.04375 0.07421875 0.07890625 0.10625
0 0.9421875 0.7453125 0.1109375 0.1015625
0 0.75703125 0.7890625 0.10625 0.153125
0 0.20859375 0.821875 0.134375 0.134375
0 0.05546875 0.821875 0.09296875 0.153125
0 0.47890625 0.8984375 0.134375 0.14375
0 0.3703125 0.9328125 0.1390625 0.125
0 0.11328125 0.971875 0.16640625 0.05546875
0 0.66875 0.10859375 0.05546875 0.125
0 0.24296875 0.13203125 0.07421875 0.115625
0 0.4140625 0.1390625 0.06953125 0.125
0 0.625 0.153125 0.05546875 0.125
0 0.57890625 0.01875 0.03671875 0.03671875
0 0.196875 0.196875 0.08359375 0.115625
0 0.0625 0.2109375 0.07890625 0.10625
0 0.3125 0.215625 0.07421875 0.1109375
0 0.79375 0.22890625 0.04609375 0.10625
0 0.5140625 0.24765625 0.06015625 0.115625
0 0.38203125 0.26171875 0.07421875 0.1109375
0 0.5859375 0.26171875 0.07890625 0.09296875
0 0.19921875 0.028125 0.06484375 0.05546875
0 0.696875 0.30546875 0.07421875 0.115625
0 0.159375 0.3078125 0.09296875 0.134375
0 0.04609375 0.31484375 0.08828125 0.125
0 0.45859375 0.31953125 0.06953125 0.1203125
0 0.29609375 0.32890625 0.07421875 0.1296875