0 0.55078125 0.4421875 0.0234375 0.04609375
0 0.321875 0.45625 0.05078125 0.09296875
0 0.42109375 0.45859375 0.05078125 0.1015625
0 0.11796875 0.46328125 0.04140625 0.07421875
0 0.49296875 0.46953125 0.05078125 0.1015625
0 0.81953125 0.48828125 0.06015625 0.1203125
0 0.2265625 0.50703125 0.05546875 0.115625
0 0.58125 0.5234375 0.05546875 0.10625
0 0.87734375 0.06015625 0.04140625 0.1109375
0 0.68046875 0.625 0.04609375 0.1109375
0 0.7546875 0.1109375 0.05078125 0.1015625
0 0.48359375 0.16171875 0.05078125 0.08828125
0 0.57421875 0.1734375 0.04140625 0.096875
0 0.65703125 0.18515625 0.05078125 0.10625
0 0.41875 0.20390625 0.05546875 0.1203125
0 0.51875 0.2453125 0.05078125 0.1015625
0 0.33828125 0.2734375 0.05546875 0.1296875
0 0.20390625 0.30546875 0.05078125 0.1109375