0 0.1921875 0.2453125 0.01875 0.028125
0 0.01875 0.2453125 0.01875 0.028125
0 0.4328125 0.2453125 0.0140625 0.0234375
0 0.08828125 0.2453125 0.01875 0.03203125
0 0.2109375 0.24765625 0.01875 0.03671875
0 0.78671875 0.24765625 0.01875 0.028125
0 0.990625 0.25234375 0.0140625 0.03203125
0 0.33125 0.25234375 0.0140625 0.03203125
0 0.84921875 0.25234375 0.01875 0.028125
0 0.73359375 0.2546875 0.0140625 0.0234375
0 0.1109375 0.25703125 0.0234375 0.04140625
0 0.071875 0.25703125 0.028125 0.03203125
0 0.40546875 0.259375 0.0140625 0.03203125
0 0.375 0.26640625 0.01875 0.028125
0 0.471875 0.26640625 0.01875 0.03203125
0 0.54375 0.2734375 0.01875 0.028125
0 0.68046875 0.2734375 0.0234375 0.04609375
0 0.178125 0.2734375 0.028125 0.04609375
0 0.15546875 0.27578125 0.01875 0.04140625
0 0.0625 0.28046875 0.028125 0.04609375
0 0.99296875 0.284375 0.0046875 0.04140625
0 0.10859375 0.2890625 0.0234375 0.03203125
0 0.2265625 0.29375 0.0234375 0.04140625
0 0.09296875 0.2984375 0.0140625 0.03671875
0 0.9609375 0.303125 0.028125 0.05078125
0 0.03203125 0.31015625 0.04140625 0.04609375
0 0.1109375 0.31953125 0.028125 0.028125
0 0.8078125 0.3265625 0.028125 0.04609375
0 0.428125 0.34296875 0.01875 0.03671875
0 0.28203125 0.35390625 0.0140625 0.028125
0 0.26875 0.36328125 0.009375 0.028125
0 0.153125 0.365625 0.03671875 0.06484375
0 0.12265625 0.384375 0.04609375 0.06953125
0 0.0390625 0.403125 0.06484375 0.1203125
0 0.178125 0.4234375 0.05546875 0.04609375
0 0.91875 0.47421875 0.04609375 0.09296875
0 0.153125 0.490625 0.06484375 0.10625
0 0.68984375 0.51640625 0.05546875 0.096875
0 0.63203125 0.51640625 0.05078125 0.115625
0 0.83359375 0.52109375 0.05546875 0.125
0 0.47890625 0.5234375 0.06484375 0.1203125
0 0.59296875 0.54375 0.04140625 0.08828125
0 0.00703125 0.54609375 0.0140625 0.18515625
0 0.28203125 0.571875 0.07421875 0.1203125
0 0.77109375 0.615625 0.07421875 0.134375
0 0.37734375 0.6203125 0.08359375 0.1390625
0 0.903125 0.62265625 0.05546875 0.1203125
0 0.1015625 0.68984375 0.08828125 0.1109375
0 0.965625 0.71796875 0.06015625 0.15703125
0 0.63671875 0.78203125 0.07421875 0.153125
0 0.25 0.81015625 0.08359375 0.18046875
0 0.1484375 0.84296875 0.115625 0.20390625
0 0.9765625 0.875 0.04140625 0.134375
0 0.5578125 0.8984375 0.10625 0.1390625
0 0.909375 0.9328125 0.1296875 0.1296875
0 0.178125 0.14375 0.009375 0.0140625
0 0.1640625 0.1484375 0.0046875 0.0140625
0 0.23125 0.15078125 0.009375 0.0140625
0 0.8171875 0.15546875 0.0140625 0.028125
0 0.909375 0.15546875 0.009375 0.028125
0 0.87734375 0.15703125 0.0140625 0.0234375
0 0.21328125 0.159375 0.009375 0.0140625
0 0.14375 0.159375 0.009375 0.01875
0 0.97421875 0.16875 0.0140625 0.0140625
0 0.22890625 0.178125 0.009375 0.0234375
0 0.178125 0.18046875 0.009375 0.01875
0 0.25 0.18046875 0.009375 0.01875
0 0.1640625 0.1828125 0.009375 0.0140625
0 0.28203125 0.1828125 0.009375 0.01875
0 0.65078125 0.18515625 0.0140625 0.028125
0 0.9859375 0.18515625 0.0140625 0.01875
0 0.48828125 0.18984375 0.0140625 0.028125
0 0.14140625 0.1921875 0.0046875 0.0140625
0 0.01640625 0.1921875 0.0234375 0.028125
0 0.22421875 0.19453125 0.0140625 0.0140625
0 0.20390625 0.19453125 0.009375 0.01875
0 0.43046875 0.196875 0.0140625 0.0234375
0 0.3796875 0.19921875 0.009375 0.0140625
0 0.29609375 0.2015625 0.0140625 0.0140625
0 0.46953125 0.2015625 0.0140625 0.0234375
0 0.10859375 0.20390625 0.01875 0.03203125
0 0.24765625 0.20390625 0.0140625 0.01875
0 0.26875 0.20390625 0.01875 0.03203125
0 0.51171875 0.20390625 0.0140625 0.0234375
0 0.50234375 0.20625 0.0140625 0.028125
0 0.45859375 0.2109375 0.009375 0.01875
0 0.034375 0.2109375 0.0140625 0.04140625
0 0.59453125 0.2109375 0.0140625 0.01875
0 0.1828125 0.21328125 0.0046875 0.0140625
0 0.2890625 0.215625 0.0140625 0.009375
0 0.40546875 0.21796875 0.0140625 0.028125
0 0.5484375 0.21953125 0.01875 0.03203125
0 0.0625 0.21953125 0.01875 0.028125
0 0.39140625 0.221875 0.0140625 0.03203125
0 0.53203125 0.221875 0.0140625 0.03203125
0 0.6296875 0.22421875 0.0140625 0.03203125
0 0.01640625 0.22421875 0.0234375 0.009375
0 0.17578125 0.22421875 0.0140625 0.0140625
0 0.375 0.2265625 0.0140625 0.0234375
0 0.4953125 0.2265625 0.01875 0.03203125
0 0.16171875 0.2265625 0.0140625 0.028125
0 0.6203125 0.2265625 0.0140625 0.01875
0 0.3171875 0.22890625 0.009375 0.0234375
0 0.64375 0.22890625 0.0140625 0.03203125
0 0.6828125 0.22890625 0.01875 0.0234375
0 0.57890625 0.23125 0.0140625 0.03203125
0 0.24296875 0.23359375 0.0140625 0.03203125
0 0.44921875 0.23359375 0.0140625 0.03671875
0 0.45859375 0.23359375 0.0140625 0.028125
0 0.153125 0.23359375 0.01875 0.028125
0 0.47421875 0.2359375 0.0140625 0.03203125
0 0.2546875 0.23828125 0.0140625 0.03671875
0 0.59921875 0.23828125 0.0140625 0.0234375
0 0.8609375 0.240625 0.01875 0.028125
0 0.41875 0.240625 0.009375 0.028125
0 0.61328125 0.240625 0.009375 0.01875
0 0.29609375 0.24296875 0.01875 0.03671875
0 0.7734375 0.24296875 0.01875 0.028125
0 0.134375 0.24296875 0.01875 0.03671875