0 0.76640625 0.44453125 0.01875 0.028125
0 0.590625 0.44921875 0.01875 0.03671875
0 0.6640625 0.45859375 0.01875 0.0234375
0 0.73828125 0.4609375 0.01875 0.03203125
0 0.48125 0.4609375 0.01875 0.0234375
0 0.83828125 0.46328125 0.009375 0.009375
0 0.8125 0.46796875 0.009375 0.0140625
0 0.6390625 0.46953125 0.009375 0.0140625
0 0.79375 0.46953125 0.009375 0.0140625
0 0.82421875 0.46953125 0.01875 0.03203125
0 0.45390625 0.471875 0.01875 0.03671875
0 0.528125 0.471875 0.01875 0.03203125
0 0.50703125 0.47421875 0.0046875 0.0140625
0 0.71796875 0.47421875 0.01875 0.03671875
0 0.7546875 0.47421875 0.01875 0.03671875
0 0.7984375 0.47421875 0.0046875 0.009375
0 0.85625 0.47421875 0.009375 0.009375
0 0.20859375 0.47421875 0.0046875 0.0140625
0 0.29140625 0.47421875 0.009375 0.01875
0 0.6828125 0.47421875 0.0046875 0.0140625
0 0.83828125 0.47421875 0.009375 0.009375
0 0.18046875 0.4765625 0.01875 0.03203125
0 0.35625 0.4765625 0.0140625 0.0234375
0 0.7015625 0.4765625 0.0046875 0.009375
0 0.803125 0.4765625 0.009375 0.009375
0 0.90078125 0.4765625 0.0046875 0.0140625
0 0.32890625 0.47890625 0.01875 0.03203125
0 0.4234375 0.47890625 0.0234375 0.03671875
0 0.78203125 0.47890625 0.009375 0.009375
0 0.93046875 0.47890625 0.0046875 0.0140625
0 0.3078125 0.47890625 0.009375 0.01875
0 0.69453125 0.47890625 0.0046875 0.009375
0 0.87734375 0.47890625 0.0046875 0.0140625
0 0.01875 0.47890625 0.009375 0.0140625
0 0.840625 0.47890625 0.0046875 0.009375
0 0.84921875 0.47890625 0.009375 0.01875
0 0.14140625 0.48125 0.0046875 0.0140625
0 0.19921875 0.48125 0.0046875 0.0046875
0 0.62265625 0.48125 0.01875 0.03671875
0 0.0671875 0.48125 0.009375 0.0140625
0 0.875 0.48125 0.009375 0.0140625
0 0.03203125 0.48359375 0.009375 0.0234375
0 0.4953125 0.48359375 0.009375 0.01875
0 0.91171875 0.4859375 0.01875 0.03203125
0 0.94453125 0.4859375 0.009375 0.0140625
0 0.1296875 0.4859375 0.009375 0.0140625
0 0.36328125 0.4859375 0.0140625 0.028125
0 0.384375 0.4859375 0.0234375 0.03203125
0 0.134375 0.48828125 0.009375 0.01875
0 0.2265625 0.48828125 0.01875 0.03203125
0 0.68984375 0.48828125 0.009375 0.0140625
0 0.08125 0.48828125 0.009375 0.0140625
0 0.6734375 0.490625 0.0234375 0.04140625
0 0.240625 0.490625 0.009375 0.0140625
0 0.0390625 0.490625 0.009375 0.01875
0 0.09921875 0.490625 0.0140625 0.01875
0 0.47890625 0.49296875 0.01875 0.03671875
0 0.6484375 0.49296875 0.01875 0.03671875
0 0.89140625 0.49296875 0.009375 0.0140625
0 0.97421875 0.49296875 0.01875 0.03671875
0 0.8703125 0.4953125 0.009375 0.0140625
0 0.2734375 0.4953125 0.01875 0.04140625
0 0.59453125 0.4953125 0.0234375 0.04140625
0 0.69921875 0.4953125 0.009375 0.0140625
0 0.053125 0.49765625 0.0046875 0.009375
0 0.8609375 0.49765625 0.009375 0.0140625
0 0.215625 0.5 0.0046875 0.0140625
0 0.35390625 0.5 0.0140625 0.028125
0 0.70625 0.5 0.009375 0.0140625
0 0.884375 0.5 0.009375 0.01875
0 0.10625 0.5 0.0140625 0.028125
0 0.16171875 0.5 0.0234375 0.05078125
0 0.0625 0.5 0.009375 0.01875
0 0.92578125 0.50234375 0.0140625 0.028125
0 0.0234375 0.50234375 0.009375 0.0140625
0 0.071875 0.5046875 0.009375 0.0140625
0 0.803125 0.50703125 0.028125 0.05078125
0 0.259375 0.5140625 0.0234375 0.04140625
0 0.00703125 0.51640625 0.0140625 0.05078125
0 0.5484375 0.51875 0.01875 0.03671875
0 0.3984375 0.52109375 0.0234375 0.04140625
0 0.8609375 0.528125 0.01875 0.03203125
0 0.178125 0.528125 0.01875 0.04140625
0 0.42109375 0.528125 0.0234375 0.05078125
0 0.196875 0.53203125 0.01875 0.03671875
0 0.08125 0.53203125 0.0234375 0.04140625
0 0.6296875 0.57421875 0.0234375 0.03203125
0 0.678125 0.59296875 0.01875 0.03203125