0 0.1484375 0.10859375 0.06484375 0.07890625
0 0.91875 0.1109375 0.06484375 0.09296875
0 0.846875 0.15703125 0.07421875 0.10625
0 0.6828125 0.16171875 0.06484375 0.07890625
0 0.221875 0.18515625 0.06015625 0.08359375
0 0.0234375 0.18984375 0.04609375 0.115625
0 0.45625 0.20625 0.05546875 0.09296875
0 0.43046875 0.221875 0.06484375 0.08828125
0 0.64140625 0.240625 0.03671875 0.04140625
0 0.59296875 0.26875 0.06015625 0.09296875
0 0.7890625 0.28203125 0.07421875 0.06953125
0 0.98125 0.2890625 0.03671875 0.1015625
0 0.54375 0.29140625 0.06015625 0.07890625
0 0.34921875 0.303125 0.04140625 0.05546875
0 0.2640625 0.3515625 0.06015625 0.07890625
0 0.96015625 0.034375 0.0734375 0.06875
0 0.5828125 0.034375 0.05625 0.06875
0 0.76171875 0.43515625 0.06484375 0.10625
0 0.2984375 0.446875 0.06015625 0.096875
0 0.8703125 0.46796875 0.05546875 0.1109375
0 0.0390625 0.5015625 0.078125 0.0875
0 0.98125 0.52109375 0.028125 0.096875
0 0.04375 0.6109375 0.08359375 0.115625
0 0.39375 0.61796875 0.07890625 0.1015625
0 0.7546875 0.63203125 0.06015625 0.07890625
0 0.278125 0.6640625 0.07890625 0.08359375
0 0.64375 0.69453125 0.05546875 0.115625
0 0.59921875 0.69921875 0.06484375 0.134375
0 0.2890625 0.78046875 0.07890625 0.10625
0 0.49296875 0.8171875 0.07890625 0.1015625
0 0.97421875 0.8359375 0.05078125 0.096875
0 0.30546875 0.8703125 0.08359375 0.07890625
0 0.09453125 0.8890625 0.08359375 0.03671875