0 0.63671875 0.3078125 0.0234375 0.03671875
0 0.365625 0.33359375 0.01875 0.028125
0 0.5765625 0.33828125 0.01875 0.028125
0 0.4515625 0.340625 0.028125 0.04609375
0 0.1203125 0.34296875 0.028125 0.05078125
0 0.21796875 0.34453125 0.0234375 0.04140625
0 0.01171875 0.34453125 0.0234375 0.05078125
0 0.46953125 0.346875 0.01875 0.03203125
0 0.37734375 0.34921875 0.0234375 0.03203125
0 0.29375 0.3515625 0.028125 0.03671875
0 0.23125 0.3515625 0.01875 0.04140625
0 0.4375 0.3515625 0.0234375 0.03671875
0 0.528125 0.35390625 0.01875 0.03203125
0 0.61328125 0.35390625 0.0234375 0.03671875
0 0.65546875 0.35390625 0.028125 0.04609375
0 0.1921875 0.35859375 0.03203125 0.04140625
0 0.82421875 0.35859375 0.01875 0.03203125
0 0.95625 0.3609375 0.0234375 0.03671875
0 0.49765625 0.36328125 0.0234375 0.03671875
0 0.6296875 0.3703125 0.0234375 0.04140625
0 0.56015625 0.3796875 0.01875 0.03203125
0 0.06015625 0.39140625 0.028125 0.04140625
0 0.73125 0.403125 0.01875 0.03203125
0 0.9609375 0.409375 0.0234375 0.03671875
0 0.77109375 0.4140625 0.01875 0.028125
0 0.90703125 0.42578125 0.028125 0.04140625
0 0.821875 0.43046875 0.03671875 0.03671875
0 0.846875 0.4328125 0.028125 0.05078125
0 0.73828125 0.4375 0.028125 0.04609375
0 0.6828125 0.446875 0.03203125 0.04609375
0 0.59921875 0.45390625 0.0140625 0.0234375
0 0.78203125 0.46328125 0.028125 0.04609375
0 0.9609375 0.465625 0.03671875 0.04609375
0 0.5578125 0.46796875 0.0140625 0.0234375
0 0.4953125 0.46796875 0.028125 0.03671875
0 0.75234375 0.47890625 0.028125 0.04609375
0 0.8125 0.48125 0.04609375 0.05546875
0 0.471875 0.490625 0.03203125 0.028125
0 0.28046875 0.49296875 0.03671875 0.05078125
0 0.39140625 0.4953125 0.03203125 0.03203125
0 0.56953125 0.5 0.028125 0.05546875
0 0.87734375 0.5046875 0.04140625 0.04609375
0 0.590625 0.50703125 0.03671875 0.06484375
0 0.4421875 0.509375 0.028125 0.05078125
0 0.53671875 0.5140625 0.03203125 0.05078125
0 0.6734375 0.51875 0.03203125 0.05078125
0 0.25234375 0.51875 0.04609375 0.05078125
0 0.33125 0.52578125 0.04140625 0.04140625
0 0.46328125 0.528125 0.03671875 0.05546875
0 0.73125 0.53203125 0.028125 0.04140625
0 0.16171875 0.53671875 0.06015625 0.05078125
0 0.41640625 0.5390625 0.03671875 0.06484375
0 0.96796875 0.54375 0.05546875 0.07421875
0 0.38203125 0.54375 0.04140625 0.06484375
0 0.05078125 0.54375 0.05546875 0.06015625
0 0.778125 0.5578125 0.04140625 0.06015625
0 0.84296875 0.56015625 0.04140625 0.06484375
0 0.64375 0.5765625 0.05078125 0.08359375
0 0.34296875 0.5765625 0.04609375 0.05546875
0 0.2640625 0.5765625 0.04609375 0.06484375
0 0.01640625 0.59296875 0.03203125 0.06484375
0 0.740625 0.596875 0.04140625 0.07421875
0 0.178125 0.59921875 0.06015625 0.07421875
0 0.51640625 0.60390625 0.03671875 0.06484375
0 0.56484375 0.6109375 0.04609375 0.06953125
0 0.634375 0.634375 0.05078125 0.06484375
0 0.3359375 0.653125 0.04140625 0.06484375
0 0.965625 0.659375 0.06015625 0.096875
0 0.06484375 0.65703125 0.06484375 0.1109375
0 0.46796875 0.65703125 0.04609375 0.07421875
0 0.2265625 0.6734375 0.06015625 0.08828125
0 0.88671875 0.6734375 0.06953125 0.1015625
0 0.61796875 0.6828125 0.04140625 0.06953125
0 0.52578125 0.68515625 0.05078125 0.08359375
0 0.6640625 0.68515625 0.05546875 0.05546875
0 0.40078125 0.68984375 0.04140625 0.08359375
0 0.78671875 0.69921875 0.03671875 0.08359375
0 0.73828125 0.7109375 0.06015625 0.08828125
0 0.36328125 0.7109375 0.06015625 0.10625
0 0.96953125 0.75703125 0.05078125 0.125
0 0.2640625 0.759375 0.05546875 0.096875
0 0.86328125 0.77109375 0.07890625 0.115625
0 0.03203125 0.784375 0.0640625 0.134375
0 0.64140625 0.8125 0.096875 0.16640625
0 0.2015625 0.83828125 0.06953125 0.1109375
0 0.49765625 0.85390625 0.1015625 0.153125
0 0.3609375 0.92109375 0.07890625 0.115625