0 0.34921875 0.009375 0.01875 0.01875
0 0.72109375 0.9578125 0.0640625 0.084375
0 0.59921875 0.096875 0.0140625 0.028125
0 0.6921875 0.971875 0.06015625 0.04609375
0 0.30078125 0.125 0.01875 0.03203125
0 0.471875 0.1296875 0.01875 0.03203125
0 0.35390625 0.13203125 0.0234375 0.03203125
0 0.4609375 0.0140625 0.0140625 0.0234375
0 0.45390625 0.14609375 0.01875 0.03671875
0 0.5140625 0.14609375 0.0140625 0.03203125
0 0.38671875 0.15078125 0.0140625 0.0234375
0 0.5765625 0.15078125 0.01875 0.03203125
0 0.54375 0.153125 0.0140625 0.03203125
0 0.4953125 0.15546875 0.01875 0.0234375
0 0.31953125 0.01640625 0.0140625 0.028125
0 0.409375 0.01640625 0.0140625 0.03203125
0 0.52578125 0.159375 0.01875 0.04140625
0 0.26875 0.159375 0.009375 0.03203125
0 0.39609375 0.16171875 0.0140625 0.0234375
0 0.2984375 0.16640625 0.0140625 0.0234375
0 0.3171875 0.16640625 0.01875 0.03203125
0 0.346875 0.16640625 0.01875 0.04140625
0 0.42578125 0.16875 0.01875 0.04140625
0 0.33359375 0.16875 0.0140625 0.03203125
0 0.284375 0.17109375 0.0140625 0.028125
0 0.41171875 0.17109375 0.0140625 0.03203125
0 0.375 0.1734375 0.01875 0.03203125
0 0.3609375 0.17578125 0.0140625 0.03203125
0 0.56953125 0.01875 0.0140625 0.028125
0 0.49765625 0.1875 0.0140625 0.028125
0 0.56953125 0.1875 0.01875 0.03671875
0 0.4765625 0.1875 0.0140625 0.03203125
0 0.27578125 0.18984375 0.01875 0.04140625
0 0.39375 0.1921875 0.0140625 0.03203125
0 0.3171875 0.1921875 0.01875 0.0234375
0 0.4515625 0.1921875 0.0140625 0.01875
0 0.3984375 0.01875 0.0140625 0.03671875
0 0.29140625 0.196875 0.01875 0.0234375
0 0.2453125 0.19921875 0.0140625 0.03203125
0 0.4328125 0.02109375 0.009375 0.03203125
0 0.55546875 0.20390625 0.01875 0.04609375
0 0.70859375 0.20625 0.01875 0.03203125
0 0.3359375 0.20625 0.01875 0.03671875
0 0.40546875 0.20859375 0.01875 0.028125
0 0.4859375 0.20859375 0.01875 0.04140625
0 0.37265625 0.02109375 0.0140625 0.0234375
0 0.6015625 0.21328125 0.01875 0.028125
0 0.26640625 0.215625 0.0140625 0.03203125
0 0.23125 0.215625 0.01875 0.04140625
0 0.4609375 0.21796875 0.0140625 0.03671875
0 0.4421875 0.21796875 0.01875 0.01875
0 0.5046875 0.2265625 0.01875 0.03671875
0 0.26171875 0.2265625 0.01875 0.04140625
0 0.36796875 0.2265625 0.01875 0.028125
0 0.63203125 0.2265625 0.0234375 0.04609375
0 0.31484375 0.23125 0.01875 0.05078125
0 0.59453125 0.2359375 0.01875 0.01875
0 0.403125 0.2359375 0.0234375 0.03203125
0 0.69453125 0.240625 0.028125 0.03671875
0 0.29609375 0.24296875 0.01875 0.04140625
0 0.38671875 0.2453125 0.0140625 0.03671875
0 0.54375 0.2453125 0.0140625 0.03203125
0 0.75703125 0.25234375 0.028125 0.04609375
0 0.24765625 0.2546875 0.01875 0.04140625
0 0.45390625 0.2546875 0.01875 0.04609375
0 0.61796875 0.2546875 0.0140625 0.03203125
0 0.34296875 0.25703125 0.0234375 0.05078125
0 0.43046875 0.25703125 0.01875 0.04140625
0 0.59921875 0.26171875 0.01875 0.03671875
0 0.553125 0.27109375 0.01875 0.03671875
0 0.36328125 0.27578125 0.0234375 0.04609375
0 0.70625 0.28203125 0.028125 0.06015625
0 0.28046875 0.29140625 0.0234375 0.03203125
0 0.5625 0.29609375 0.01875 0.04140625
0 0.64140625 0.29609375 0.028125 0.03203125
0 0.4140625 0.29609375 0.0234375 0.04609375
0 0.6203125 0.2984375 0.0234375 0.04140625
0 0.30078125 0.2984375 0.01875 0.04140625
0 0.4765625 0.2984375 0.0234375 0.0234375
0 0.3890625 0.2984375 0.0234375 0.04609375
0 0.528125 0.30546875 0.0234375 0.05078125
0 0.24296875 0.3078125 0.0234375 0.05078125
0 0.21796875 0.31015625 0.03203125 0.04140625
0 0.375 0.3125 0.01875 0.04140625
0 0.284375 0.3171875 0.01875 0.028125
0 0.6109375 0.3171875 0.01875 0.05546875
0 0.84296875 0.33125 0.03671875 0.06015625
0 0.57890625 0.340625 0.03203125 0.05546875
0 0.340625 0.34296875 0.0234375 0.04609375
0 0.64609375 0.34453125 0.0234375 0.04140625
0 0.784375 0.34453125 0.03203125 0.06015625
0 0.42109375 0.34921875 0.0234375 0.04609375
0 0.29609375 0.35625 0.0140625 0.06015625
0 0.47421875 0.35625 0.028125 0.05546875
0 0.215625 0.36328125 0.028125 0.04609375
0 0.39375 0.36796875 0.028125 0.04609375
0 0.3125 0.3703125 0.028125 0.05078125
0 0.73828125 0.375 0.028125 0.03203125
0 0.28046875 0.3796875 0.0234375 0.06015625
0 0.43984375 0.03671875 0.0140625 0.028125
0 0.365625 0.403125 0.028125 0.04609375
0 0.5625 0.403125 0.03203125 0.06015625
0 0.44453125 0.40546875 0.03671875 0.05078125
0 0.875 0.40703125 0.03203125 0.07421875
0 0.41640625 0.41171875 0.028125 0.05546875
0 0.96328125 0.42578125 0.04140625 0.08359375
0 0.73125 0.428125 0.028125 0.06953125
0 0.178125 0.428125 0.03203125 0.06484375
0 0.6109375 0.43046875 0.03203125 0.05546875
0 0.83828125 0.43046875 0.04140625 0.07890625
0 0.90078125 0.4328125 0.03671875 0.06015625
0 0.39375 0.43515625 0.028125 0.04140625
0 0.31953125 0.43515625 0.028125 0.05546875
0 0.2015625 0.4421875 0.03203125 0.06953125
0 0.1296875 0.4421875 0.05078125 0.10625
0 0.70390625 0.4515625 0.03203125 0.06484375
0 0.53671875 0.46953125 0.03203125 0.04140625
0 0.26171875 0.0484375 0.01875 0.0234375
0 0.2984375 0.47421875 0.03203125 0.06015625
0 0.94453125 0.48125 0.03203125 0.07421875
0 0.45390625 0.49296875 0.03203125 0.06484375
0 0.92109375 0.49296875 0.04140625 0.07890625
0 0.09921875 0.50234375 0.04609375 0.096875
0 0.75234375 0.50234375 0.03203125 0.06015625
0 0.8703125 0.50703125 0.03671875 0.08828125
0 0.35390625 0.05078125 0.01875 0.03203125
0 0.784375 0.52109375 0.03203125 0.06484375
0 0.64609375 0.53046875 0.03671875 0.08359375
0 0.20859375 0.53671875 0.04140625 0.08359375
0 0.54140625 0.54140625 0.03671875 0.07421875
0 0.40546875 0.553125 0.04140625 0.08828125
0 0.47421875 0.5625 0.028125 0.09296875
0 0.69453125 0.57421875 0.028125 0.096875
0 0.7265625 0.57421875 0.04140625 0.07890625
0 0.59921875 0.5765625 0.04140625 0.07890625
0 0.50234375 0.5765625 0.04140625 0.08828125
0 0.94921875 0.57890625 0.05078125 0.096875
0 0.25703125 0.64375 0.04140625 0.07890625
0 0.384375 0.6640625 0.04609375 0.08359375
0 0.32890625 0.0671875 0.01875 0.028125
0 0.375 0.0671875 0.0140625 0.03671875
0 0.5140625 0.71328125 0.04609375 0.096875
0 0.4765625 0.715625 0.03203125 0.08828125
0 0.09921875 0.72890625 0.06015625 0.10625
0 0.32421875 0.7453125 0.05546875 0.1203125
0 0.8609375 0.75 0.04609375 0.1015625
0 0.29375 0.76171875 0.03671875 0.134375
0 0.75 0.7734375 0.05546875 0.1109375
0 0.965625 0.778125 0.06015625 0.05546875
0 0.6390625 0.7890625 0.04609375 0.10625
0 0.26171875 0.08125 0.01875 0.03671875
0 0.18046875 0.846875 0.06484375 0.134375
0 0.46953125 0.0859375 0.0140625 0.03671875
0 0.9671875 0.8765625 0.065625 0.15625
0 0.45625 0.090625 0.01875 0.03203125
0 0.5765625 0.90078125 0.06015625 0.1109375