0 0.490625 0.2265625 0.06953125 0.17578125
0 0.1015625 0.2359375 0.08828125 0.15703125
0 0.3890625 0.259375 0.08828125 0.16171875
0 0.61796875 0.32890625 0.08359375 0.17578125
0 0.97421875 0.3515625 0.05078125 0.19453125
0 0.740625 0.45859375 0.06953125 0.21328125
0 0.51640625 0.0484375 0.04609375 0.096875
0 0.12265625 0.05078125 0.10625 0.1015625
0 0.91640625 0.5 0.08828125 0.21328125
0 0.64375 0.053125 0.06953125 0.1015625
0 0.14609375 0.52578125 0.10625 0.2359375
0 0.57890625 0.56953125 0.08359375 0.19453125
0 0.4421875 0.590625 0.09296875 0.2265625
0 0.4328125 0.06484375 0.06953125 0.1296875
0 0.32890625 0.071875 0.06953125 0.134375
0 0.76640625 0.76875 0.1109375 0.30078125
0 0.98125 0.87734375 0.028125 0.21796875
0 0.1875 0.88671875 0.1296875 0.221875
0 0.46328125 0.96796875 0.1109375 0.06015625
0 0.73828125 0.12734375 0.06953125 0.15703125
0 0.59453125 0.1296875 0.06484375 0.134375
0 0.8125 0.14375 0.06953125 0.17578125
0 0.28203125 0.15546875 0.07890625 0.18046875
0 0.928125 0.18515625 0.08828125 0.19921875
0 0.03671875 0.19453125 0.06953125 0.2359375