0 0.384375 0.40078125 0.07890625 0.08828125
0 0.2015625 0.43046875 0.096875 0.1109375
0 0.67578125 0.43984375 0.06015625 0.096875
0 0.28671875 0.04609375 0.0234375 0.04140625
0 0.134375 0.0484375 0.03203125 0.03203125
0 0.159375 0.05078125 0.028125 0.03203125
0 0.865625 0.51875 0.08828125 0.115625
0 0.01875 0.534375 0.03671875 0.07890625
0 0.36328125 0.54609375 0.08828125 0.153125
0 0.56015625 0.58125 0.07890625 0.125
0 0.15078125 0.5859375 0.1015625 0.115625
0 0.3609375 0.0671875 0.0234375 0.0234375
0 0.39375 0.06953125 0.0234375 0.03671875
0 0.2546875 0.06953125 0.04609375 0.05546875
0 0.79140625 0.70859375 0.08828125 0.1390625
0 0.196875 0.07421875 0.03203125 0.03671875
0 0.2984375 0.009375 0.03203125 0.01875
0 0.9234375 0.07890625 0.04140625 0.06484375
0 0.33359375 0.08125 0.028125 0.04140625
0 0.125 0.821875 0.1296875 0.1203125
0 0.7015625 0.0859375 0.04140625 0.07421875
0 0.51171875 0.08828125 0.04140625 0.06484375
0 0.8359375 0.090625 0.03671875 0.07890625
0 0.3703125 0.09296875 0.0234375 0.03203125
0 0.43515625 0.09296875 0.05078125 0.07421875
0 0.65546875 0.01171875 0.01875 0.0234375
0 0.64140625 0.10859375 0.06015625 0.07890625
0 0.06953125 0.01171875 0.03671875 0.0234375
0 0.2984375 0.115625 0.03203125 0.04609375
0 0.86796875 0.1203125 0.05546875 0.09296875
0 0.9609375 0.125 0.05078125 0.07421875
0 0.1109375 0.0140625 0.03203125 0.028125
0 0.15703125 0.15078125 0.08359375 0.10625
0 0.23125 0.15703125 0.03203125 0.05078125
0 0.40546875 0.16171875 0.05078125 0.07890625
0 0.01171875 0.16171875 0.0234375 0.05078125
0 0.67578125 0.01875 0.03671875 0.03671875
0 0.33828125 0.01875 0.028125 0.03671875
0 0.71328125 0.18046875 0.04140625 0.05546875
0 0.403125 0.01875 0.03203125 0.03671875
0 0.4859375 0.02109375 0.03671875 0.04140625
0 0.31015625 0.196875 0.06015625 0.05546875
0 0.19921875 0.02109375 0.028125 0.03203125
0 0.26171875 0.02109375 0.028125 0.03671875
0 0.48359375 0.2359375 0.03203125 0.06484375
0 0.02578125 0.0234375 0.03203125 0.04609375
0 0.740625 0.2453125 0.06015625 0.08828125
0 0.18046875 0.02578125 0.03203125 0.03203125
0 0.98359375 0.2640625 0.03203125 0.10625
0 0.60625 0.028125 0.03671875 0.05546875
0 0.534375 0.28203125 0.07421875 0.1203125
0 0.3125 0.28671875 0.06953125 0.07890625
0 0.4328125 0.30078125 0.07421875 0.10625
0 0.0625 0.03046875 0.03203125 0.05078125
0 0.22890625 0.03046875 0.01875 0.03203125
0 0.9578125 0.03203125 0.05625 0.0640625
0 0.65078125 0.31484375 0.06015625 0.08828125
0 0.81015625 0.3171875 0.06015625 0.096875
0 0.746875 0.03203125 0.046875 0.0640625
0 0.178125 0.32890625 0.096875 0.06484375
0 0.31015625 0.034375 0.01875 0.03671875
0 0.5671875 0.034375 0.04140625 0.06484375
0 0.3796875 0.034375 0.0234375 0.03671875