0 0.8359375 0.6109375 0.10625 0.18515625
0 0.428125 0.72890625 0.08359375 0.15703125
0 0.62265625 0.75703125 0.08359375 0.1484375
0 0.2734375 0.78203125 0.08359375 0.14375
0 0.20859375 0.15546875 0.05546875 0.1296875
0 0.375 0.16875 0.06953125 0.1390625
0 0.615625 0.18515625 0.06484375 0.115625
0 0.446875 0.18984375 0.06015625 0.08359375
0 0.78203125 0.20625 0.08359375 0.1109375
0 0.11328125 0.22890625 0.08359375 0.1484375
0 0.87265625 0.2453125 0.06953125 0.10625
0 0.259375 0.2546875 0.07890625 0.1296875
0 0.93515625 0.3265625 0.06484375 0.1484375
0 0.7453125 0.3265625 0.08828125 0.14375
0 0.571875 0.3265625 0.07421875 0.14375
0 0.428125 0.32890625 0.07890625 0.115625
0 0.2546875 0.37265625 0.06953125 0.125
0 0.875 0.39375 0.07890625 0.1390625
0 0.08359375 0.43046875 0.08828125 0.153125
0 0.678125 0.47421875 0.08359375 0.14375
0 0.48359375 0.47421875 0.096875 0.1296875
0 0.365625 0.48359375 0.09296875 0.1484375
0 0.19921875 0.52109375 0.07421875 0.17109375