0 0.1109375 0.2546875 0.028125 0.04140625
0 0.06015625 0.25703125 0.03203125 0.03671875
0 0.15078125 0.2640625 0.028125 0.03203125
0 0.0390625 0.26640625 0.028125 0.03671875
0 0.09296875 0.2734375 0.03203125 0.03203125
0 0.2265625 0.27578125 0.028125 0.03203125
0 0.1875 0.28046875 0.028125 0.028125
0 0.01171875 0.29609375 0.0234375 0.04609375
0 0.73828125 0.32890625 0.0234375 0.0234375
0 0.6484375 0.33125 0.01875 0.0234375
0 0.9765625 0.33125 0.0140625 0.0234375
0 0.67578125 0.33359375 0.0234375 0.0234375
0 0.75 0.33359375 0.01875 0.01875
0 0.00703125 0.346875 0.0140625 0.028125
0 0.84921875 0.34921875 0.0140625 0.01875
0 0.56015625 0.35390625 0.01875 0.028125
0 0.5046875 0.35625 0.01875 0.0234375
0 0.60390625 0.35625 0.0234375 0.0234375
0 0.6921875 0.35859375 0.0234375 0.0234375
0 0.71328125 0.3609375 0.01875 0.0234375
0 0.90546875 0.36328125 0.01875 0.0234375
0 0.02578125 0.365625 0.028125 0.028125
0 0.58828125 0.365625 0.01875 0.01875
0 0.91875 0.36796875 0.0140625 0.0234375
0 0.9328125 0.3703125 0.01875 0.0140625
0 0.53203125 0.3703125 0.009375 0.01875
0 0.48359375 0.37265625 0.01875 0.028125
0 0.92578125 0.37265625 0.009375 0.01875
0 0.54375 0.375 0.01875 0.0234375
0 0.3703125 0.37734375 0.0234375 0.028125
0 0.5 0.3796875 0.01875 0.0234375
0 0.39140625 0.38203125 0.0234375 0.0234375
0 0.79375 0.38203125 0.01875 0.0234375
0 0.778125 0.38203125 0.0140625 0.01875
0 0.86328125 0.384375 0.0140625 0.01875
0 0.41875 0.38671875 0.0234375 0.03203125
0 0.04609375 0.38671875 0.028125 0.03203125
0 0.82421875 0.38671875 0.0140625 0.01875
0 0.24296875 0.38671875 0.03671875 0.04609375
0 0.45625 0.3890625 0.0234375 0.03203125
0 0.8796875 0.3890625 0.0140625 0.01875
0 0.83359375 0.39140625 0.01875 0.0234375
0 0.43515625 0.39609375 0.0234375 0.0234375
0 0.55546875 0.39609375 0.01875 0.028125
0 0.60390625 0.39609375 0.01875 0.028125
0 0.59296875 0.39609375 0.028125 0.03203125
0 0.62265625 0.39609375 0.01875 0.01875
0 0.35390625 0.3984375 0.028125 0.03671875
0 0.971875 0.40078125 0.01875 0.03203125
0 0.5484375 0.40078125 0.028125 0.03203125
0 0.40703125 0.409375 0.0234375 0.03203125
0 0.31484375 0.41640625 0.0234375 0.03203125
0 0.78046875 0.4234375 0.01875 0.028125
0 0.88671875 0.42578125 0.01875 0.0234375
0 0.8125 0.45390625 0.0234375 0.0234375
0 0.8609375 0.50234375 0.01875 0.0234375
0 0.84296875 0.5046875 0.01875 0.03203125
0 0.89140625 0.5046875 0.028125 0.04140625
0 0.98828125 0.50703125 0.0140625 0.04140625
0 0.81015625 0.51171875 0.01875 0.03203125
0 0.9421875 0.51875 0.0234375 0.03203125
0 0.7640625 0.52109375 0.01875 0.01875
0 0.92578125 0.5234375 0.03203125 0.03203125
0 0.96953125 0.53046875 0.028125 0.03671875
0 0.84921875 0.53671875 0.028125 0.04140625
0 0.721875 0.5390625 0.03671875 0.03203125
0 0.86796875 0.54375 0.0234375 0.03671875
0 0.803125 0.54609375 0.028125 0.03203125
0 0.8890625 0.55078125 0.03203125 0.03203125
0 0.7546875 0.55078125 0.0234375 0.03203125
0 0.778125 0.55546875 0.04140625 0.04609375
0 0.80078125 0.5578125 0.0234375 0.028125
0 0.54375 0.56484375 0.028125 0.04140625
0 0.4234375 0.5765625 0.01875 0.01875
0 0.98828125 0.57890625 0.0140625 0.03671875
0 0.58125 0.57890625 0.028125 0.028125
0 0.715625 0.58125 0.04609375 0.05078125
0 0.88671875 0.58125 0.03203125 0.0234375
0 0.49296875 0.58359375 0.028125 0.03671875
0 0.46796875 0.59296875 0.0234375 0.04140625
0 0.95859375 0.6015625 0.03671875 0.05078125
0 0.06484375 0.6015625 0.04140625 0.05546875
0 0.79609375 0.6015625 0.04140625 0.05546875
0 0.39140625 0.6015625 0.04140625 0.05078125
0 0.196875 0.60390625 0.04140625 0.03203125
0 0.4234375 0.60625 0.0234375 0.04140625
0 0.115625 0.60859375 0.03203125 0.04140625
0 0.34921875 0.61328125 0.03203125 0.04140625
0 0.56484375 0.61328125 0.03203125 0.04140625
0 0.65078125 0.61328125 0.03671875 0.05078125
0 0.8796875 0.6203125 0.04609375 0.07421875
0 0.61796875 0.6296875 0.04609375 0.05078125
0 0.7640625 0.6296875 0.04609375 0.06953125
0 0.9234375 0.634375 0.05078125 0.06484375
0 0.31484375 0.6390625 0.03671875 0.06015625
0 0.1015625 0.64140625 0.04140625 0.03203125
0 0.01875 0.64609375 0.03671875 0.01875
0 0.259375 0.64609375 0.04140625 0.05078125
0 0.19453125 0.65078125 0.06015625 0.07421875
0 0.49296875 0.65078125 0.05078125 0.04140625
0 0.35625 0.66640625 0.04609375 0.05078125
0 0.5859375 0.68046875 0.06484375 0.08828125
0 0.03046875 0.6828125 0.04140625 0.06015625
0 0.08359375 0.69453125 0.05078125 0.06484375
0 0.2984375 0.70625 0.06484375 0.07890625
0 0.490625 0.715625 0.06484375 0.1015625
0 0.365625 0.76640625 0.09296875 0.1203125
0 0.76875 0.7734375 0.07421875 0.096875
0 0.25703125 0.7890625 0.07421875 0.115625
0 0.10625 0.8265625 0.115625 0.16171875
0 0.94453125 0.84921875 0.10625 0.1015625