0 0.06484375 0.38671875 0.028125 0.04140625
0 0.034375 0.39375 0.01875 0.01875
0 0.3796875 0.39609375 0.0140625 0.0234375
0 0.428125 0.39609375 0.0234375 0.0234375
0 0.3703125 0.3984375 0.0140625 0.0140625
0 0.5 0.40078125 0.0234375 0.03671875
0 0.6109375 0.40546875 0.0140625 0.0140625
0 0.0140625 0.40703125 0.028125 0.04140625
0 0.3984375 0.409375 0.0140625 0.0140625
0 0.56015625 0.41171875 0.0140625 0.0234375
0 0.34296875 0.4140625 0.01875 0.028125
0 0.70859375 0.41640625 0.028125 0.04609375
0 0.659375 0.41875 0.0234375 0.03671875
0 0.36328125 0.41875 0.01875 0.0234375
0 0.43046875 0.42109375 0.01875 0.03671875
0 0.03203125 0.42109375 0.028125 0.05078125
0 0.52578125 0.4234375 0.0234375 0.04140625
0 0.096875 0.4234375 0.0234375 0.04609375
0 0.0578125 0.43046875 0.01875 0.03671875
0 0.81015625 0.43046875 0.03671875 0.04609375
0 0.96953125 0.4328125 0.03203125 0.06015625
0 0.5765625 0.4375 0.01875 0.0234375
0 0.46953125 0.4421875 0.0234375 0.04609375