0 0.284375 0.01640625 0.028125 0.03203125
0 0.7015625 0.15703125 0.03671875 0.05546875
0 0.59921875 0.159375 0.03671875 0.05078125
0 0.15703125 0.1640625 0.028125 0.04140625
0 0.884375 0.16640625 0.04140625 0.05546875
0 0.821875 0.16875 0.04140625 0.06484375
0 0.1828125 0.17578125 0.03203125 0.05078125
0 0.32890625 0.18046875 0.03671875 0.05078125
0 0.3609375 0.02109375 0.03203125 0.04140625
0 0.98359375 0.23828125 0.03203125 0.06953125
0 0.46796875 0.02578125 0.03671875 0.05078125
0 0.51875 0.02578125 0.028125 0.05078125
0 0.5484375 0.240625 0.03671875 0.06015625
0 0.615625 0.25234375 0.03203125 0.05078125
0 0.5765625 0.26171875 0.03671875 0.05546875
0 0.05078125 0.26640625 0.03671875 0.05546875
0 0.009375 0.26640625 0.01875 0.06484375
0 0.09296875 0.2734375 0.03203125 0.05078125
0 0.634375 0.28046875 0.04140625 0.05078125
0 0.125 0.28671875 0.028125 0.04609375
0 0.15703125 0.28671875 0.03203125 0.04609375
0 0.37734375 0.29375 0.03671875 0.05078125
0 0.01171875 0.03046875 0.0234375 0.05546875
0 0.69921875 0.3125 0.04140625 0.06953125
0 0.76171875 0.31953125 0.04140625 0.06484375
0 0.79609375 0.32890625 0.03203125 0.06484375
0 0.43046875 0.340625 0.03203125 0.04609375
0 0.39375 0.3515625 0.028125 0.028125
0 0.8265625 0.3515625 0.04140625 0.06953125
0 0.0140625 0.35390625 0.028125 0.05078125
0 0.0484375 0.03671875 0.028125 0.04609375
0 0.71796875 0.0390625 0.04140625 0.06484375
0 0.465625 0.3890625 0.03671875 0.06484375
0 0.08359375 0.39140625 0.028125 0.04609375
0 0.11796875 0.39375 0.03671875 0.05546875
0 0.0390625 0.39375 0.04140625 0.05078125
0 0.53046875 0.39609375 0.03671875 0.03671875
0 0.3984375 0.39609375 0.04140625 0.05078125
0 0.93046875 0.39609375 0.03671875 0.06953125
0 0.5 0.3984375 0.04140625 0.06015625
0 0.9609375 0.40078125 0.04140625 0.07421875
0 0.9375 0.409375 0.03203125 0.06484375
0 0.571875 0.409375 0.03671875 0.04140625
0 0.15078125 0.41640625 0.03203125 0.05078125
0 0.23125 0.43515625 0.03671875 0.06484375
0 0.1921875 0.43515625 0.03671875 0.05546875
0 0.6015625 0.4375 0.03671875 0.06015625
0 0.98125 0.44453125 0.028125 0.06484375
0 0.534375 0.44453125 0.04140625 0.06484375
0 0.65703125 0.4515625 0.04140625 0.06953125
0 0.29609375 0.46953125 0.04140625 0.03671875
0 0.2640625 0.49296875 0.03203125 0.05546875
0 0.2984375 0.509375 0.03671875 0.06015625
0 0.346875 0.5140625 0.03203125 0.06015625
0 0.01640625 0.51875 0.0234375 0.06015625
0 0.7546875 0.053125 0.03203125 0.05078125
0 0.04375 0.528125 0.03203125 0.05078125
0 0.78671875 0.5390625 0.04609375 0.06015625
0 0.18046875 0.05546875 0.0234375 0.04140625
0 0.38203125 0.54140625 0.03671875 0.06015625
0 0.71796875 0.54375 0.04140625 0.06015625
0 0.50234375 0.5484375 0.03203125 0.028125
0 0.778125 0.56484375 0.05546875 0.07421875
0 0.1734375 0.58359375 0.03203125 0.06015625
0 0.49765625 0.58828125 0.028125 0.04140625
0 0.44921875 0.58828125 0.03203125 0.06015625
0 0.09453125 0.59453125 0.03203125 0.05546875
0 0.13671875 0.06015625 0.028125 0.04609375
0 0.2015625 0.0625 0.0234375 0.04609375
0 0.509375 0.615625 0.028125 0.04140625
0 0.15078125 0.61796875 0.03203125 0.06015625
0 0.74296875 0.634375 0.05546875 0.08828125
0 0.81015625 0.64140625 0.04140625 0.06484375
0 0.5390625 0.6640625 0.04140625 0.06015625
0 0.20625 0.66875 0.03203125 0.05546875
0 0.5578125 0.67109375 0.028125 0.05546875
0 0.240625 0.6828125 0.03671875 0.06484375
0 0.49296875 0.6828125 0.03671875 0.06015625
0 0.23359375 0.06953125 0.01875 0.04140625
0 0.2984375 0.69453125 0.028125 0.04609375
0 0.82421875 0.7015625 0.03671875 0.07421875
0 0.259375 0.071875 0.0234375 0.04609375
0 0.56953125 0.7109375 0.04140625 0.06953125
0 0.89140625 0.71796875 0.05078125 0.08828125
0 0.01171875 0.721875 0.0234375 0.05546875
0 0.615625 0.72421875 0.05078125 0.06484375
0 0.31015625 0.740625 0.03671875 0.06484375
0 0.07890625 0.75234375 0.03671875 0.06015625
0 0.028125 0.75703125 0.03671875 0.06015625
0 0.97890625 0.08125 0.03203125 0.08828125
0 0.553125 0.78203125 0.04140625 0.06484375
0 0.78203125 0.821875 0.05078125 0.08828125
0 0.06953125 0.8265625 0.04609375 0.06015625
0 0.3515625 0.83359375 0.04609375 0.06015625
0 0.03203125 0.840625 0.03671875 0.06484375
0 0.8984375 0.84296875 0.06953125 0.07890625
0 0.634375 0.84453125 0.04609375 0.06484375
0 0.375 0.846875 0.04140625 0.06484375
0 0.15078125 0.85859375 0.03671875 0.06484375
0 0.82421875 0.86328125 0.06015625 0.08828125
0 0.33125 0.90078125 0.04609375 0.07421875
0 0.9859375 0.91171875 0.01875 0.1296875
0 0.2734375 0.9234375 0.05078125 0.028125
0 0.28046875 0.09296875 0.028125 0.05078125
0 0.34453125 0.09296875 0.03203125 0.05546875
0 0.6203125 0.93515625 0.05546875 0.08828125
0 0.115625 0.93984375 0.03671875 0.07421875
0 0.85859375 0.94453125 0.06015625 0.09296875
0 0.16171875 0.946875 0.04609375 0.05546875
0 0.81484375 0.9609375 0.06484375 0.07421875
0 0.715625 0.96328125 0.06015625 0.06484375
0 0.48828125 0.96796875 0.03203125 0.06015625
0 0.27578125 0.971875 0.06484375 0.05078125
0 0.5390625 0.97421875 0.05078125 0.04140625
0 0.35625 0.98359375 0.04609375 0.028125
0 0.15078125 0.9859375 0.04609375 0.0234375
0 0.403125 0.09921875 0.03671875 0.06484375
0 0.5234375 0.10390625 0.04140625 0.06015625
0 0.48828125 0.1109375 0.03671875 0.04609375
0 0.25703125 0.01171875 0.0234375 0.0234375
0 0.40078125 0.0140625 0.028125 0.028125
0 0.4375 0.12265625 0.03203125 0.05078125
0 0.57890625 0.12734375 0.0234375 0.03671875
0 0.01640625 0.13671875 0.03203125 0.05078125
0 0.6734375 0.14609375 0.03203125 0.05078125
0 0.08125 0.14609375 0.028125 0.04140625
0 0.0671875 0.1484375 0.0140625 0.03671875