0 0.40546875 0.3125 0.028125 0.03203125
0 0.75 0.31484375 0.028125 0.03671875
0 0.54375 0.32421875 0.03671875 0.04609375
0 0.92578125 0.32890625 0.028125 0.03203125
0 0.33125 0.32890625 0.03671875 0.05078125
0 0.35859375 0.33125 0.03203125 0.04140625
0 0.490625 0.33359375 0.03203125 0.04609375
0 0.68515625 0.33359375 0.03671875 0.05078125
0 0.8890625 0.33359375 0.03671875 0.04140625
0 0.59296875 0.3359375 0.01875 0.028125
0 0.965625 0.3359375 0.028125 0.03671875
0 0.20859375 0.34296875 0.05078125 0.06484375
0 0.6640625 0.34296875 0.03203125 0.05078125
0 0.4421875 0.346875 0.04140625 0.06015625
0 0.80078125 0.346875 0.03203125 0.04609375
0 0.27109375 0.34921875 0.04609375 0.05546875
0 0.47890625 0.35390625 0.03671875 0.05078125
0 0.740625 0.35625 0.028125 0.04609375
0 0.6015625 0.36328125 0.03671875 0.05078125
0 0.365625 0.37265625 0.05078125 0.05546875
0 0.5140625 0.384375 0.05078125 0.06015625
0 0.778125 0.38671875 0.04140625 0.05546875
0 0.10859375 0.39609375 0.07421875 0.10625
0 0.9421875 0.40546875 0.05078125 0.05078125
0 0.40546875 0.446875 0.06953125 0.08359375