0 0.23359375 0.1875 0.06484375 0.09296875
0 0.1296875 0.1921875 0.05546875 0.08359375
0 0.33359375 0.2015625 0.06484375 0.1203125
0 0.6390625 0.20390625 0.05078125 0.1015625
0 0.71328125 0.24296875 0.05078125 0.096875
0 0.43046875 0.24296875 0.05546875 0.09296875
0 0.5671875 0.25234375 0.05546875 0.08828125
0 0.4953125 0.28671875 0.06015625 0.09296875
0 0.86328125 0.30546875 0.04609375 0.10625
0 0.803125 0.3125 0.06015625 0.1203125
0 0.8078125 0.5859375 0.06015625 0.09296875
0 0.6390625 0.59921875 0.05078125 0.1109375
0 0.53046875 0.6015625 0.06484375 0.1109375
0 0.428125 0.60859375 0.05078125 0.09296875
0 0.71796875 0.60859375 0.06953125 0.1015625
0 0.365625 0.6109375 0.06015625 0.10625
0 0.29609375 0.6203125 0.06484375 0.1109375