0 0.33125 0.028125 0.0234375 0.05078125
0 0.2078125 0.03203125 0.0375 0.0640625
0 0.43046875 0.03203125 0.028125 0.05546875
0 0.50703125 0.034375 0.03671875 0.05546875
0 0.37265625 0.03671875 0.04140625 0.06015625
0 0.571875 0.36328125 0.10625 0.18515625
0 0.48828125 0.3796875 0.06015625 0.16171875
0 0.409375 0.04140625 0.0234375 0.04609375
0 0.346875 0.04140625 0.028125 0.04140625
0 0.6921875 0.04375 0.028125 0.04140625
0 0.03671875 0.44453125 0.06953125 0.2265625
0 0.6296875 0.04375 0.0234375 0.03671875
0 0.26875 0.45859375 0.1296875 0.23125
0 0.7265625 0.04609375 0.04140625 0.06484375
0 0.8359375 0.06015625 0.04140625 0.06953125
0 0.54609375 0.06484375 0.04140625 0.06015625
0 0.86328125 0.06484375 0.05078125 0.06953125
0 0.8984375 0.0671875 0.05078125 0.06484375
0 0.78046875 0.06953125 0.05078125 0.06015625
0 0.01640625 0.06953125 0.03203125 0.08359375
0 0.6109375 0.07890625 0.03203125 0.06484375
0 0.659375 0.07890625 0.04140625 0.07421875
0 0.9515625 0.09296875 0.03203125 0.05546875
0 0.6828125 0.11328125 0.05078125 0.08828125
0 0.284375 0.115625 0.05078125 0.07890625
0 0.97421875 0.115625 0.04140625 0.08359375
0 0.08359375 0.115625 0.06015625 0.07890625
0 0.34921875 0.11796875 0.05078125 0.08828125
0 0.78046875 0.1296875 0.04140625 0.07890625
0 0.89375 0.134375 0.04140625 0.05546875
0 0.2015625 0.14140625 0.08828125 0.1015625
0 0.071875 0.1484375 0.06015625 0.1015625
0 0.71796875 0.159375 0.06015625 0.1015625
0 0.41171875 0.1640625 0.04609375 0.09296875
0 0.16640625 0.16640625 0.04140625 0.09296875
0 0.5484375 0.17578125 0.06015625 0.10625
0 0.01875 0.178125 0.03671875 0.096875
0 0.92109375 0.178125 0.06484375 0.06015625
0 0.28203125 0.0234375 0.028125 0.04609375
0 0.33359375 0.24765625 0.07890625 0.1015625
0 0.909375 0.25703125 0.06953125 0.1109375
0 0.125 0.028125 0.03203125 0.05078125
0 0.2453125 0.028125 0.03671875 0.05546875
0 0.16875 0.028125 0.03671875 0.05546875