0 0.0390625 0.68046875 0.07421875 0.17109375
0 0.11796875 0.6828125 0.1015625 0.17578125
0 0.35390625 0.7546875 0.134375 0.21328125
0 0.50703125 0.784375 0.096875 0.15703125
0 0.95625 0.91171875 0.07890625 0.16640625
0 0.8515625 0.10859375 0.08828125 0.17578125
0 0.69453125 0.1109375 0.1109375 0.16171875
0 0.965625 0.21953125 0.06015625 0.17109375
0 0.04140625 0.02578125 0.07421875 0.05078125
0 0.090625 0.30546875 0.08828125 0.16171875
0 0.4484375 0.034375 0.075 0.06875
0 0.259375 0.346875 0.096875 0.16640625
0 0.53203125 0.37734375 0.115625 0.16640625
0 0.68046875 0.42109375 0.08359375 0.15703125
0 0.20078125 0.04375 0.0796875 0.0875
0 0.3265625 0.04609375 0.07890625 0.08828125
0 0.77109375 0.47421875 0.07421875 0.1390625
0 0.6203125 0.05078125 0.08359375 0.1015625