0 0.60859375 0.78203125 0.09296875 0.1390625
0 0.16875 0.82890625 0.08359375 0.134375
0 0.34453125 0.9140625 0.07421875 0.17109375
0 0.41875 0.9421875 0.125 0.1109375
0 0.60625 0.94453125 0.10625 0.1109375
0 0.240625 0.97421875 0.09296875 0.05078125
0 0.20859375 0.321875 0.028125 0.03203125
0 0.2546875 0.32890625 0.0234375 0.04609375
0 0.69453125 0.33125 0.028125 0.0234375
0 0.528125 0.33125 0.01875 0.028125
0 0.3125 0.33125 0.0234375 0.028125
0 0.615625 0.33359375 0.03203125 0.03671875
0 0.91875 0.3359375 0.028125 0.03671875
0 0.8171875 0.3359375 0.028125 0.03671875
0 0.1484375 0.3359375 0.03203125 0.03671875
0 0.43984375 0.33828125 0.0234375 0.04609375
0 0.4859375 0.340625 0.0234375 0.03671875
0 0.27578125 0.340625 0.028125 0.03203125
0 0.509375 0.340625 0.0234375 0.04609375
0 0.3796875 0.34296875 0.0234375 0.0234375
0 0.36328125 0.346875 0.0234375 0.03203125
0 0.840625 0.346875 0.0234375 0.03203125
0 0.42109375 0.346875 0.01875 0.0234375
0 0.8609375 0.346875 0.01875 0.03671875
0 0.6484375 0.34921875 0.01875 0.03203125
0 0.88203125 0.34921875 0.028125 0.04140625
0 0.94453125 0.35390625 0.03203125 0.04609375
0 0.33359375 0.35390625 0.0234375 0.01875
0 0.71796875 0.35625 0.028125 0.04609375
0 0.79140625 0.35625 0.0234375 0.028125
0 0.56484375 0.35625 0.01875 0.05078125
0 0.67578125 0.35859375 0.01875 0.04140625
0 0.90703125 0.3609375 0.028125 0.04609375
0 0.10859375 0.36328125 0.028125 0.04609375
0 0.60859375 0.36328125 0.028125 0.0234375
0 0.3890625 0.36328125 0.028125 0.0234375
0 0.30546875 0.36328125 0.0234375 0.04140625
0 0.53671875 0.365625 0.028125 0.04609375
0 0.76640625 0.365625 0.028125 0.04609375
0 0.5859375 0.36796875 0.01875 0.04140625
0 0.6875 0.3703125 0.028125 0.04140625
0 0.284375 0.37265625 0.0234375 0.03203125
0 0.23359375 0.37265625 0.03203125 0.05078125
0 0.46953125 0.375 0.028125 0.04140625
0 0.1828125 0.37734375 0.01875 0.01875
0 0.20625 0.37734375 0.028125 0.03203125
0 0.965625 0.37734375 0.028125 0.05078125
0 0.4328125 0.3796875 0.0234375 0.028125
0 0.321875 0.38671875 0.0140625 0.03671875
0 0.16171875 0.3890625 0.028125 0.05078125
0 0.40703125 0.39140625 0.03203125 0.04140625
0 0.13671875 0.39375 0.03671875 0.05546875
0 0.8125 0.39609375 0.03203125 0.05078125
0 0.83828125 0.40078125 0.01875 0.04140625
0 0.340625 0.40078125 0.03203125 0.05546875
0 0.278125 0.40546875 0.028125 0.028125
0 0.7359375 0.40546875 0.01875 0.04140625
0 0.7109375 0.409375 0.01875 0.04140625
0 0.59296875 0.409375 0.0234375 0.05546875
0 0.09453125 0.409375 0.03203125 0.028125
0 0.18984375 0.41171875 0.01875 0.04140625
0 0.93515625 0.41171875 0.03671875 0.05546875
0 0.6484375 0.41640625 0.03671875 0.04609375
0 0.6203125 0.41875 0.03203125 0.06015625
0 0.38203125 0.42109375 0.0234375 0.05546875
0 0.52578125 0.4234375 0.04140625 0.06484375
0 0.759375 0.42578125 0.03203125 0.06484375
0 0.20859375 0.428125 0.03203125 0.05546875
0 0.01640625 0.43046875 0.03203125 0.06953125
0 0.4375 0.43515625 0.03203125 0.06484375
0 0.01171875 0.43984375 0.0234375 0.07421875
0 0.47890625 0.43984375 0.03671875 0.06484375
0 0.08125 0.446875 0.028125 0.05078125
0 0.40703125 0.44921875 0.04140625 0.05546875
0 0.60625 0.45390625 0.0234375 0.03671875
0 0.28671875 0.46796875 0.03671875 0.06953125
0 0.83125 0.4765625 0.03203125 0.05078125
0 0.72421875 0.48828125 0.05078125 0.04140625
0 0.11328125 0.4953125 0.05546875 0.07421875
0 0.59453125 0.49765625 0.04140625 0.06015625
0 0.40546875 0.5140625 0.04140625 0.06484375
0 0.44453125 0.51875 0.03671875 0.07890625
0 0.28671875 0.51875 0.03203125 0.0140625
0 0.05546875 0.52109375 0.04140625 0.06015625
0 0.75703125 0.528125 0.0234375 0.06015625
0 0.8171875 0.54140625 0.04140625 0.07890625
0 0.29140625 0.54375 0.06015625 0.028125
0 0.78046875 0.54609375 0.04140625 0.08359375
0 0.71328125 0.54609375 0.06484375 0.06484375
0 0.1734375 0.5625 0.05546875 0.06015625
0 0.14375 0.57890625 0.04140625 0.04140625
0 0.3796875 0.57890625 0.04140625 0.06484375
0 0.02109375 0.59296875 0.03671875 0.115625
0 0.54140625 0.60390625 0.04609375 0.08359375
0 0.340625 0.60859375 0.03671875 0.07421875
0 0.76640625 0.6109375 0.04609375 0.06953125
0 0.85390625 0.615625 0.06484375 0.09296875
0 0.60625 0.625 0.05546875 0.07890625
0 0.2890625 0.6296875 0.06484375 0.1015625
0 0.07890625 0.63671875 0.04140625 0.05078125
0 0.9765625 0.6484375 0.03671875 0.1484375
0 0.14609375 0.65703125 0.04140625 0.08828125
0 0.71328125 0.66875 0.06484375 0.1109375
0 0.375 0.70859375 0.08828125 0.115625