0 0.31953125 0.45625 0.04609375 0.08828125
0 0.23828125 0.46328125 0.05078125 0.1109375
0 0.403125 0.47421875 0.05546875 0.10625
0 0.490625 0.47421875 0.04609375 0.10625
0 0.57421875 0.4765625 0.04140625 0.08828125
0 0.7546875 0.49296875 0.04140625 0.09296875
0 0.64140625 0.52578125 0.06015625 0.1203125
0 0.1875 0.0578125 0.04609375 0.08828125
0 0.37265625 0.0671875 0.03671875 0.10625
0 0.10859375 0.0671875 0.04609375 0.10625
0 0.52578125 0.071875 0.03671875 0.1109375
0 0.49296875 0.090625 0.03671875 0.096875
0 0.259375 0.09296875 0.03671875 0.096875
0 0.41640625 0.11328125 0.04609375 0.10625
0 0.59921875 0.1203125 0.04609375 0.096875
0 0.73828125 0.125 0.04609375 0.1015625
0 0.678125 0.12734375 0.05078125 0.10625
0 0.346875 0.1296875 0.04609375 0.115625
0 0.465625 0.13203125 0.04140625 0.10625
0 0.83359375 0.14375 0.04140625 0.115625