0 0.9328125 0.22890625 0.0140625 0.01875
0 0.903125 0.2359375 0.009375 0.009375
0 0.88203125 0.23828125 0.0046875 0.009375
0 0.8703125 0.23828125 0.009375 0.0140625
0 0.89140625 0.23828125 0.009375 0.009375
0 0.96796875 0.240625 0.0140625 0.01875
0 0.9375 0.240625 0.009375 0.009375
0 0.9859375 0.24296875 0.01875 0.0140625
0 0.91875 0.2453125 0.0140625 0.01875
0 0.6828125 0.24765625 0.0046875 0.0046875
0 0.90546875 0.25 0.0140625 0.01875
0 0.64140625 0.2546875 0.0046875 0.0046875
0 0.5765625 0.2546875 0.0046875 0.0046875
0 0.625 0.25703125 0.0046875 0.0046875
0 0.634375 0.25703125 0.0046875 0.0046875
0 0.84296875 0.26171875 0.009375 0.0140625
0 0.7453125 0.26171875 0.009375 0.0140625
0 0.471875 0.26171875 0.0046875 0.009375
0 0.596875 0.26171875 0.009375 0.009375
0 0.46796875 0.2640625 0.0046875 0.0046875
0 0.5671875 0.2640625 0.0046875 0.0046875
0 0.54375 0.2640625 0.0046875 0.0046875
0 0.98125 0.2640625 0.028125 0.01875
0 0.53671875 0.2640625 0.0046875 0.0046875
0 0.68515625 0.2640625 0.009375 0.009375
0 0.57890625 0.26640625 0.009375 0.009375
0 0.91640625 0.26640625 0.01875 0.0234375
0 0.59296875 0.26640625 0.009375 0.009375
0 0.55078125 0.26875 0.0046875 0.0046875
0 0.5578125 0.26875 0.0046875 0.0046875
0 0.60625 0.26875 0.009375 0.009375
0 0.52109375 0.26875 0.0046875 0.0046875
0 0.57421875 0.27109375 0.0046875 0.0046875
0 0.79375 0.27109375 0.0140625 0.0234375
0 0.4765625 0.27109375 0.0046875 0.0046875
0 0.5671875 0.27109375 0.0046875 0.0046875
0 0.61328125 0.27109375 0.0046875 0.0046875
0 0.54375 0.27109375 0.0046875 0.0046875
0 0.66640625 0.27109375 0.009375 0.0140625
0 0.653125 0.27109375 0.009375 0.0140625
0 0.78046875 0.27109375 0.0140625 0.0234375
0 0.49296875 0.2734375 0.0046875 0.0046875
0 0.64609375 0.2734375 0.0140625 0.01875
0 0.81484375 0.2734375 0.01875 0.0234375
0 0.509375 0.2734375 0.0046875 0.009375
0 0.5625 0.2734375 0.0046875 0.009375
0 0.3515625 0.2734375 0.0046875 0.0046875
0 0.42578125 0.2734375 0.0046875 0.0046875
0 0.48359375 0.2734375 0.0046875 0.0046875
0 0.715625 0.2734375 0.0140625 0.01875
0 0.45859375 0.27578125 0.009375 0.0046875
0 0.49765625 0.27578125 0.009375 0.0140625
0 0.51640625 0.27578125 0.009375 0.0046875
0 0.68046875 0.27578125 0.0140625 0.0140625
0 0.46796875 0.27578125 0.0046875 0.009375
0 0.53671875 0.27578125 0.009375 0.0140625
0 0.7265625 0.27578125 0.009375 0.01875
0 0.62265625 0.27578125 0.009375 0.009375
0 0.42109375 0.27578125 0.0046875 0.0046875
0 0.759375 0.27578125 0.01875 0.03671875
0 0.3703125 0.278125 0.0046875 0.009375
0 0.596875 0.278125 0.009375 0.0140625
0 0.33828125 0.278125 0.0046875 0.0046875
0 0.6390625 0.278125 0.0140625 0.01875
0 0.33125 0.278125 0.0046875 0.0046875
0 0.6109375 0.278125 0.009375 0.0046875
0 0.4421875 0.28046875 0.009375 0.009375
0 0.44921875 0.28046875 0.009375 0.0046875
0 0.40703125 0.28046875 0.0046875 0.0046875
0 0.303125 0.28046875 0.009375 0.0046875
0 0.571875 0.28203125 0.009375 0.0140625
0 0.58359375 0.28203125 0.009375 0.0046875
0 0.3984375 0.28203125 0.009375 0.0046875
0 0.528125 0.28203125 0.009375 0.01875
0 0.553125 0.284375 0.0140625 0.01875
0 0.3125 0.284375 0.0046875 0.0046875
0 0.45859375 0.284375 0.009375 0.009375
0 0.84921875 0.28671875 0.0234375 0.04140625
0 0.625 0.28671875 0.009375 0.009375
0 0.69453125 0.28671875 0.0140625 0.0140625
0 0.4765625 0.28671875 0.009375 0.0140625
0 0.5046875 0.28671875 0.009375 0.009375
0 0.46953125 0.28671875 0.0046875 0.009375
0 0.9140625 0.28671875 0.03203125 0.03203125
0 0.38671875 0.28671875 0.0046875 0.009375
0 0.43984375 0.2890625 0.009375 0.009375
0 0.54375 0.2890625 0.009375 0.009375
0 0.403125 0.2890625 0.009375 0.009375
0 0.73828125 0.2890625 0.009375 0.0140625
0 0.490625 0.2890625 0.0140625 0.01875
0 0.4515625 0.29140625 0.0140625 0.01875
0 0.23125 0.29140625 0.009375 0.009375
0 0.7109375 0.29140625 0.01875 0.0234375
0 0.77578125 0.29140625 0.0140625 0.01875
0 0.25 0.29140625 0.009375 0.009375
0 0.66640625 0.29140625 0.028125 0.01875
0 0.37265625 0.29140625 0.009375 0.009375
0 0.428125 0.29140625 0.0140625 0.0234375
0 0.21328125 0.29140625 0.009375 0.0046875
0 0.52109375 0.29140625 0.0140625 0.0234375
0 0.68515625 0.29140625 0.009375 0.009375
0 0.98359375 0.29375 0.0234375 0.04140625
0 0.28671875 0.29375 0.009375 0.009375
0 0.3796875 0.29375 0.0140625 0.009375
0 0.36796875 0.29375 0.0046875 0.0046875
0 0.59296875 0.29375 0.009375 0.009375
0 0.31015625 0.29609375 0.0046875 0.009375
0 0.41640625 0.29609375 0.009375 0.01875
0 0.83125 0.2984375 0.0140625 0.0234375
0 0.34921875 0.2984375 0.0140625 0.0234375
0 0.40078125 0.2984375 0.009375 0.009375
0 0.9609375 0.2984375 0.03671875 0.03671875
0 0.35859375 0.2984375 0.0046875 0.009375
0 0.46796875 0.30078125 0.009375 0.0140625
0 0.384375 0.30078125 0.0140625 0.01875
0 0.20859375 0.30078125 0.009375 0.0140625
0 0.87265625 0.30078125 0.028125 0.04609375
0 0.33359375 0.30078125 0.009375 0.01875
0 0.21953125 0.303125 0.0140625 0.01875
0 0.39609375 0.303125 0.009375 0.01875
0 0.6109375 0.303125 0.03203125 0.028125
0 0.30078125 0.30546875 0.009375 0.01875
0 0.31953125 0.30546875 0.0140625 0.01875
0 0.27578125 0.3078125 0.0140625 0.0140625
0 0.54609375 0.3078125 0.0140625 0.01875
0 0.5671875 0.3078125 0.01875 0.0234375
0 0.8125 0.31015625 0.028125 0.03671875
0 0.6875 0.31015625 0.0234375 0.0234375
0 0.28671875 0.3125 0.0140625 0.01875
0 0.38203125 0.3125 0.0140625 0.0046875
0 0.57890625 0.31484375 0.01875 0.03671875
0 0.21328125 0.31484375 0.0140625 0.0140625
0 0.528125 0.3171875 0.01875 0.0234375
0 0.2265625 0.321875 0.0140625 0.01875
0 0.44453125 0.321875 0.01875 0.03203125
0 0.5046875 0.321875 0.0234375 0.03671875
0 0.79140625 0.321875 0.03203125 0.04140625
0 0.3515625 0.321875 0.0140625 0.0234375
0 0.48828125 0.32421875 0.01875 0.01875
0 0.45625 0.3265625 0.0140625 0.028125
0 0.65703125 0.3265625 0.03203125 0.04609375
0 0.25234375 0.32890625 0.0046875 0.009375
0 0.74296875 0.32890625 0.03203125 0.05546875
0 0.08828125 0.33359375 0.01875 0.0234375
0 0.46953125 0.33359375 0.01875 0.0234375
0 0.39609375 0.33359375 0.0234375 0.03203125
0 0.37734375 0.3359375 0.0234375 0.03203125
0 0.95859375 0.33828125 0.03671875 0.05546875
0 0.10625 0.340625 0.0234375 0.0234375
0 0.278125 0.340625 0.0234375 0.028125
0 0.21328125 0.34296875 0.0140625 0.01875
0 0.1921875 0.3515625 0.03203125 0.05078125
0 0.25234375 0.3515625 0.0234375 0.0234375
0 0.4953125 0.3515625 0.028125 0.03203125
0 0.15078125 0.35390625 0.04609375 0.03671875
0 0.70625 0.35859375 0.04140625 0.06484375
0 0.009375 0.3609375 0.01875 0.01875
0 0.22890625 0.3609375 0.028125 0.03671875
0 0.62734375 0.37734375 0.06484375 0.07890625
0 0.04375 0.3796875 0.028125 0.04609375
0 0.32890625 0.3796875 0.0234375 0.03671875
0 0.41640625 0.38203125 0.03203125 0.04609375
0 0.303125 0.39140625 0.0234375 0.03671875
0 0.0140625 0.39140625 0.028125 0.05078125
0 0.1203125 0.39609375 0.06015625 0.06953125
0 0.7546875 0.403125 0.04140625 0.06015625
0 0.178125 0.4140625 0.06484375 0.05546875
0 0.471875 0.4140625 0.04140625 0.07890625
0 0.1015625 0.446875 0.05546875 0.06484375
0 0.35625 0.45859375 0.04609375 0.07421875
0 0.98359375 0.46328125 0.03203125 0.1203125
0 0.8125 0.50234375 0.06953125 0.1203125
0 0.178125 0.53046875 0.09296875 0.134375
0 0.02578125 0.590625 0.05078125 0.14375
0 0.05546875 0.83828125 0.1109375 0.1296875