0 0.57890625 0.01640625 0.028125 0.0234375
0 0.1734375 0.1484375 0.01875 0.03671875
0 0.71328125 0.1484375 0.028125 0.01875
0 0.65703125 0.1484375 0.028125 0.028125
0 0.98828125 0.15546875 0.0140625 0.04140625
0 0.11796875 0.15546875 0.01875 0.04140625
0 0.3796875 0.01640625 0.01875 0.0234375
0 0.50703125 0.01640625 0.01875 0.0234375
0 0.528125 0.1640625 0.028125 0.04609375
0 0.58125 0.1640625 0.028125 0.04609375
0 0.721875 0.16640625 0.0234375 0.03671875
0 0.06015625 0.16875 0.028125 0.03671875
0 0.60390625 0.17109375 0.01875 0.03671875
0 0.64375 0.178125 0.028125 0.04140625
0 0.17578125 0.1828125 0.028125 0.03203125
0 0.19921875 0.1828125 0.0140625 0.04140625
0 0.08359375 0.1828125 0.0140625 0.04140625
0 0.3515625 0.02109375 0.01875 0.03203125
0 0.21796875 0.19453125 0.03203125 0.03203125
0 0.7453125 0.2015625 0.0234375 0.04140625
0 0.865625 0.2015625 0.0234375 0.028125
0 0.096875 0.20390625 0.0234375 0.04140625
0 0.84296875 0.2109375 0.028125 0.01875
0 0.26875 0.21796875 0.0234375 0.04140625
0 0.98125 0.2265625 0.0234375 0.05078125
0 0.365625 0.2265625 0.0140625 0.028125
0 0.13203125 0.23125 0.01875 0.04609375
0 0.04140625 0.23359375 0.028125 0.05078125
0 0.77578125 0.2359375 0.028125 0.04609375
0 0.42578125 0.23828125 0.03203125 0.03671875
0 0.22890625 0.240625 0.03671875 0.05078125
0 0.1484375 0.240625 0.03671875 0.05546875
0 0.85390625 0.24296875 0.028125 0.04140625
0 0.375 0.2546875 0.03203125 0.04140625
0 0.34453125 0.25703125 0.0234375 0.05546875
0 0.7265625 0.02578125 0.01875 0.03203125
0 0.528125 0.27109375 0.03671875 0.0234375
0 0.64375 0.028125 0.01875 0.03671875
0 0.3078125 0.29140625 0.03203125 0.0234375
0 0.4765625 0.29140625 0.01875 0.028125
0 0.51875 0.30078125 0.04140625 0.05078125
0 0.2890625 0.3078125 0.03671875 0.01875
0 0.4859375 0.3265625 0.0234375 0.05546875
0 0.471875 0.32890625 0.01875 0.03203125
0 0.34296875 0.32890625 0.03671875 0.03671875
0 0.2359375 0.33125 0.028125 0.0234375
0 0.28203125 0.3359375 0.01875 0.03671875
0 0.53671875 0.3515625 0.03203125 0.05546875
0 0.303125 0.35390625 0.03203125 0.05546875
0 0.25 0.37734375 0.028125 0.03671875
0 0.346875 0.38203125 0.03203125 0.04609375
0 0.99296875 0.384375 0.0140625 0.05078125
0 0.41875 0.3890625 0.028125 0.04609375
0 0.86796875 0.0390625 0.0234375 0.028125
0 0.66640625 0.403125 0.01875 0.04609375
0 0.8125 0.409375 0.028125 0.05078125
0 0.034375 0.41640625 0.03671875 0.06484375
0 0.94921875 0.41875 0.03203125 0.06953125
0 0.56015625 0.42109375 0.028125 0.05078125
0 0.22421875 0.428125 0.028125 0.04140625
0 0.72421875 0.428125 0.03671875 0.05078125
0 0.63671875 0.45390625 0.03203125 0.04609375
0 0.115625 0.4765625 0.03671875 0.009375
0 0.48125 0.50703125 0.03203125 0.06484375
0 0.340625 0.51171875 0.03203125 0.06015625
0 0.95859375 0.51875 0.028125 0.05078125
0 0.14140625 0.52578125 0.03203125 0.06484375
0 0.10859375 0.5390625 0.03203125 0.06015625
0 0.32421875 0.0578125 0.0234375 0.04140625
0 0.384375 0.571875 0.03671875 0.05078125
0 0.1640625 0.5765625 0.01875 0.04609375
0 0.93046875 0.57890625 0.05078125 0.08359375
0 0.20390625 0.58125 0.04140625 0.06953125
0 0.31015625 0.06015625 0.0234375 0.04140625
0 0.31484375 0.58828125 0.03203125 0.05078125
0 0.659375 0.59453125 0.05078125 0.05078125
0 0.990625 0.6015625 0.0140625 0.08359375
0 0.67578125 0.66875 0.06015625 0.07421875
0 0.81484375 0.6875 0.05078125 0.08359375
0 0.74296875 0.06953125 0.0234375 0.03671875
0 0.4375 0.7015625 0.06484375 0.1015625
0 0.52578125 0.00703125 0.0140625 0.0140625
0 0.48125 0.00703125 0.009375 0.009375
0 0.86796875 0.74296875 0.01875 0.0140625
0 0.81953125 0.07890625 0.028125 0.03203125
0 0.85390625 0.79140625 0.05078125 0.08828125
0 0.30546875 0.81015625 0.05546875 0.08828125
0 0.428125 0.009375 0.01875 0.0140625
0 0.028125 0.9140625 0.05078125 0.09296875
0 0.446875 0.01171875 0.0140625 0.0234375
0 0.46328125 0.01171875 0.01875 0.0234375
0 0.83828125 0.01171875 0.01875 0.0140625
0 0.45859375 0.10625 0.0234375 0.03671875
0 0.23125 0.10859375 0.0234375 0.03671875
0 0.6875 0.11328125 0.028125 0.03203125
0 0.79140625 0.11328125 0.0234375 0.04140625
0 0.1734375 0.11796875 0.03203125 0.04140625
0 0.33125 0.12734375 0.0234375 0.04140625
0 0.67109375 0.0140625 0.01875 0.0234375
0 0.615625 0.13671875 0.01875 0.04140625