0 0.5578125 0.10390625 0.0140625 0.01875
0 0.5859375 0.10625 0.01875 0.0234375
0 0.6109375 0.10625 0.0140625 0.01875
0 0.56953125 0.10625 0.0140625 0.028125
0 0.7265625 0.10625 0.0140625 0.0234375
0 0.50234375 0.1109375 0.01875 0.0234375
0 0.53671875 0.1109375 0.0140625 0.0234375
0 0.9140625 0.11328125 0.0234375 0.028125
0 0.7640625 0.11328125 0.01875 0.0234375
0 0.84921875 0.115625 0.0234375 0.0234375
0 0.87265625 0.11796875 0.0140625 0.01875
0 0.678125 0.11796875 0.01875 0.0234375
0 0.58125 0.1203125 0.01875 0.01875
0 0.61796875 0.12265625 0.0140625 0.01875
0 0.696875 0.12265625 0.01875 0.0234375
0 0.5484375 0.12265625 0.01875 0.0234375
0 0.65546875 0.125 0.01875 0.01875
0 0.8796875 0.13203125 0.01875 0.0234375
0 0.5 0.134375 0.0140625 0.0234375
0 0.784375 0.13671875 0.0234375 0.028125
0 0.65703125 0.14140625 0.0234375 0.0234375
0 0.846875 0.14140625 0.0234375 0.01875
0 0.51640625 0.14140625 0.01875 0.028125
0 0.615625 0.14375 0.01875 0.0234375
0 0.7453125 0.14609375 0.01875 0.028125
0 0.94921875 0.14609375 0.01875 0.01875
0 0.471875 0.1484375 0.01875 0.01875
0 0.7015625 0.1484375 0.01875 0.0234375
0 0.5578125 0.15078125 0.01875 0.028125
0 0.77578125 0.16171875 0.01875 0.0234375
0 0.89609375 0.16640625 0.01875 0.0234375
0 0.9140625 0.16640625 0.01875 0.0234375
0 0.965625 0.16875 0.01875 0.028125
0 0.5046875 0.1734375 0.01875 0.03203125
0 0.82421875 0.17578125 0.0234375 0.0234375
0 0.8515625 0.178125 0.01875 0.028125
0 0.47421875 0.178125 0.0140625 0.01875
0 0.946875 0.18046875 0.01875 0.028125
0 0.80546875 0.18515625 0.01875 0.01875
0 0.590625 0.18515625 0.01875 0.0234375
0 0.98125 0.1875 0.01875 0.028125
0 0.65078125 0.18984375 0.0234375 0.03203125
0 0.46953125 0.19453125 0.01875 0.028125
0 0.875 0.19921875 0.01875 0.0234375
0 0.60625 0.20390625 0.0234375 0.028125
0 0.45625 0.2109375 0.0234375 0.03203125
0 0.740625 0.21328125 0.01875 0.03203125
0 0.8078125 0.221875 0.0234375 0.0234375
0 0.7109375 0.221875 0.01875 0.028125
0 0.5484375 0.22421875 0.0234375 0.03203125
0 0.48359375 0.22421875 0.01875 0.03203125
0 0.96953125 0.22890625 0.0234375 0.03203125
0 0.903125 0.23125 0.0234375 0.03203125
0 0.59296875 0.240625 0.028125 0.03203125
0 0.7984375 0.259375 0.01875 0.0234375
0 0.85625 0.26171875 0.0140625 0.0234375
0 0.4421875 0.27109375 0.0234375 0.03671875
0 0.84921875 0.27578125 0.01875 0.0234375
0 0.71953125 0.27578125 0.03203125 0.04140625
0 0.946875 0.28046875 0.028125 0.03203125
0 0.8359375 0.28046875 0.0234375 0.03203125
0 0.87734375 0.28046875 0.028125 0.028125
0 0.2984375 0.284375 0.0046875 0.0046875
0 0.3125 0.28671875 0.0046875 0.0046875
0 0.259375 0.28671875 0.03203125 0.04609375
0 0.303125 0.2890625 0.0046875 0.0046875
0 0.01171875 0.29375 0.0234375 0.04140625
0 0.1640625 0.29375 0.028125 0.04609375
0 0.39609375 0.29375 0.04140625 0.05546875
0 0.20390625 0.29609375 0.0046875 0.01875
0 0.08125 0.29609375 0.0140625 0.0140625
0 0.13203125 0.2984375 0.05078125 0.07890625
0 0.29609375 0.2984375 0.0046875 0.0046875
0 0.346875 0.30078125 0.028125 0.03671875
0 0.096875 0.30078125 0.01875 0.01875
0 0.3703125 0.30078125 0.009375 0.009375
0 0.35625 0.30078125 0.0046875 0.009375
0 0.5625 0.30078125 0.03203125 0.03671875
0 0.034375 0.303125 0.028125 0.04609375
0 0.303125 0.303125 0.0046875 0.0046875
0 0.31015625 0.303125 0.0046875 0.0046875
0 0.32421875 0.303125 0.0046875 0.009375
0 0.0859375 0.30546875 0.0140625 0.0234375
0 0.24765625 0.3078125 0.0046875 0.009375
0 0.3125 0.3078125 0.0046875 0.009375
0 0.64375 0.3078125 0.05546875 0.06015625
0 0.43046875 0.31015625 0.0234375 0.03671875
0 0.8125 0.31015625 0.04609375 0.06484375
0 0.1875 0.31015625 0.028125 0.04140625
0 0.21953125 0.31484375 0.028125 0.04609375
0 0.95859375 0.3171875 0.028125 0.03671875
0 0.071875 0.321875 0.03203125 0.03671875
0 0.465625 0.3265625 0.03203125 0.04140625
0 0.91171875 0.33359375 0.028125 0.03203125
0 0.65078125 0.0765625 0.01875 0.0234375
0 0.4609375 0.08125 0.01875 0.028125
0 0.80078125 0.08125 0.0140625 0.009375
0 0.48828125 0.08359375 0.01875 0.028125
0 0.55078125 0.0859375 0.0140625 0.0140625
0 0.4765625 0.08828125 0.01875 0.028125
0 0.759375 0.08828125 0.0140625 0.01875
0 0.590625 0.08828125 0.0140625 0.01875
0 0.83125 0.08828125 0.0140625 0.0234375
0 0.56953125 0.08828125 0.0140625 0.0140625
0 0.60390625 0.090625 0.0140625 0.009375
0 0.7453125 0.090625 0.0140625 0.0234375
0 0.7734375 0.090625 0.009375 0.0140625
0 0.903125 0.090625 0.0140625 0.01875
0 0.50703125 0.09296875 0.0140625 0.0234375
0 0.64375 0.09296875 0.01875 0.028125
0 0.65703125 0.09296875 0.0140625 0.0234375
0 0.54140625 0.09296875 0.0140625 0.0234375
0 0.85859375 0.096875 0.0140625 0.01875
0 0.81953125 0.096875 0.009375 0.01875
0 0.634375 0.096875 0.0140625 0.0140625
0 0.71328125 0.096875 0.01875 0.01875
0 0.62265625 0.09921875 0.0140625 0.0234375
0 0.81015625 0.09921875 0.0140625 0.01875
0 0.803125 0.1015625 0.0140625 0.01875
0 0.6921875 0.1015625 0.0140625 0.01875
0 0.778125 0.1015625 0.0140625 0.0140625
0 0.52109375 0.1015625 0.01875 0.0234375
0 0.59921875 0.1015625 0.009375 0.0234375
0 0.76875 0.1015625 0.01875 0.0234375
0 0.875 0.10390625 0.0140625 0.0234375