0 0.35859375 0.11796875 0.0140625 0.028125
0 0.909375 0.1203125 0.028125 0.04140625
0 0.40078125 0.1203125 0.0140625 0.0234375
0 0.534375 0.1203125 0.0140625 0.0140625
0 0.64609375 0.12265625 0.0140625 0.0234375
0 0.9328125 0.12265625 0.0234375 0.03203125
0 0.83125 0.12265625 0.0234375 0.03671875
0 0.9609375 0.125 0.009375 0.0140625
0 0.696875 0.125 0.0140625 0.01875
0 0.25703125 0.125 0.01875 0.0234375
0 0.1734375 0.12734375 0.009375 0.009375
0 0.2359375 0.12734375 0.0140625 0.01875
0 0.196875 0.1296875 0.01875 0.028125
0 0.27578125 0.13203125 0.0140625 0.01875
0 0.31484375 0.13203125 0.0140625 0.028125
0 0.30078125 0.13203125 0.0140625 0.0234375
0 0.375 0.13203125 0.0140625 0.0234375
0 0.85390625 0.134375 0.028125 0.028125
0 0.9765625 0.134375 0.0234375 0.028125
0 0.2890625 0.134375 0.0140625 0.0140625
0 0.32421875 0.1390625 0.0140625 0.01875
0 0.5671875 0.14140625 0.028125 0.028125
0 0.70859375 0.14140625 0.01875 0.03671875
0 0.54140625 0.14375 0.009375 0.0140625
0 0.7734375 0.14375 0.028125 0.04609375
0 0.93984375 0.14609375 0.01875 0.028125
0 0.55078125 0.14609375 0.01875 0.01875
0 0.18515625 0.15078125 0.01875 0.028125
0 0.196875 0.153125 0.01875 0.0234375
0 0.50234375 0.153125 0.01875 0.0234375
0 0.29375 0.15546875 0.01875 0.0234375
0 0.68515625 0.15703125 0.01875 0.03203125
0 0.928125 0.15703125 0.01875 0.028125
0 0.634375 0.16640625 0.0234375 0.04140625
0 0.99296875 0.16875 0.009375 0.028125
0 0.86796875 0.17578125 0.028125 0.03203125
0 0.24296875 0.178125 0.04609375 0.06953125
0 0.3703125 0.178125 0.028125 0.04140625
0 0.54375 0.178125 0.028125 0.03671875
0 0.3359375 0.18046875 0.0234375 0.03671875
0 0.45859375 0.1828125 0.0234375 0.04140625
0 0.490625 0.1828125 0.0234375 0.03671875
0 0.68046875 0.18984375 0.028125 0.05078125
0 0.178125 0.18984375 0.0234375 0.028125
0 0.40078125 0.19453125 0.04140625 0.05078125
0 0.803125 0.20390625 0.028125 0.04140625
0 0.6484375 0.20625 0.03671875 0.06015625
0 0.98828125 0.2109375 0.01875 0.05546875
0 0.215625 0.2109375 0.03203125 0.05078125
0 0.08125 0.21328125 0.06015625 0.09296875
0 0.571875 0.21328125 0.04140625 0.07890625
0 0.875 0.25703125 0.06015625 0.1015625
0 0.92578125 0.25703125 0.03203125 0.05078125
0 0.009375 0.2734375 0.01875 0.06484375
0 0.31484375 0.29140625 0.0234375 0.03203125
0 0.81015625 0.3265625 0.05546875 0.096875
0 0.9234375 0.36796875 0.04140625 0.06484375
0 0.625 0.54140625 0.05078125 0.07421875
0 0.4421875 0.06484375 0.009375 0.009375
0 0.41171875 0.06953125 0.009375 0.009375
0 0.19453125 0.0765625 0.009375 0.009375
0 0.30546875 0.0765625 0.009375 0.009375
0 0.20625 0.07890625 0.0140625 0.0140625
0 0.61328125 0.07890625 0.0140625 0.0140625
0 0.40703125 0.08125 0.009375 0.0140625
0 0.840625 0.08125 0.009375 0.0140625
0 0.215625 0.08125 0.009375 0.0140625
0 0.42578125 0.08125 0.009375 0.0140625
0 0.36796875 0.08359375 0.009375 0.0140625
0 0.41640625 0.08359375 0.0046875 0.0140625
0 0.45625 0.08359375 0.0046875 0.0140625
0 0.5859375 0.0859375 0.0140625 0.0234375
0 0.178125 0.0859375 0.0140625 0.0140625
0 0.96328125 0.08828125 0.01875 0.028125
0 0.6296875 0.08828125 0.009375 0.0140625
0 0.240625 0.08828125 0.0140625 0.0234375
0 0.40078125 0.08828125 0.009375 0.0140625
0 0.18984375 0.090625 0.009375 0.0234375
0 0.3890625 0.09296875 0.0140625 0.01875
0 0.471875 0.09296875 0.009375 0.0140625
0 0.23125 0.09296875 0.009375 0.0140625
0 0.9140625 0.09453125 0.0234375 0.03203125
0 0.53671875 0.096875 0.0140625 0.0140625
0 0.49296875 0.096875 0.009375 0.01875
0 0.84921875 0.09921875 0.0140625 0.01875
0 0.784375 0.09921875 0.0140625 0.01875
0 0.8796875 0.09921875 0.0234375 0.028125
0 0.81953125 0.1015625 0.0140625 0.0140625
0 0.17578125 0.1015625 0.0140625 0.0140625
0 0.5765625 0.1015625 0.0140625 0.0234375
0 0.48828125 0.1015625 0.0140625 0.01875
0 0.54609375 0.1015625 0.0140625 0.0234375
0 0.2015625 0.10390625 0.0046875 0.0140625
0 0.24765625 0.10390625 0.0140625 0.0140625
0 0.45859375 0.10625 0.009375 0.01875
0 0.7359375 0.10625 0.0140625 0.0234375
0 0.75703125 0.10859375 0.0140625 0.0234375
0 0.63203125 0.10859375 0.01875 0.0234375
0 0.52109375 0.1109375 0.0140625 0.0234375
0 0.42578125 0.1109375 0.01875 0.028125
0 0.66875 0.11328125 0.0140625 0.028125
0 0.71796875 0.11328125 0.0140625 0.0234375
0 0.65546875 0.11328125 0.0140625 0.0234375
0 0.21953125 0.115625 0.0234375 0.028125
0 0.471875 0.115625 0.009375 0.01875
0 0.34296875 0.115625 0.0046875 0.0140625