0 0.96796875 0.028125 0.03203125 0.05546875
0 0.88671875 0.03046875 0.04140625 0.06015625
0 0.946875 0.2734375 0.05078125 0.07890625
0 0.56953125 0.27578125 0.06015625 0.07421875
0 0.76875 0.28203125 0.05078125 0.08828125
0 0.03046875 0.28203125 0.05546875 0.07421875
0 0.86328125 0.29609375 0.05546875 0.06953125
0 0.0140625 0.03046875 0.0234375 0.05078125
0 0.42109375 0.31015625 0.05078125 0.07890625
0 0.3078125 0.3171875 0.06015625 0.07421875
0 0.68046875 0.3171875 0.05546875 0.09296875
0 0.20859375 0.3171875 0.05078125 0.07421875
0 0.1203125 0.3609375 0.05078125 0.07890625
0 0.528125 0.36328125 0.05546875 0.06015625
0 0.5234375 0.0390625 0.04140625 0.06015625
0 0.79375 0.39375 0.05546875 0.07890625
0 0.2890625 0.409375 0.05078125 0.07421875
0 0.9140625 0.41640625 0.06015625 0.09296875
0 0.4234375 0.4375 0.06015625 0.096875
0 0.19453125 0.44921875 0.06484375 0.07890625
0 0.63203125 0.44921875 0.06484375 0.09296875
0 0.03203125 0.46875 0.0640625 0.078125
0 0.73359375 0.4859375 0.04609375 0.07421875
0 0.98828125 0.48828125 0.0234375 0.07421875
0 0.090625 0.51875 0.06015625 0.09296875
0 0.54609375 0.528125 0.05078125 0.07421875
0 0.8359375 0.05546875 0.03671875 0.07890625
0 0.20859375 0.55078125 0.06484375 0.07890625
0 0.44921875 0.58359375 0.05546875 0.07421875
0 0.71328125 0.5859375 0.05546875 0.07890625
0 0.321875 0.590625 0.06953125 0.08359375
0 0.43046875 0.06015625 0.04609375 0.07890625
0 0.8890625 0.60390625 0.04609375 0.06484375
0 0.1015625 0.0671875 0.05078125 0.06953125
0 0.61796875 0.715625 0.06953125 0.08359375
0 0.80078125 0.72890625 0.06484375 0.07890625
0 0.23125 0.07421875 0.04140625 0.06484375
0 0.375 0.75703125 0.06015625 0.08359375
0 0.51171875 0.7640625 0.06015625 0.07890625
0 0.73359375 0.0765625 0.04140625 0.06015625
0 0.24765625 0.76875 0.06015625 0.08828125
0 0.94921875 0.78671875 0.07421875 0.08828125
0 0.1109375 0.79375 0.06484375 0.08828125
0 0.57890625 0.08359375 0.04140625 0.07421875
0 0.73828125 0.84453125 0.06015625 0.06953125
0 0.01640625 0.09453125 0.03203125 0.07421875
0 0.72421875 0.0140625 0.04140625 0.028125
0 0.8265625 0.11328125 0.04609375 0.05078125
0 0.91171875 0.11328125 0.05546875 0.06953125
0 0.471875 0.11796875 0.05546875 0.09296875
0 0.33359375 0.1203125 0.04609375 0.08828125
0 0.1296875 0.125 0.05546875 0.07421875
0 0.68046875 0.125 0.04140625 0.05546875
0 0.23828125 0.15546875 0.05546875 0.09296875
0 0.76171875 0.15703125 0.05078125 0.06484375
0 0.25 0.01640625 0.03203125 0.03203125
0 0.846875 0.17578125 0.05546875 0.07890625
0 0.56484375 0.18046875 0.04609375 0.07421875
0 0.39375 0.1828125 0.04609375 0.06484375
0 0.94453125 0.18515625 0.05078125 0.06953125
0 0.68984375 0.18984375 0.05546875 0.06953125
0 0.05546875 0.20625 0.05546875 0.07890625
0 0.13671875 0.2109375 0.05546875 0.07890625
0 0.303125 0.21328125 0.05078125 0.07421875
0 0.471875 0.21328125 0.04140625 0.06484375
0 0.3609375 0.0234375 0.04609375 0.04609375
0 0.6640625 0.02578125 0.05078125 0.05078125