0 0.053125 0.10625 0.0234375 0.03203125
0 0.1875 0.11328125 0.0234375 0.0234375
0 0.03671875 0.11328125 0.01875 0.0234375
0 0.09453125 0.1203125 0.0234375 0.028125
0 0.28671875 0.12265625 0.0234375 0.03671875
0 0.1390625 0.12265625 0.03203125 0.04140625
0 0.26640625 0.12265625 0.01875 0.0234375
0 0.61328125 0.12265625 0.0234375 0.0234375
0 0.43984375 0.125 0.01875 0.01875
0 0.03203125 0.12734375 0.01875 0.01875
0 0.321875 0.12734375 0.0234375 0.028125
0 0.55078125 0.1296875 0.028125 0.04140625
0 0.69921875 0.13203125 0.01875 0.01875
0 0.1640625 0.13203125 0.028125 0.03203125
0 0.64609375 0.134375 0.01875 0.03203125
0 0.18515625 0.134375 0.01875 0.04140625
0 0.3078125 0.134375 0.0234375 0.03203125
0 0.58125 0.134375 0.01875 0.028125
0 0.20625 0.13671875 0.0234375 0.03671875
0 0.490625 0.13671875 0.01875 0.03203125
0 0.04375 0.1390625 0.0140625 0.01875
0 0.75 0.1390625 0.0140625 0.0234375
0 0.24296875 0.14140625 0.028125 0.04140625
0 0.67578125 0.14140625 0.0140625 0.0234375
0 0.53203125 0.14140625 0.0140625 0.01875
0 0.57421875 0.14140625 0.01875 0.01875
0 0.009375 0.14375 0.01875 0.04609375
0 0.509375 0.14375 0.0234375 0.028125
0 0.41875 0.14609375 0.01875 0.03203125
0 0.31953125 0.14609375 0.01875 0.03203125
0 0.34296875 0.14609375 0.01875 0.0140625
0 0.0765625 0.14609375 0.01875 0.03203125
0 0.90703125 0.1484375 0.01875 0.028125
0 0.96328125 0.1484375 0.01875 0.03203125
0 0.471875 0.1484375 0.0234375 0.03671875
0 0.05546875 0.15078125 0.0234375 0.028125
0 0.4421875 0.15078125 0.028125 0.04140625
0 0.25703125 0.15078125 0.0234375 0.028125
0 0.846875 0.15078125 0.01875 0.028125
0 0.66171875 0.15078125 0.01875 0.03671875
0 0.028125 0.15078125 0.0234375 0.03203125
0 0.8359375 0.153125 0.01875 0.0234375
0 0.70625 0.153125 0.0140625 0.028125
0 0.80546875 0.153125 0.0234375 0.03203125
0 0.35859375 0.153125 0.0234375 0.03203125
0 0.73828125 0.153125 0.0234375 0.03203125
0 0.38671875 0.153125 0.0234375 0.03203125
0 0.634375 0.153125 0.028125 0.04140625
0 0.10390625 0.15546875 0.028125 0.03671875
0 0.60390625 0.15546875 0.028125 0.04140625
0 0.8609375 0.15703125 0.0234375 0.0234375
0 0.68984375 0.15703125 0.0234375 0.04140625
0 0.821875 0.16171875 0.01875 0.01875
0 0.76171875 0.16171875 0.0234375 0.03671875
0 0.78203125 0.1640625 0.028125 0.03203125
0 0.340625 0.1640625 0.0234375 0.0234375
0 0.5234375 0.1640625 0.01875 0.0234375
0 0.87734375 0.1640625 0.01875 0.028125
0 0.8890625 0.16640625 0.0140625 0.01875
0 0.9375 0.16640625 0.0140625 0.03671875
0 0.21953125 0.16640625 0.0234375 0.03671875
0 0.57890625 0.16640625 0.01875 0.03203125
0 0.9609375 0.16875 0.0234375 0.03203125
0 0.153125 0.16875 0.028125 0.04140625
0 0.72890625 0.1734375 0.0234375 0.04140625
0 0.553125 0.17578125 0.028125 0.03671875
0 0.82421875 0.18046875 0.028125 0.03671875
0 0.91171875 0.18046875 0.01875 0.03671875
0 0.85859375 0.1828125 0.028125 0.03671875
0 0.125 0.18515625 0.028125 0.04140625
0 0.53046875 0.1875 0.028125 0.03203125
0 0.071875 0.18984375 0.028125 0.03671875
0 0.2640625 0.1921875 0.0234375 0.04140625
0 0.79609375 0.196875 0.028125 0.04140625
0 0.240625 0.20390625 0.01875 0.03203125
0 0.01171875 0.2109375 0.0234375 0.028125
0 0.12734375 0.215625 0.0234375 0.01875
0 0.34296875 0.215625 0.0234375 0.028125
0 0.17109375 0.21796875 0.0234375 0.03203125
0 0.3078125 0.21953125 0.0234375 0.028125
0 0.03671875 0.23125 0.028125 0.03671875
0 0.06953125 0.23125 0.028125 0.03671875
0 0.3265625 0.23359375 0.0234375 0.01875
0 0.85859375 0.23359375 0.0234375 0.028125
0 0.2890625 0.23359375 0.0234375 0.028125
0 0.21796875 0.23359375 0.0140625 0.028125
0 0.125 0.2359375 0.028125 0.03671875
0 0.49296875 0.23828125 0.028125 0.03671875
0 0.43046875 0.240625 0.0234375 0.03203125
0 0.3984375 0.240625 0.0234375 0.028125
0 0.37734375 0.24296875 0.0234375 0.03203125
0 0.25 0.2453125 0.01875 0.028125
0 0.1921875 0.24765625 0.0234375 0.03203125
0 0.3125 0.24765625 0.01875 0.0234375
0 0.34921875 0.24765625 0.01875 0.0234375
0 0.01640625 0.25 0.028125 0.03203125
0 0.17109375 0.25703125 0.028125 0.03671875
0 0.3265625 0.25703125 0.028125 0.03203125
0 0.53671875 0.25703125 0.0234375 0.03671875
0 0.4234375 0.25703125 0.028125 0.03671875
0 0.79140625 0.2640625 0.028125 0.03671875
0 0.5671875 0.2640625 0.028125 0.05078125
0 0.85859375 0.26640625 0.0234375 0.03671875
0 0.22421875 0.26640625 0.0234375 0.04140625
0 0.29140625 0.26640625 0.0234375 0.03203125
0 0.875 0.26875 0.01875 0.0234375
0 0.9140625 0.26875 0.028125 0.0234375
0 0.83828125 0.27109375 0.01875 0.03203125
0 0.50234375 0.27109375 0.028125 0.04609375
0 0.9765625 0.2734375 0.028125 0.03203125
0 0.0625 0.27578125 0.028125 0.03671875
0 0.946875 0.27578125 0.028125 0.03203125
0 0.465625 0.278125 0.0234375 0.028125
0 0.89375 0.278125 0.028125 0.03203125
0 0.7546875 0.28203125 0.028125 0.03671875
0 0.0046875 0.28671875 0.009375 0.01875
0 0.1109375 0.29375 0.028125 0.028125
0 0.615625 0.29609375 0.028125 0.03671875
0 0.90078125 0.30078125 0.0140625 0.0234375
0 0.77109375 0.30546875 0.028125 0.04140625
0 0.16171875 0.30546875 0.0234375 0.03671875
0 0.31015625 0.30546875 0.03203125 0.04609375
0 0.81953125 0.3078125 0.0234375 0.04140625
0 0.08125 0.31015625 0.03203125 0.04609375
0 0.528125 0.3125 0.01875 0.028125
0 0.91875 0.3125 0.028125 0.04609375
0 0.178125 0.31484375 0.01875 0.01875
0 0.27109375 0.31484375 0.0234375 0.0234375
0 0.36328125 0.31484375 0.028125 0.04140625
0 0.009375 0.3171875 0.01875 0.04140625
0 0.12265625 0.32421875 0.0234375 0.03671875
0 0.25 0.3265625 0.0234375 0.03203125
0 0.41640625 0.3265625 0.0234375 0.03203125
0 0.44453125 0.33125 0.0234375 0.028125
0 0.196875 0.3359375 0.03203125 0.03671875
0 0.37265625 0.3359375 0.0234375 0.028125
0 0.278125 0.3359375 0.0234375 0.03203125
0 0.3890625 0.33828125 0.0234375 0.03671875
0 0.5140625 0.33828125 0.01875 0.03671875
0 0.32421875 0.33828125 0.028125 0.03671875
0 0.1015625 0.340625 0.028125 0.03671875
0 0.89609375 0.340625 0.0234375 0.03671875
0 0.1484375 0.340625 0.028125 0.03671875
0 0.490625 0.34296875 0.0234375 0.04140625
0 0.36796875 0.35390625 0.0234375 0.04140625
0 0.875 0.35390625 0.028125 0.03203125
0 0.8078125 0.35625 0.03671875 0.04140625
0 0.4328125 0.35859375 0.028125 0.04140625
0 0.92109375 0.3609375 0.03671875 0.04140625
0 0.29375 0.3609375 0.0234375 0.03671875
0 0.74765625 0.36328125 0.028125 0.03671875
0 0.98828125 0.36796875 0.0140625 0.05078125
0 0.8609375 0.365625 0.028125 0.04140625
0 0.071875 0.36796875 0.03203125 0.04609375
0 0.24296875 0.3703125 0.0234375 0.03671875
0 0.12734375 0.3703125 0.03203125 0.04140625
0 0.21953125 0.37734375 0.028125 0.03671875
0 0.01171875 0.3796875 0.0234375 0.04140625
0 0.38203125 0.3890625 0.03203125 0.04140625
0 0.48828125 0.39140625 0.028125 0.04609375
0 0.18515625 0.3984375 0.01875 0.04140625
0 0.2890625 0.40078125 0.03203125 0.03671875
0 0.428125 0.40703125 0.03671875 0.04609375
0 0.71328125 0.41171875 0.028125 0.03671875
0 0.16171875 0.4140625 0.03671875 0.05078125
0 0.11328125 0.41875 0.028125 0.03671875
0 0.80078125 0.4234375 0.028125 0.04609375
0 0.9421875 0.4234375 0.03203125 0.04609375
0 0.034375 0.42578125 0.028125 0.03203125
0 0.01171875 0.42578125 0.0234375 0.03671875
0 0.85859375 0.428125 0.03203125 0.03671875
0 0.759375 0.43984375 0.03203125 0.03203125
0 0.3171875 0.43984375 0.04140625 0.04609375
0 0.83828125 0.4421875 0.03203125 0.04609375
0 0.12734375 0.4421875 0.03203125 0.04140625
0 0.25703125 0.4421875 0.03203125 0.03671875
0 0.40078125 0.44453125 0.04140625 0.04609375
0 0.2984375 0.44453125 0.0234375 0.03671875
0 0.05078125 0.44921875 0.03203125 0.028125
0 0.1875 0.46328125 0.03671875 0.03671875
0 0.8703125 0.46328125 0.03671875 0.03671875
0 0.71796875 0.46953125 0.03671875 0.05078125
0 0.76875 0.471875 0.03671875 0.05078125
0 0.96328125 0.471875 0.028125 0.04140625
0 0.0625 0.47890625 0.04140625 0.04140625
0 0.91640625 0.48359375 0.028125 0.03671875
0 0.10859375 0.48359375 0.03671875 0.04140625
0 0.85859375 0.4859375 0.03203125 0.03671875
0 0.98828125 0.4859375 0.0140625 0.04609375
0 0.0234375 0.48828125 0.03671875 0.04140625
0 0.375 0.49765625 0.03671875 0.03671875
0 0.70390625 0.51171875 0.028125 0.01875
0 0.1875 0.5140625 0.03671875 0.05546875
0 0.2984375 0.534375 0.03671875 0.05078125
0 0.221875 0.53671875 0.04140625 0.05078125
0 0.69921875 0.5390625 0.028125 0.03671875
0 0.13203125 0.54609375 0.03203125 0.03671875
0 0.7359375 0.5484375 0.028125 0.028125
0 0.784375 0.553125 0.0234375 0.028125
0 0.91640625 0.553125 0.028125 0.04140625
0 0.0140625 0.5578125 0.028125 0.05078125
0 0.32890625 0.5578125 0.04609375 0.05546875
0 0.12265625 0.56015625 0.03671875 0.04609375
0 0.85390625 0.56015625 0.03671875 0.04140625
0 0.27578125 0.5625 0.04609375 0.06484375
0 0.1875 0.5671875 0.03203125 0.03671875
0 0.67109375 0.56953125 0.03671875 0.03671875
0 0.8078125 0.58359375 0.03671875 0.04140625
0 0.58359375 0.58359375 0.0234375 0.028125
0 0.6109375 0.58828125 0.0234375 0.03203125
0 0.8984375 0.590625 0.03671875 0.04140625
0 0.946875 0.59296875 0.03671875 0.05078125
0 0.759375 0.59921875 0.03203125 0.04609375
0 0.0578125 0.59921875 0.04140625 0.05546875
0 0.67109375 0.6015625 0.0234375 0.03203125
0 0.86796875 0.60390625 0.03671875 0.04609375
0 0.7015625 0.60859375 0.03671875 0.04609375
0 0.59296875 0.615625 0.04140625 0.04140625
0 0.25234375 0.6296875 0.03203125 0.01875
0 0.98125 0.63203125 0.028125 0.04140625
0 0.94921875 0.6390625 0.03671875 0.04140625
0 0.759375 0.65078125 0.04140625 0.03671875
0 0.6828125 0.653125 0.03671875 0.04140625
0 0.86328125 0.653125 0.03671875 0.04140625
0 0.02578125 0.653125 0.04609375 0.07890625
0 0.303125 0.653125 0.04609375 0.05546875
0 0.25234375 0.659375 0.04609375 0.04609375
0 0.153125 0.66875 0.04140625 0.028125
0 0.91875 0.67109375 0.04140625 0.04609375
0 0.5671875 0.67109375 0.06484375 0.07890625
0 0.45625 0.68984375 0.07421875 0.08828125
0 0.20859375 0.69921875 0.05078125 0.07421875
0 0.115625 0.7015625 0.03671875 0.04140625
0 0.40703125 0.7015625 0.03671875 0.06484375
0 0.7734375 0.70625 0.04609375 0.06015625
0 0.3609375 0.70859375 0.05078125 0.08359375
0 0.51640625 0.70859375 0.06953125 0.07890625
0 0.15703125 0.71796875 0.05078125 0.06015625
0 0.28203125 0.73125 0.06015625 0.07421875
0 0.86328125 0.73828125 0.05546875 0.06484375
0 0.80546875 0.74296875 0.05546875 0.07421875
0 0.9328125 0.74765625 0.06015625 0.07421875
0 0.54375 0.09296875 0.028125 0.0234375