0 0.57890625 0.02578125 0.0234375 0.03671875
0 0.846875 0.25234375 0.04140625 0.06015625
0 0.365625 0.028125 0.0234375 0.03671875
0 0.8890625 0.28046875 0.04609375 0.06484375
0 0.7359375 0.28203125 0.04140625 0.04140625
0 0.98125 0.284375 0.03671875 0.06015625
0 0.08828125 0.28671875 0.04140625 0.05078125
0 0.596875 0.2890625 0.03671875 0.06953125
0 0.196875 0.03046875 0.0140625 0.03671875
0 0.38671875 0.03046875 0.01875 0.03671875
0 0.39375 0.2984375 0.028125 0.07890625
0 0.63203125 0.30078125 0.03671875 0.04609375
0 0.27578125 0.303125 0.03671875 0.06953125
0 0.42109375 0.30546875 0.04140625 0.05078125
0 0.49765625 0.3078125 0.03671875 0.05078125
0 0.79375 0.31015625 0.03203125 0.04140625
0 0.85859375 0.31484375 0.05546875 0.05546875
0 0.0390625 0.3171875 0.05078125 0.06015625
0 0.2453125 0.3171875 0.03671875 0.05546875
0 0.33359375 0.32421875 0.04140625 0.06953125
0 0.74765625 0.32421875 0.03671875 0.04609375
0 0.1921875 0.32890625 0.03671875 0.05078125
0 0.29375 0.33125 0.0234375 0.04140625
0 0.54609375 0.33125 0.04140625 0.06953125
0 0.153125 0.3359375 0.03671875 0.06484375
0 0.83359375 0.340625 0.04609375 0.05078125
0 0.7109375 0.340625 0.03671875 0.05546875
0 0.8796875 0.034375 0.0234375 0.03671875
0 0.6109375 0.034375 0.01875 0.028125
0 0.38203125 0.34296875 0.0234375 0.0234375
0 0.46953125 0.35625 0.05078125 0.04609375
0 0.93046875 0.36328125 0.05078125 0.08359375
0 0.65078125 0.36796875 0.05078125 0.07421875
0 0.79140625 0.37265625 0.03671875 0.05546875
0 0.73828125 0.37734375 0.04140625 0.04609375
0 0.35625 0.3796875 0.04609375 0.05078125
0 0.12265625 0.39375 0.03203125 0.05546875
0 0.84453125 0.40546875 0.04609375 0.07890625
0 0.14609375 0.409375 0.04140625 0.06484375
0 0.51171875 0.04140625 0.028125 0.05078125
0 0.28203125 0.04375 0.0234375 0.03671875
0 0.45625 0.42109375 0.05078125 0.06953125
0 0.40703125 0.04609375 0.0234375 0.04140625
0 0.55078125 0.44921875 0.05078125 0.07421875
0 0.21328125 0.45859375 0.04140625 0.06953125
0 0.64609375 0.04609375 0.028125 0.04140625
0 0.59921875 0.0484375 0.01875 0.03671875
0 0.26640625 0.490625 0.04609375 0.06484375
0 0.21328125 0.053125 0.03203125 0.04609375
0 0.9234375 0.053125 0.0234375 0.03671875
0 0.384375 0.54375 0.05546875 0.096875
0 0.3125 0.05546875 0.0234375 0.04140625
0 0.09296875 0.06015625 0.03203125 0.04140625
0 0.43046875 0.0625 0.0234375 0.04609375
0 0.0671875 0.06484375 0.028125 0.03671875
0 0.14140625 0.06484375 0.03203125 0.05078125
0 0.6296875 0.0671875 0.0234375 0.04140625
0 0.11328125 0.0671875 0.03203125 0.05546875
0 0.03671875 0.071875 0.028125 0.04140625
0 0.73125 0.0765625 0.028125 0.028125
0 0.65546875 0.0859375 0.028125 0.04609375
0 0.4515625 0.090625 0.028125 0.05546875
0 0.178125 0.090625 0.03203125 0.04140625
0 0.40546875 0.01171875 0.01875 0.0234375
0 0.46953125 0.01171875 0.01875 0.0234375
0 0.6015625 0.01171875 0.0234375 0.0234375
0 0.68515625 0.01171875 0.028125 0.0234375
0 0.01640625 0.09921875 0.028125 0.04140625
0 0.534375 0.10625 0.03203125 0.04609375
0 0.990625 0.1109375 0.0140625 0.04609375
0 0.80078125 0.1109375 0.0234375 0.03203125
0 0.72421875 0.11796875 0.028125 0.04140625
0 0.3171875 0.11796875 0.0234375 0.03671875
0 0.84296875 0.0140625 0.028125 0.028125
0 0.134375 0.0140625 0.028125 0.028125
0 0.18984375 0.12265625 0.03203125 0.03671875
0 0.3359375 0.1296875 0.0234375 0.03671875
0 0.04609375 0.134375 0.028125 0.04140625
0 0.6390625 0.13671875 0.028125 0.04140625
0 0.9765625 0.14609375 0.03203125 0.06015625
0 0.09296875 0.01640625 0.028125 0.03203125
0 0.27109375 0.01640625 0.01875 0.03203125
0 0.65078125 0.01640625 0.0234375 0.03203125
0 0.8078125 0.01640625 0.0234375 0.03203125
0 0.96328125 0.01640625 0.028125 0.03203125
0 0.10859375 0.01640625 0.028125 0.03203125
0 0.221875 0.15703125 0.03203125 0.04609375
0 0.67578125 0.15703125 0.028125 0.04609375
0 0.79140625 0.159375 0.03203125 0.05078125
0 0.05546875 0.01875 0.03203125 0.03671875
0 0.64375 0.1828125 0.03671875 0.04140625
0 0.32421875 0.18984375 0.028125 0.04609375
0 0.53671875 0.01875 0.0234375 0.028125
0 0.1734375 0.02109375 0.028125 0.04140625
0 0.034375 0.20625 0.028125 0.05078125
0 0.01171875 0.21953125 0.0234375 0.05546875
0 0.31015625 0.0234375 0.01875 0.03203125
0 0.4421875 0.0234375 0.0234375 0.03671875
0 0.55546875 0.0234375 0.01875 0.03671875
0 0.76640625 0.0234375 0.028125 0.03671875
0 0.90703125 0.22890625 0.04140625 0.05078125
0 0.971875 0.2359375 0.028125 0.04609375