0 0.16171875 0.0625 0.0140625 0.0140625
0 0.0578125 0.0625 0.01875 0.0234375
0 0.58125 0.6296875 0.07890625 0.1015625
0 0.08828125 0.634375 0.04609375 0.04140625
0 0.65703125 0.06484375 0.03203125 0.04609375
0 0.76171875 0.06484375 0.05078125 0.06015625
0 0.01640625 0.65078125 0.03203125 0.05546875
0 0.196875 0.0671875 0.028125 0.028125
0 0.40078125 0.66171875 0.07421875 0.1109375
0 0.1109375 0.0671875 0.0234375 0.028125
0 0.6734375 0.66875 0.07421875 0.10625
0 0.17578125 0.00703125 0.0140625 0.0140625
0 0.02578125 0.0671875 0.0140625 0.0140625
0 0.365625 0.06953125 0.0234375 0.028125
0 0.09296875 0.6921875 0.04140625 0.08828125
0 0.56953125 0.06953125 0.03671875 0.04609375
0 0.04375 0.70390625 0.07421875 0.07890625
0 0.53671875 0.70859375 0.08359375 0.1109375
0 0.26171875 0.07421875 0.0234375 0.03671875
0 0.340625 0.0765625 0.0234375 0.028125
0 0.40703125 0.0765625 0.0234375 0.03203125
0 0.8125 0.07890625 0.06484375 0.07421875
0 0.12734375 0.07890625 0.0234375 0.028125
0 0.02109375 0.07890625 0.0234375 0.0140625
0 0.4609375 0.009375 0.0234375 0.01875
0 0.41875 0.009375 0.01875 0.01875
0 0.39140625 0.08359375 0.0234375 0.03203125
0 0.28203125 0.08359375 0.0234375 0.04140625
0 0.034375 0.009375 0.01875 0.01875
0 0.40546875 0.009375 0.01875 0.01875
0 0.52109375 0.08828125 0.03671875 0.04609375
0 0.06015625 0.9140625 0.1109375 0.14375
0 0.465625 0.09296875 0.03671875 0.03203125
0 0.0578125 0.09453125 0.0234375 0.03203125
0 0.6296875 0.096875 0.03671875 0.06015625
0 0.6015625 0.096875 0.03203125 0.04609375
0 0.43984375 0.01171875 0.01875 0.0234375
0 0.159375 0.09921875 0.028125 0.04140625
0 0.01875 0.09921875 0.028125 0.03671875
0 0.08828125 0.10390625 0.0234375 0.03203125
0 0.33125 0.10859375 0.0234375 0.03203125
0 0.56953125 0.10859375 0.04140625 0.03203125
0 0.17578125 0.1109375 0.0234375 0.03203125
0 0.86796875 0.1109375 0.05546875 0.07890625
0 0.38671875 0.11328125 0.04140625 0.04609375
0 0.134375 0.115625 0.01875 0.028125
0 0.19921875 0.01171875 0.01875 0.0234375
0 0.2546875 0.11796875 0.0234375 0.03203125
0 0.3078125 0.12265625 0.028125 0.028125
0 0.44453125 0.125 0.028125 0.04140625
0 0.12265625 0.12734375 0.0234375 0.03203125
0 0.67109375 0.12734375 0.03671875 0.06015625
0 0.28046875 0.12734375 0.0234375 0.0234375
0 0.471875 0.0140625 0.0234375 0.0234375
0 0.03203125 0.13671875 0.01875 0.028125
0 0.60390625 0.1390625 0.03203125 0.04609375
0 0.21796875 0.1390625 0.028125 0.03203125
0 0.6640625 0.0140625 0.03203125 0.028125
0 0.553125 0.14375 0.03671875 0.05078125
0 0.0765625 0.14609375 0.0140625 0.01875
0 0.11796875 0.14609375 0.03203125 0.03203125
0 0.009375 0.01640625 0.0140625 0.01875
0 0.04375 0.15546875 0.01875 0.03671875
0 0.06015625 0.15703125 0.01875 0.028125
0 0.38203125 0.159375 0.04609375 0.04609375
0 0.5140625 0.01640625 0.0234375 0.03203125
0 0.35859375 0.1640625 0.04609375 0.04140625
0 0.33125 0.16640625 0.028125 0.03671875
0 0.43515625 0.16640625 0.03671875 0.04140625
0 0.01640625 0.16875 0.0234375 0.04140625
0 0.25234375 0.16875 0.0234375 0.03671875
0 0.30078125 0.16875 0.0234375 0.04140625
0 0.159375 0.16875 0.03203125 0.05078125
0 0.57890625 0.16875 0.05078125 0.06484375
0 0.28203125 0.16875 0.0234375 0.04140625
0 0.1875 0.17109375 0.03203125 0.04140625
0 0.91875 0.17109375 0.06484375 0.08359375
0 0.2109375 0.1734375 0.01875 0.03203125
0 0.63671875 0.1734375 0.04140625 0.06015625
0 0.07890625 0.17578125 0.028125 0.04140625
0 0.4953125 0.1828125 0.04609375 0.05546875
0 0.53671875 0.01875 0.028125 0.03671875
0 0.465625 0.1921875 0.03203125 0.04609375
0 0.34296875 0.02109375 0.01875 0.0234375
0 0.94453125 0.02109375 0.04609375 0.04140625
0 0.15703125 0.02109375 0.01875 0.028125
0 0.25234375 0.19921875 0.0234375 0.04140625
0 0.56953125 0.02109375 0.028125 0.04140625
0 0.01875 0.02109375 0.01875 0.0234375
0 0.009375 0.20390625 0.01875 0.03203125
0 0.14140625 0.20859375 0.01875 0.03671875
0 0.42109375 0.2109375 0.03203125 0.04609375
0 0.83359375 0.2109375 0.06484375 0.07421875
0 0.54375 0.2109375 0.05078125 0.05546875
0 0.35625 0.21328125 0.03671875 0.05546875
0 0.20859375 0.21328125 0.028125 0.03671875
0 0.2359375 0.21328125 0.03203125 0.04140625
0 0.05546875 0.215625 0.028125 0.05078125
0 0.01875 0.21796875 0.01875 0.03671875
0 0.09921875 0.22421875 0.03203125 0.028125
0 0.15703125 0.23125 0.03203125 0.04609375
0 0.284375 0.23359375 0.05078125 0.06484375
0 0.30546875 0.0234375 0.0234375 0.028125
0 0.84296875 0.02578125 0.03671875 0.05078125
0 0.43515625 0.25 0.04609375 0.05078125
0 0.59453125 0.02578125 0.0234375 0.04140625
0 0.0765625 0.2546875 0.028125 0.04609375
0 0.09296875 0.2546875 0.028125 0.03203125
0 0.13671875 0.02578125 0.01875 0.0234375
0 0.1109375 0.26171875 0.04609375 0.04609375
0 0.22890625 0.2640625 0.03203125 0.05078125
0 0.0140625 0.26640625 0.028125 0.04140625
0 0.58359375 0.27109375 0.06953125 0.07890625
0 0.7546875 0.278125 0.05078125 0.06484375
0 0.25703125 0.284375 0.03671875 0.05078125
0 0.08359375 0.028125 0.0140625 0.0234375
0 0.3078125 0.284375 0.04609375 0.05078125
0 0.71953125 0.28671875 0.04140625 0.05078125
0 0.1828125 0.29609375 0.04140625 0.06015625
0 0.1015625 0.29609375 0.0234375 0.0234375
0 0.0234375 0.2984375 0.028125 0.05078125
0 0.1484375 0.2984375 0.04609375 0.05546875
0 0.13203125 0.30546875 0.04140625 0.06015625
0 0.0484375 0.31015625 0.0234375 0.04140625
0 0.4234375 0.32421875 0.04140625 0.04609375
0 0.06015625 0.03203125 0.01875 0.01875
0 0.33359375 0.3265625 0.05078125 0.05078125
0 0.22890625 0.03203125 0.028125 0.028125
0 0.1015625 0.340625 0.028125 0.04609375
0 0.62265625 0.034375 0.03203125 0.04609375
0 0.08125 0.34453125 0.0234375 0.04140625
0 0.45859375 0.34921875 0.05078125 0.07890625
0 0.06484375 0.34921875 0.03671875 0.05078125
0 0.51640625 0.3515625 0.06953125 0.09296875
0 0.678125 0.3515625 0.04140625 0.06484375
0 0.7890625 0.3609375 0.05546875 0.06953125
0 0.64140625 0.36796875 0.05078125 0.06484375
0 0.7109375 0.3703125 0.04609375 0.06484375
0 0.29140625 0.37265625 0.06953125 0.06484375
0 0.75 0.375 0.05078125 0.06015625
0 0.028125 0.375 0.04140625 0.06484375
0 0.1390625 0.3796875 0.04609375 0.04609375
0 0.40703125 0.4140625 0.07890625 0.08359375
0 0.278125 0.04140625 0.028125 0.04140625
0 0.1734375 0.4234375 0.04609375 0.07421875
0 0.41640625 0.04375 0.0234375 0.028125
0 0.12734375 0.0046875 0.009375 0.009375
0 0.303125 0.04375 0.0234375 0.03203125
0 0.3265625 0.04375 0.028125 0.028125
0 0.38203125 0.04375 0.0234375 0.028125
0 0.64140625 0.45625 0.04609375 0.06953125
0 0.73359375 0.04609375 0.03671875 0.05546875
0 0.490625 0.0484375 0.03203125 0.04609375
0 0.04140625 0.48828125 0.05546875 0.06484375
0 0.54140625 0.0484375 0.028125 0.04140625
0 0.13671875 0.490625 0.05078125 0.05078125
0 0.071875 0.0484375 0.0234375 0.028125
0 0.465625 0.05078125 0.0234375 0.04609375
0 0.21953125 0.05078125 0.0234375 0.03671875
0 0.26171875 0.053125 0.01875 0.028125
0 0.04140625 0.053125 0.01875 0.0234375
0 0.60390625 0.54375 0.06484375 0.08828125
0 0.68046875 0.053125 0.03203125 0.04609375
0 0.11328125 0.5578125 0.04609375 0.06015625
0 0.34296875 0.56015625 0.04140625 0.08828125
0 0.19921875 0.5625 0.06953125 0.09296875
0 0.43984375 0.05546875 0.0234375 0.03203125
0 0.7984375 0.5671875 0.17578125 0.278125
0 0.3703125 0.58125 0.04609375 0.06953125
0 0.28203125 0.58359375 0.08359375 0.1296875
0 0.64609375 0.590625 0.07890625 0.06484375