0 0.56484375 0.42109375 0.028125 0.03671875
0 0.7109375 0.4328125 0.028125 0.028125
0 0.740625 0.43515625 0.03203125 0.04140625
0 0.490625 0.43515625 0.01875 0.0234375
0 0.18515625 0.4421875 0.028125 0.03671875
0 0.43515625 0.4421875 0.0234375 0.04609375
0 0.221875 0.44453125 0.03203125 0.04609375
0 0.3171875 0.446875 0.028125 0.028125
0 0.50703125 0.446875 0.01875 0.0234375
0 0.55546875 0.44921875 0.0234375 0.03671875
0 0.68046875 0.44921875 0.028125 0.03671875
0 0.60390625 0.44921875 0.01875 0.03671875
0 0.59453125 0.4515625 0.009375 0.03203125
0 0.25234375 0.4515625 0.0234375 0.028125
0 0.8125 0.4515625 0.028125 0.04140625
0 0.34453125 0.45390625 0.01875 0.03203125
0 0.09296875 0.45390625 0.0234375 0.03203125
0 0.41171875 0.45625 0.028125 0.04609375
0 0.865625 0.45859375 0.028125 0.028125
0 0.35625 0.45859375 0.01875 0.028125
0 0.56953125 0.45859375 0.01875 0.03203125
0 0.17109375 0.45859375 0.01875 0.0234375
0 0.71328125 0.45859375 0.028125 0.028125
0 0.63203125 0.45859375 0.01875 0.0234375
0 0.52578125 0.4609375 0.0234375 0.04140625
0 0.65546875 0.4609375 0.01875 0.04140625
0 0.45859375 0.46328125 0.0234375 0.03671875
0 0.50234375 0.465625 0.0234375 0.04140625
0 0.15078125 0.46796875 0.0234375 0.04140625
0 0.29609375 0.46796875 0.0234375 0.03203125
0 0.10859375 0.46796875 0.01875 0.028125
0 0.2640625 0.471875 0.01875 0.0234375
0 0.471875 0.47421875 0.0234375 0.03203125
0 0.3796875 0.47421875 0.0234375 0.028125
0 0.6203125 0.47421875 0.0234375 0.04140625
0 0.54140625 0.4765625 0.028125 0.04140625
0 0.67109375 0.47890625 0.028125 0.04140625
0 0.321875 0.48359375 0.0234375 0.04140625
0 0.64140625 0.48359375 0.01875 0.028125
0 0.89609375 0.48828125 0.03203125 0.05546875
0 0.13203125 0.48828125 0.01875 0.0234375
0 0.803125 0.48828125 0.028125 0.03671875
0 0.08125 0.490625 0.028125 0.03671875
0 0.85859375 0.490625 0.03203125 0.05546875
0 0.28046875 0.49296875 0.0234375 0.04609375
0 0.3125 0.5 0.03203125 0.05546875
0 0.2015625 0.50234375 0.028125 0.04140625
0 0.784375 0.50234375 0.028125 0.03203125
0 0.71796875 0.5046875 0.03203125 0.04609375
0 0.2546875 0.51171875 0.028125 0.05078125
0 0.33359375 0.51171875 0.01875 0.03203125
0 0.09921875 0.5140625 0.03203125 0.05078125
0 0.4859375 0.51640625 0.028125 0.04609375
0 0.45625 0.51875 0.03671875 0.05078125
0 0.66875 0.51875 0.03203125 0.04609375
0 0.509375 0.52109375 0.0234375 0.04609375
0 0.64140625 0.52578125 0.03203125 0.03203125
0 0.159375 0.528125 0.028125 0.04140625
0 0.74296875 0.528125 0.028125 0.03671875
0 0.23359375 0.53046875 0.03203125 0.05078125
0 0.215625 0.53046875 0.028125 0.04609375
0 0.93046875 0.54375 0.03203125 0.04140625
0 0.6484375 0.54609375 0.03203125 0.028125
0 0.29140625 0.5484375 0.03203125 0.05078125
0 0.0671875 0.55078125 0.028125 0.04140625
0 0.18046875 0.55546875 0.028125 0.03671875
0 0.69921875 0.55546875 0.03203125 0.05078125
0 0.56484375 0.56015625 0.028125 0.04140625
0 0.7359375 0.56953125 0.03203125 0.05078125
0 0.846875 0.571875 0.03671875 0.04140625
0 0.64375 0.57421875 0.03671875 0.04609375
0 0.58125 0.57890625 0.03203125 0.04140625
0 0.3984375 0.58359375 0.04140625 0.05546875
0 0.80546875 0.58828125 0.03671875 0.05078125
0 0.78203125 0.59453125 0.01875 0.04140625
0 0.928125 0.59921875 0.03671875 0.05078125
0 0.0578125 0.6109375 0.04140625 0.05546875
0 0.48359375 0.615625 0.03671875 0.03671875
0 0.30546875 0.615625 0.028125 0.06015625
0 0.58828125 0.62265625 0.03203125 0.04140625
0 0.284375 0.625 0.03203125 0.05546875
0 0.5578125 0.6296875 0.03671875 0.06015625
0 0.1484375 0.63671875 0.04140625 0.05078125
0 0.48359375 0.65703125 0.04140625 0.06484375
0 0.125 0.66875 0.04140625 0.06015625
0 0.73828125 0.68046875 0.04609375 0.07421875
0 0.61328125 0.69453125 0.04140625 0.06015625
0 0.64140625 0.696875 0.03203125 0.06015625
0 0.32421875 0.7015625 0.04140625 0.04140625
0 0.678125 0.7015625 0.04140625 0.08828125
0 0.21953125 0.70859375 0.03203125 0.05078125
0 0.659375 0.71328125 0.03203125 0.06484375
0 0.85859375 0.7265625 0.05078125 0.06484375
0 0.384375 0.72890625 0.04140625 0.06015625
0 0.79609375 0.72890625 0.04140625 0.07421875
0 0.5234375 0.7359375 0.05078125 0.07890625
0 0.33125 0.74765625 0.05546875 0.07421875
0 0.97890625 0.75234375 0.04140625 0.07890625
0 0.08828125 0.76640625 0.07421875 0.125
0 0.18984375 0.7734375 0.03671875 0.06015625
0 0.57421875 0.7734375 0.06015625 0.08359375
0 0.43984375 0.77578125 0.04140625 0.06484375
0 0.77109375 0.77578125 0.04609375 0.06484375
0 0.38203125 0.81015625 0.03671875 0.06484375
0 0.01640625 0.8171875 0.03203125 0.06953125
0 0.03671875 0.82890625 0.028125 0.04609375
0 0.93046875 0.84453125 0.07421875 0.10625
0 0.16875 0.84453125 0.05078125 0.06953125
0 0.66875 0.85625 0.06484375 0.08828125
0 0.33359375 0.85859375 0.08359375 0.125
0 0.76875 0.9234375 0.08828125 0.1484375