0 0.66875 0.12265625 0.05546875 0.08828125
0 0.10625 0.12265625 0.06953125 0.06953125
0 0.2546875 0.134375 0.04609375 0.06484375
0 0.3890625 0.14140625 0.05078125 0.06484375
0 0.2890625 0.01640625 0.05078125 0.03203125
0 0.46328125 0.159375 0.05078125 0.07890625
0 0.72421875 0.17109375 0.06015625 0.096875
0 0.6203125 0.01875 0.03671875 0.03203125
0 0.5234375 0.19453125 0.06484375 0.09296875
0 0.23359375 0.196875 0.05546875 0.08359375
0 0.5671875 0.02109375 0.04140625 0.04140625
0 0.83359375 0.22890625 0.06015625 0.08828125
0 0.29375 0.23828125 0.05546875 0.09296875
0 0.13671875 0.2453125 0.06015625 0.08359375
0 0.23359375 0.27109375 0.06953125 0.1015625
0 0.82421875 0.28046875 0.06015625 0.07890625
0 0.6203125 0.28203125 0.05546875 0.07890625
0 0.090625 0.29140625 0.05078125 0.05078125
0 0.375 0.29375 0.07421875 0.1015625
0 0.95390625 0.340625 0.04140625 0.07421875
0 0.41796875 0.034375 0.0515625 0.06875
0 0.37734375 0.346875 0.06015625 0.096875
0 0.81953125 0.3515625 0.06015625 0.09296875
0 0.54609375 0.35625 0.07421875 0.09296875
0 0.9140625 0.3796875 0.05546875 0.096875
0 0.7265625 0.384375 0.07890625 0.10625
0 0.96796875 0.04140625 0.05546875 0.07890625
0 0.5765625 0.47890625 0.07421875 0.10625
0 0.96953125 0.4859375 0.06015625 0.10625
0 0.41875 0.4953125 0.06953125 0.10625
0 0.33125 0.49765625 0.07421875 0.08828125
0 0.70390625 0.53203125 0.06484375 0.1109375
0 0.903125 0.534375 0.07421875 0.10625
0 0.1875 0.54609375 0.06015625 0.09296875
0 0.0625 0.55078125 0.06484375 0.1015625
0 0.88203125 0.6203125 0.07421875 0.1203125
0 0.54375 0.65078125 0.07421875 0.1109375
0 0.13203125 0.69921875 0.08359375 0.1296875
0 0.340625 0.7015625 0.06015625 0.096875
0 0.02109375 0.71953125 0.04140625 0.125
0 0.97421875 0.79375 0.04140625 0.16171875
0 0.75 0.8515625 0.07421875 0.1015625
0 0.46796875 0.85859375 0.08828125 0.08828125