0 0.7890625 0.01171875 0.028125 0.0234375
0 0.28671875 0.1109375 0.03203125 0.06484375
0 0.91640625 0.11328125 0.05546875 0.06484375
0 0.2640625 0.115625 0.03203125 0.04140625
0 0.2640625 0.01171875 0.0234375 0.0234375
0 0.36796875 0.125 0.05078125 0.07890625
0 0.678125 0.12734375 0.04140625 0.06953125
0 0.59296875 0.1296875 0.03671875 0.04609375
0 0.634375 0.13671875 0.04140625 0.06484375
0 0.82421875 0.13671875 0.05546875 0.07890625
0 0.48125 0.13671875 0.03671875 0.05078125
0 0.54609375 0.14609375 0.04140625 0.03671875
0 0.1828125 0.15703125 0.06015625 0.07890625
0 0.0234375 0.15703125 0.04609375 0.06953125
0 0.91875 0.01640625 0.028125 0.03203125
0 0.24765625 0.01640625 0.0234375 0.03203125
0 0.78046875 0.15703125 0.03671875 0.06015625
0 0.59453125 0.16875 0.03203125 0.05078125
0 0.35390625 0.01875 0.0234375 0.028125
0 0.9234375 0.178125 0.05078125 0.06015625
0 0.1296875 0.178125 0.04140625 0.06484375
0 0.284375 0.18515625 0.05546875 0.07890625
0 0.7015625 0.196875 0.04140625 0.06484375
0 0.57890625 0.196875 0.06484375 0.08828125
0 0.40703125 0.02109375 0.0234375 0.03671875
0 0.66640625 0.21328125 0.04140625 0.07421875
0 0.9859375 0.0234375 0.01875 0.04609375
0 0.47421875 0.0234375 0.028125 0.03203125
0 0.86328125 0.21953125 0.04609375 0.06484375
0 0.0765625 0.221875 0.07421875 0.096875
0 0.46953125 0.24296875 0.06484375 0.08828125
0 0.403125 0.25703125 0.05546875 0.1015625
0 0.590625 0.02578125 0.01875 0.01875
0 0.909375 0.2640625 0.06015625 0.096875
0 0.05078125 0.028125 0.03203125 0.05078125
0 0.2890625 0.03046875 0.028125 0.04140625
0 0.1921875 0.29375 0.07421875 0.1484375
0 0.84453125 0.30078125 0.06484375 0.125
0 0.115625 0.03046875 0.03203125 0.04140625
0 0.3359375 0.3125 0.05078125 0.096875
0 0.47890625 0.34453125 0.06015625 0.07421875
0 0.67109375 0.37734375 0.06484375 0.07890625
0 0.97421875 0.38671875 0.04140625 0.134375
0 0.43515625 0.0390625 0.01875 0.028125
0 0.365625 0.04375 0.0234375 0.03671875
0 0.07421875 0.04375 0.03203125 0.06015625
0 0.053125 0.44921875 0.07421875 0.125
0 0.61796875 0.45625 0.07890625 0.08828125
0 0.76875 0.45625 0.06484375 0.08359375
0 0.33359375 0.465625 0.096875 0.125
0 0.52578125 0.05078125 0.028125 0.04609375
0 0.83125 0.5140625 0.09296875 0.08359375
0 0.2265625 0.053125 0.04140625 0.06484375
0 0.134375 0.053125 0.028125 0.04609375
0 0.6015625 0.5484375 0.07890625 0.1296875
0 0.91875 0.05546875 0.03671875 0.04609375
0 0.01640625 0.571875 0.03203125 0.05546875
0 0.2546875 0.06015625 0.03671875 0.03671875
0 0.23828125 0.60625 0.08828125 0.1484375
0 0.409375 0.06015625 0.03203125 0.03671875
0 0.88671875 0.64609375 0.08359375 0.14375
0 0.009375 0.06484375 0.01875 0.07421875
0 0.59453125 0.0671875 0.04140625 0.04609375
0 0.6296875 0.0671875 0.03203125 0.05078125
0 0.7109375 0.0671875 0.05078125 0.06484375
0 0.03046875 0.68046875 0.06015625 0.1296875
0 0.715625 0.6828125 0.08828125 0.1484375
0 0.48125 0.06953125 0.03671875 0.05078125
0 0.84296875 0.08125 0.04140625 0.05078125
0 0.88671875 0.81953125 0.096875 0.15703125
0 0.32421875 0.08359375 0.03203125 0.05078125
0 0.43515625 0.0859375 0.04609375 0.06953125
0 0.70625 0.85859375 0.1484375 0.09296875
0 0.96953125 0.08828125 0.05546875 0.07890625
0 0.153125 0.09296875 0.03203125 0.03203125
0 0.57421875 0.09453125 0.03671875 0.04140625
0 0.10859375 0.09453125 0.05078125 0.08828125
0 0.04609375 0.096875 0.05546875 0.07421875