0 0.73359375 0.78671875 0.0140625 0.01875
0 0.7453125 0.78671875 0.0140625 0.0234375
0 0.64375 0.78671875 0.009375 0.0140625
0 0.89609375 0.78671875 0.028125 0.03671875
0 0.759375 0.7890625 0.0140625 0.0234375
0 0.92578125 0.7890625 0.0140625 0.028125
0 0.43984375 0.79140625 0.009375 0.0140625
0 0.71328125 0.79375 0.0140625 0.01875
0 0.6203125 0.79375 0.009375 0.009375
0 0.303125 0.79609375 0.009375 0.0140625
0 0.54609375 0.79609375 0.009375 0.0140625
0 0.63203125 0.79609375 0.009375 0.0140625
0 0.65703125 0.79609375 0.009375 0.009375
0 0.67578125 0.79609375 0.0046875 0.0140625
0 0.40546875 0.79609375 0.009375 0.0140625
0 0.5578125 0.79609375 0.009375 0.0140625
0 0.490625 0.7984375 0.009375 0.0140625
0 0.3890625 0.7984375 0.0140625 0.0140625
0 0.32421875 0.80078125 0.009375 0.0140625
0 0.5671875 0.80078125 0.009375 0.0140625
0 0.61328125 0.80078125 0.009375 0.01875
0 0.44921875 0.80078125 0.009375 0.0140625
0 0.66171875 0.80078125 0.009375 0.0140625
0 0.6734375 0.80078125 0.009375 0.01875
0 0.6921875 0.80078125 0.0140625 0.01875
0 0.70390625 0.803125 0.009375 0.01875
0 0.278125 0.803125 0.0046875 0.0140625
0 0.375 0.803125 0.009375 0.009375
0 0.59296875 0.803125 0.0046875 0.009375
0 0.46953125 0.80546875 0.009375 0.01875
0 0.284375 0.80546875 0.0140625 0.01875
0 0.36796875 0.80546875 0.009375 0.0140625
0 0.51875 0.80546875 0.009375 0.009375
0 0.553125 0.80546875 0.0046875 0.0140625
0 0.5859375 0.80546875 0.0046875 0.009375
0 0.54609375 0.80546875 0.009375 0.0140625
0 0.26171875 0.8078125 0.0234375 0.0234375
0 0.45625 0.8078125 0.009375 0.0140625
0 0.60390625 0.8078125 0.009375 0.0140625
0 0.571875 0.8078125 0.0046875 0.009375
0 0.57421875 0.8078125 0.009375 0.0140625
0 0.62265625 0.8078125 0.009375 0.01875
0 0.596875 0.81015625 0.0046875 0.0140625
0 0.509375 0.81015625 0.0046875 0.009375
0 0.49296875 0.81015625 0.009375 0.009375
0 0.52578125 0.8125 0.009375 0.0140625
0 0.35625 0.8125 0.009375 0.0140625
0 0.64140625 0.8125 0.0140625 0.01875
0 0.38203125 0.81484375 0.01875 0.01875
0 0.39140625 0.81484375 0.0140625 0.01875
0 0.0859375 0.81953125 0.03671875 0.04609375
0 0.509375 0.821875 0.009375 0.01875
0 0.79375 0.821875 0.01875 0.028125
0 0.3359375 0.8265625 0.01875 0.028125
0 0.428125 0.8265625 0.03671875 0.05078125
0 0.5859375 0.82890625 0.009375 0.0140625
0 0.3125 0.83359375 0.0234375 0.028125
0 0.23125 0.83359375 0.0234375 0.05078125
0 0.20625 0.83359375 0.028125 0.04609375
0 0.15546875 0.8359375 0.03203125 0.05078125
0 0.24765625 0.84296875 0.03203125 0.05078125
0 0.38203125 0.84453125 0.0234375 0.03203125
0 0.1828125 0.846875 0.028125 0.03671875
0 0.09921875 0.8515625 0.028125 0.06015625
0 0.7359375 0.8515625 0.04140625 0.05546875
0 0.01171875 0.8609375 0.0234375 0.05078125
0 0.30078125 0.8796875 0.04140625 0.06015625
0 0.58828125 0.884375 0.04609375 0.06953125
0 0.66640625 0.90546875 0.04140625 0.06015625
0 0.9328125 0.98125 0.03671875 0.03671875
0 0.909375 0.9859375 0.04140625 0.01875