0 0.87265625 0.13671875 0.009375 0.0140625
0 0.8171875 0.13671875 0.009375 0.0140625
0 0.9765625 0.13671875 0.0140625 0.0140625
0 0.8890625 0.13671875 0.009375 0.0140625
0 0.99296875 0.1390625 0.009375 0.0140625
0 0.75703125 0.14140625 0.009375 0.0140625
0 0.659375 0.14609375 0.009375 0.009375
0 0.80078125 0.14609375 0.009375 0.009375
0 0.8125 0.14609375 0.0140625 0.0140625
0 0.37265625 0.1484375 0.009375 0.009375
0 0.38671875 0.1484375 0.0140625 0.0140625
0 0.73125 0.1484375 0.009375 0.009375
0 0.5 0.15078125 0.009375 0.009375
0 0.39375 0.15078125 0.0046875 0.0140625
0 0.7453125 0.15078125 0.009375 0.0140625
0 0.3515625 0.153125 0.009375 0.009375
0 0.31953125 0.153125 0.009375 0.009375
0 0.40078125 0.153125 0.009375 0.009375
0 0.40546875 0.153125 0.0046875 0.009375
0 0.5046875 0.153125 0.0140625 0.0140625
0 0.3890625 0.15546875 0.009375 0.009375
0 0.25 0.15546875 0.009375 0.009375
0 0.33828125 0.15703125 0.009375 0.0140625
0 0.48359375 0.15703125 0.009375 0.01875
0 0.29140625 0.15703125 0.0046875 0.009375
0 0.1484375 0.159375 0.0140625 0.01875
0 0.00234375 0.159375 0.0046875 0.0140625
0 0.28046875 0.159375 0.009375 0.009375
0 0.34921875 0.159375 0.009375 0.009375
0 0.134375 0.16171875 0.009375 0.0140625
0 0.06015625 0.16171875 0.0046875 0.0046875
0 0.27578125 0.16171875 0.009375 0.0140625
0 0.04609375 0.1640625 0.009375 0.0140625
0 0.02109375 0.1640625 0.0046875 0.0046875
0 0.1734375 0.1640625 0.009375 0.0140625
0 0.221875 0.1640625 0.009375 0.0140625
0 0.25 0.16640625 0.0046875 0.009375
0 0.2640625 0.16640625 0.009375 0.0140625
0 0.240625 0.16640625 0.009375 0.0140625
0 0.23125 0.17109375 0.009375 0.0140625
0 0.6015625 0.1921875 0.01875 0.03203125
0 0.45859375 0.2015625 0.0140625 0.01875
0 0.21953125 0.2015625 0.028125 0.028125
0 0.92578125 0.20625 0.0234375 0.028125
0 0.9859375 0.20625 0.0234375 0.03203125
0 0.76640625 0.20625 0.0234375 0.0234375
0 0.62734375 0.20859375 0.01875 0.028125
0 0.41875 0.20859375 0.0234375 0.03203125
0 0.70859375 0.2109375 0.01875 0.0234375
0 0.303125 0.2109375 0.028125 0.03203125
0 0.51640625 0.2109375 0.028125 0.03203125
0 0.36796875 0.215625 0.0234375 0.03203125
0 0.4515625 0.215625 0.0234375 0.03203125
0 0.6734375 0.215625 0.0140625 0.028125
0 0.87734375 0.215625 0.028125 0.028125
0 0.909375 0.215625 0.028125 0.03203125
0 0.39140625 0.215625 0.0234375 0.04140625
0 0.75 0.21796875 0.0234375 0.03203125
0 0.16875 0.221875 0.01875 0.03203125
0 0.27109375 0.221875 0.0234375 0.03203125
0 0.64375 0.221875 0.0234375 0.03203125
0 0.715625 0.22421875 0.01875 0.03203125
0 0.8265625 0.22421875 0.01875 0.0234375
0 0.73125 0.22421875 0.028125 0.04140625
0 0.46953125 0.2265625 0.0234375 0.028125
0 0.6875 0.2265625 0.01875 0.03203125
0 0.50703125 0.22890625 0.0234375 0.04140625
0 0.55546875 0.23125 0.0234375 0.03671875
0 0.7984375 0.23125 0.0234375 0.03203125
0 0.6015625 0.23359375 0.01875 0.03203125
0 0.87265625 0.2359375 0.01875 0.03203125
0 0.09296875 0.2359375 0.03203125 0.04140625
0 0.9859375 0.23828125 0.028125 0.03671875
0 0.77109375 0.24296875 0.03203125 0.04609375
0 0.346875 0.2453125 0.0234375 0.03671875
0 0.5859375 0.2453125 0.0234375 0.03203125
0 0.8515625 0.24765625 0.028125 0.03203125
0 0.15078125 0.25 0.01875 0.03671875
0 0.29140625 0.25234375 0.028125 0.03671875
0 0.23828125 0.2546875 0.028125 0.03671875
0 0.49765625 0.2546875 0.0234375 0.03671875
0 0.19453125 0.2546875 0.0234375 0.028125
0 0.53203125 0.2546875 0.01875 0.028125
0 0.66875 0.2546875 0.028125 0.03671875
0 0.9328125 0.25703125 0.01875 0.03203125
0 0.37265625 0.25703125 0.0234375 0.04140625
0 0.125 0.259375 0.03203125 0.03203125
0 0.02578125 0.259375 0.03671875 0.04609375
0 0.06484375 0.259375 0.03203125 0.03671875
0 0.95859375 0.26171875 0.028125 0.03671875
0 0.43984375 0.2640625 0.01875 0.03203125
0 0.91640625 0.2640625 0.03203125 0.04609375
0 0.63203125 0.26875 0.028125 0.03671875
0 0.40703125 0.27109375 0.028125 0.03203125
0 0.16640625 0.278125 0.0234375 0.028125
0 0.85859375 0.284375 0.028125 0.04140625
0 0.21796875 0.284375 0.0234375 0.03671875
0 0.284375 0.28671875 0.0234375 0.03671875
0 0.04609375 0.28671875 0.028125 0.04140625
0 0.72890625 0.28671875 0.03203125 0.04140625
0 0.115625 0.30546875 0.03203125 0.04140625
0 0.571875 0.31953125 0.028125 0.03671875
0 0.2453125 0.33125 0.0234375 0.03203125
0 0.80546875 0.3359375 0.03203125 0.04609375
0 0.19453125 0.340625 0.028125 0.03671875
0 0.965625 0.35859375 0.028125 0.04609375
0 0.01875 0.3984375 0.028125 0.04140625
0 0.96796875 0.60390625 0.06015625 0.07890625
0 0.49296875 0.715625 0.03671875 0.05078125