0 0.1109375 0.40078125 0.17578125 0.19921875
0 0.40703125 0.4421875 0.09296875 0.14375
0 0.82890625 0.50234375 0.1296875 0.1484375
0 0.31484375 0.5046875 0.1203125 0.153125
0 0.67578125 0.51171875 0.08828125 0.1390625
0 0.159375 0.5234375 0.15703125 0.1484375
0 0.5859375 0.528125 0.1203125 0.17578125
0 0.51640625 0.55546875 0.134375 0.19921875
0 0.95625 0.5765625 0.07890625 0.17109375
0 0.74765625 0.65703125 0.10625 0.16171875
0 0.5765625 0.71328125 0.09296875 0.16640625
0 0.67578125 0.73828125 0.1015625 0.16640625