0 0.0140625 0.384375 0.028125 0.06015625
0 0.0578125 0.384375 0.028125 0.05078125
0 0.009375 0.409375 0.01875 0.03671875
0 0.09921875 0.45390625 0.028125 0.06015625
0 0.071875 0.46328125 0.028125 0.05546875
0 0.78046875 0.48828125 0.03203125 0.06484375
0 0.840625 0.49296875 0.028125 0.04609375
0 0.009375 0.49765625 0.01875 0.05078125
0 0.52578125 0.49765625 0.028125 0.05546875
0 0.48359375 0.5046875 0.0234375 0.05078125
0 0.1109375 0.53671875 0.028125 0.06015625
0 0.03046875 0.54375 0.03671875 0.06015625
0 0.1296875 0.56015625 0.0234375 0.05078125
0 0.0671875 0.56015625 0.028125 0.04609375
0 0.00703125 0.56953125 0.0140625 0.04140625
0 0.23828125 0.571875 0.01875 0.028125
0 0.70390625 0.590625 0.03203125 0.06015625
0 0.2890625 0.59453125 0.028125 0.04609375
0 0.84453125 0.59453125 0.028125 0.05078125
0 0.33125 0.596875 0.028125 0.04140625
0 0.79609375 0.59921875 0.028125 0.0234375
0 0.3984375 0.6015625 0.0234375 0.05078125
0 0.44921875 0.60625 0.028125 0.05078125
0 0.91171875 0.60859375 0.0234375 0.06015625
0 0.5625 0.6109375 0.03203125 0.06015625
0 0.965625 0.615625 0.03203125 0.05546875
0 0.48828125 0.615625 0.01875 0.05078125
0 0.39140625 0.61796875 0.028125 0.05078125
0 0.92578125 0.6203125 0.0234375 0.05546875
0 0.428125 0.62265625 0.0234375 0.06015625
0 0.60859375 0.62265625 0.03203125 0.06015625
0 0.50703125 0.625 0.0234375 0.05078125
0 0.85859375 0.625 0.028125 0.05546875
0 0.73359375 0.62734375 0.03671875 0.06484375
0 0.69453125 0.63671875 0.01875 0.03671875
0 0.10390625 0.63671875 0.03671875 0.05546875
0 0.7890625 0.6390625 0.03203125 0.05078125
0 0.67578125 0.64140625 0.028125 0.05078125
0 0.21796875 0.64140625 0.028125 0.06484375
0 0.178125 0.64609375 0.03203125 0.06484375
0 0.1484375 0.6484375 0.03203125 0.06953125
0 0.009375 0.6640625 0.01875 0.04609375
0 0.06484375 0.69453125 0.028125 0.05546875
0 0.01640625 0.721875 0.028125 0.04140625
0 0.32421875 0.73359375 0.03203125 0.06015625
0 0.5234375 0.740625 0.03203125 0.06484375
0 0.46796875 0.74765625 0.0234375 0.06484375
0 0.284375 0.7546875 0.0234375 0.05546875
0 0.2546875 0.76875 0.03671875 0.07890625
0 0.6484375 0.77578125 0.03203125 0.06015625
0 0.2109375 0.77578125 0.03203125 0.05078125
0 0.125 0.78046875 0.028125 0.06484375
0 0.83828125 0.78203125 0.028125 0.06015625
0 0.19453125 0.79609375 0.028125 0.05078125
0 0.153125 0.80078125 0.03671875 0.05546875
0 0.0859375 0.8125 0.03203125 0.05546875
0 0.01171875 0.8125 0.0234375 0.04140625
0 0.73828125 0.86328125 0.03671875 0.06953125
0 0.85859375 0.86796875 0.0234375 0.04140625
0 0.009375 0.8703125 0.01875 0.05546875
0 0.9609375 0.8703125 0.03203125 0.05078125
0 0.58359375 0.884375 0.04140625 0.06484375
0 0.653125 0.909375 0.04140625 0.06484375
0 0.5046875 0.91171875 0.03203125 0.06484375
0 0.7890625 0.91640625 0.03203125 0.07421875
0 0.8359375 0.928125 0.03671875 0.07421875
0 0.54140625 0.9375 0.03671875 0.06484375
0 0.39140625 0.94453125 0.05078125 0.07421875
0 0.8890625 0.94453125 0.03671875 0.06015625
0 0.76171875 0.9609375 0.03671875 0.06015625
0 0.4515625 0.9609375 0.04609375 0.06484375
0 0.678125 0.965625 0.03671875 0.06015625
0 0.5671875 0.97890625 0.04140625 0.03671875
0 0.6390625 0.28671875 0.03203125 0.05546875