0 0.4328125 0.66171875 0.0046875 0.0046875
0 0.4859375 0.66171875 0.0140625 0.01875
0 0.528125 0.6640625 0.0046875 0.009375
0 0.446875 0.6640625 0.0140625 0.028125
0 0.05078125 0.6640625 0.0234375 0.03671875
0 0.62734375 0.6640625 0.009375 0.009375
0 0.409375 0.6640625 0.009375 0.01875
0 0.57890625 0.6640625 0.0046875 0.009375
0 0.35859375 0.66640625 0.0234375 0.03671875
0 0.3265625 0.66640625 0.0140625 0.01875
0 0.59296875 0.66640625 0.009375 0.009375
0 0.60625 0.66640625 0.0046875 0.009375
0 0.465625 0.66875 0.009375 0.009375
0 0.471875 0.66875 0.0046875 0.009375
0 0.1015625 0.66875 0.0140625 0.03671875
0 0.29375 0.66875 0.0140625 0.0234375
0 0.54140625 0.66875 0.0046875 0.009375
0 0.49765625 0.66875 0.0046875 0.009375
0 0.78671875 0.66875 0.0234375 0.04140625
0 0.41875 0.66875 0.0234375 0.03671875
0 0.5859375 0.66875 0.0140625 0.01875
0 0.615625 0.66875 0.0046875 0.009375
0 0.53203125 0.66875 0.009375 0.0140625
0 0.67109375 0.66875 0.01875 0.0234375
0 0.16171875 0.66875 0.03203125 0.05546875
0 0.56015625 0.66875 0.009375 0.0140625
0 0.59921875 0.67109375 0.009375 0.009375
0 0.6921875 0.67109375 0.0140625 0.01875
0 0.340625 0.67109375 0.009375 0.01875
0 0.51640625 0.67109375 0.009375 0.01875
0 0.33125 0.67109375 0.0140625 0.0234375
0 0.54609375 0.6734375 0.009375 0.009375
0 0.45859375 0.6734375 0.009375 0.0140625
0 0.62265625 0.6734375 0.009375 0.0140625
0 0.60859375 0.6734375 0.009375 0.009375
0 0.3078125 0.6734375 0.01875 0.028125
0 0.596875 0.67578125 0.009375 0.009375
0 0.22890625 0.678125 0.028125 0.04140625
0 0.62734375 0.678125 0.009375 0.0140625
0 0.2734375 0.678125 0.0234375 0.03203125
0 0.39140625 0.678125 0.0140625 0.0234375
0 0.37734375 0.678125 0.0140625 0.01875
0 0.51171875 0.678125 0.009375 0.0140625
0 0.13671875 0.68046875 0.028125 0.03671875
0 0.0859375 0.68046875 0.028125 0.05546875
0 0.5390625 0.6828125 0.028125 0.028125
0 0.49765625 0.68984375 0.0140625 0.0234375
0 0.43984375 0.6921875 0.01875 0.028125
0 0.3171875 0.69453125 0.0140625 0.03203125
0 0.48359375 0.69453125 0.01875 0.028125
0 0.2015625 0.696875 0.03203125 0.04609375
0 0.44921875 0.70390625 0.01875 0.03203125
0 0.33125 0.70390625 0.0234375 0.03671875
0 0.365625 0.70625 0.028125 0.03671875
0 0.3984375 0.70625 0.01875 0.03203125
0 0.5578125 0.70859375 0.028125 0.04140625
0 0.26171875 0.70859375 0.03203125 0.05078125
0 0.4765625 0.71328125 0.0234375 0.04140625
0 0.846875 0.71328125 0.03671875 0.05078125
0 0.60390625 0.71796875 0.01875 0.04140625
0 0.62265625 0.7265625 0.03203125 0.06484375
0 0.52109375 0.7359375 0.04609375 0.07890625
0 0.66640625 0.7546875 0.0234375 0.03671875
0 0.3078125 0.79375 0.028125 0.05078125