0 0.884375 0.25703125 0.028125 0.03203125
0 0.79140625 0.25703125 0.0140625 0.0140625
0 0.62734375 0.25703125 0.009375 0.0140625
0 0.77578125 0.259375 0.0140625 0.01875
0 0.81484375 0.259375 0.0234375 0.028125
0 0.659375 0.26640625 0.0140625 0.009375
0 0.95390625 0.2734375 0.03203125 0.04609375
0 0.678125 0.278125 0.01875 0.0234375
0 0.72421875 0.278125 0.0140625 0.01875
0 0.83359375 0.28046875 0.028125 0.03203125
0 0.57421875 0.284375 0.01875 0.028125
0 0.8078125 0.284375 0.0140625 0.0234375
0 0.509375 0.28671875 0.01875 0.01875
0 0.375 0.28671875 0.028125 0.028125
0 0.60859375 0.2890625 0.0234375 0.028125
0 0.69921875 0.2890625 0.0234375 0.0234375
0 0.5578125 0.2890625 0.028125 0.03671875
0 0.465625 0.2890625 0.0234375 0.028125
0 0.5234375 0.29375 0.01875 0.0234375
0 0.54375 0.29609375 0.0046875 0.0140625
0 0.76640625 0.29609375 0.028125 0.0234375
0 0.34453125 0.2984375 0.0140625 0.0234375
0 0.8703125 0.2984375 0.03203125 0.04609375
0 0.05546875 0.2984375 0.028125 0.028125
0 0.32890625 0.303125 0.0234375 0.028125
0 0.6828125 0.303125 0.0234375 0.0234375
0 0.65703125 0.30546875 0.01875 0.028125
0 0.1828125 0.30546875 0.0234375 0.028125
0 0.31015625 0.3078125 0.0234375 0.028125
0 0.71796875 0.3078125 0.028125 0.0234375
0 0.28046875 0.3078125 0.028125 0.03671875
0 0.028125 0.3078125 0.01875 0.0234375
0 0.64140625 0.31015625 0.0140625 0.0234375
0 0.81953125 0.31015625 0.028125 0.04140625
0 0.0390625 0.31015625 0.009375 0.028125
0 0.42578125 0.31484375 0.028125 0.0234375
0 0.090625 0.31484375 0.01875 0.0234375
0 0.1484375 0.3171875 0.01875 0.0234375
0 0.071875 0.3171875 0.0234375 0.028125
0 0.29140625 0.3171875 0.0234375 0.03203125
0 0.3796875 0.31953125 0.0234375 0.03203125
0 0.45859375 0.31953125 0.01875 0.03203125
0 0.18515625 0.31953125 0.01875 0.028125
0 0.1296875 0.321875 0.028125 0.03203125
0 0.44453125 0.321875 0.0234375 0.03203125
0 0.3703125 0.3265625 0.0234375 0.03203125
0 0.5 0.3265625 0.01875 0.028125
0 0.48125 0.3265625 0.0234375 0.03671875
0 0.01171875 0.32890625 0.0234375 0.04609375
0 0.35390625 0.33125 0.0234375 0.03203125
0 0.40546875 0.33125 0.0234375 0.03671875
0 0.76171875 0.340625 0.04140625 0.05078125
0 0.1109375 0.340625 0.0234375 0.03203125
0 0.73125 0.34296875 0.028125 0.04140625
0 0.08359375 0.34453125 0.0234375 0.0234375
0 0.2265625 0.3515625 0.028125 0.03203125
0 0.6296875 0.35390625 0.028125 0.03203125
0 0.16171875 0.35625 0.0234375 0.028125
0 0.57890625 0.365625 0.0234375 0.03671875
0 0.09921875 0.365625 0.03203125 0.04140625
0 0.41875 0.38203125 0.0234375 0.03203125
0 0.51640625 0.38203125 0.05078125 0.06953125
0 0.1296875 0.39609375 0.0234375 0.03671875
0 0.590625 0.3984375 0.01875 0.028125
0 0.1921875 0.42578125 0.0234375 0.03203125
0 0.04375 0.42578125 0.028125 0.03203125
0 0.09921875 0.43515625 0.0234375 0.03671875
0 0.2265625 0.44921875 0.01875 0.03671875
0 0.1734375 0.46328125 0.0234375 0.03203125
0 0.6828125 0.465625 0.0234375 0.04140625