0 0.509375 0.1484375 0.0140625 0.01875
0 0.6640625 0.1484375 0.0234375 0.0234375
0 0.04140625 0.15078125 0.01875 0.028125
0 0.44921875 0.15078125 0.028125 0.03203125
0 0.82890625 0.153125 0.03203125 0.04609375
0 0.5578125 0.15546875 0.0234375 0.0234375
0 0.52109375 0.15546875 0.01875 0.01875
0 0.0859375 0.15703125 0.0140625 0.028125
0 0.59921875 0.159375 0.028125 0.03203125
0 0.57890625 0.159375 0.01875 0.028125
0 0.009375 0.16171875 0.01875 0.03671875
0 0.6390625 0.16171875 0.01875 0.028125
0 0.74765625 0.16171875 0.01875 0.028125
0 0.49765625 0.1640625 0.01875 0.0234375
0 0.090625 0.1640625 0.0140625 0.028125
0 0.4140625 0.16640625 0.0234375 0.028125
0 0.0671875 0.16875 0.01875 0.03203125
0 0.909375 0.1734375 0.0234375 0.028125
0 0.528125 0.17578125 0.01875 0.0234375
0 0.10859375 0.178125 0.0140625 0.01875
0 0.678125 0.18046875 0.0234375 0.028125
0 0.81484375 0.1828125 0.028125 0.03671875
0 0.54140625 0.18515625 0.0234375 0.03203125
0 0.153125 0.18515625 0.028125 0.04609375
0 0.659375 0.18515625 0.0234375 0.03671875
0 0.5671875 0.1875 0.028125 0.03203125
0 0.21953125 0.18984375 0.0140625 0.03671875
0 0.3796875 0.1921875 0.0234375 0.04140625
0 0.49296875 0.1921875 0.028125 0.04140625
0 0.71796875 0.1921875 0.0234375 0.03203125
0 0.52109375 0.196875 0.0234375 0.01875
0 0.0234375 0.196875 0.03203125 0.04609375
0 0.115625 0.19921875 0.0234375 0.03671875
0 0.34453125 0.20390625 0.028125 0.04609375
0 0.75234375 0.20625 0.028125 0.03671875
0 0.06015625 0.20625 0.028125 0.03671875
0 0.99296875 0.20859375 0.0046875 0.03671875
0 0.19453125 0.20859375 0.0234375 0.03203125
0 0.83125 0.2109375 0.028125 0.05078125
0 0.471875 0.2109375 0.03203125 0.04140625
0 0.41640625 0.2109375 0.0234375 0.04609375
0 0.73125 0.21328125 0.0234375 0.03203125
0 0.909375 0.215625 0.0234375 0.04140625
0 0.58828125 0.221875 0.03203125 0.04609375
0 0.865625 0.22421875 0.03203125 0.04140625
0 0.509375 0.2265625 0.0234375 0.03203125
0 0.0484375 0.23125 0.03203125 0.05078125
0 0.16875 0.23359375 0.028125 0.04140625
0 0.5484375 0.23359375 0.03203125 0.04140625
0 0.60625 0.2359375 0.03671875 0.04609375
0 0.84921875 0.240625 0.01875 0.03203125
0 0.1390625 0.259375 0.028125 0.03203125
0 0.96328125 0.27578125 0.04140625 0.04140625
0 0.17578125 0.27578125 0.028125 0.028125
0 0.0625 0.28046875 0.03203125 0.04609375
0 0.34453125 0.28046875 0.03671875 0.04609375
0 0.0234375 0.2890625 0.03203125 0.05078125
0 0.39609375 0.29375 0.03671875 0.05078125
0 0.48359375 0.2984375 0.03203125 0.05078125
0 0.12265625 0.2984375 0.0234375 0.04609375
0 0.17109375 0.31484375 0.04140625 0.05546875
0 0.09296875 0.3265625 0.03203125 0.04609375
0 0.28046875 0.32890625 0.03203125 0.06015625
0 0.7734375 0.34296875 0.03203125 0.04609375
0 0.79375 0.34453125 0.03671875 0.04609375
0 0.721875 0.346875 0.03671875 0.03671875
0 0.321875 0.346875 0.04140625 0.04609375
0 0.20390625 0.34921875 0.03671875 0.06015625
0 0.98125 0.3515625 0.028125 0.05546875
0 0.571875 0.3515625 0.04140625 0.05078125
0 0.13203125 0.35859375 0.04140625 0.06484375
0 0.0140625 0.3609375 0.028125 0.04609375
0 0.634375 0.37734375 0.04140625 0.05546875
0 0.73828125 0.3890625 0.04140625 0.06015625
0 0.10625 0.40703125 0.04140625 0.05078125
0 0.45625 0.40703125 0.028125 0.05078125
0 0.41875 0.409375 0.04140625 0.06015625
0 0.3078125 0.4140625 0.05546875 0.09296875
0 0.803125 0.41875 0.06484375 0.07890625
0 0.54140625 0.42109375 0.04609375 0.09296875
0 0.70859375 0.42109375 0.06015625 0.08828125
0 0.66171875 0.4375 0.03203125 0.07890625
0 0.49296875 0.43984375 0.05078125 0.07421875
0 0.98359375 0.4421875 0.03203125 0.07421875
0 0.03203125 0.44453125 0.0640625 0.1109375
0 0.74765625 0.446875 0.03671875 0.05078125
0 0.884375 0.4515625 0.05546875 0.05078125
0 0.59296875 0.45390625 0.05546875 0.096875
0 0.1640625 0.45859375 0.05546875 0.08359375
0 0.95859375 0.46796875 0.05546875 0.07890625
0 0.446875 0.471875 0.05078125 0.07421875
0 0.68984375 0.48359375 0.06015625 0.08828125
0 0.37734375 0.48359375 0.05546875 0.07890625
0 0.92578125 0.4859375 0.03203125 0.06015625
0 0.8796875 0.5140625 0.06484375 0.08359375
0 0.97890625 0.52109375 0.04140625 0.07421875