0 0.5140625 0.16171875 0.01875 0.01875
0 0.60859375 0.1640625 0.0140625 0.0140625
0 0.57890625 0.16640625 0.0140625 0.01875
0 0.3796875 0.16640625 0.0234375 0.028125
0 0.54375 0.16875 0.028125 0.0234375
0 0.028125 0.17109375 0.028125 0.028125
0 0.16171875 0.1734375 0.028125 0.03203125
0 0.49296875 0.1734375 0.028125 0.01875
0 0.7015625 0.17578125 0.01875 0.03671875
0 0.68515625 0.178125 0.028125 0.03203125
0 0.35625 0.178125 0.028125 0.03203125
0 0.4234375 0.18046875 0.0140625 0.0234375
0 0.39140625 0.1828125 0.0234375 0.0234375
0 0.58828125 0.1828125 0.01875 0.028125
0 0.5234375 0.18515625 0.01875 0.01875
0 0.56484375 0.18515625 0.0234375 0.0234375
0 0.63203125 0.1875 0.0234375 0.028125
0 0.446875 0.18984375 0.0234375 0.03203125
0 0.07890625 0.19453125 0.009375 0.01875
0 0.9375 0.19453125 0.0234375 0.028125
0 0.73359375 0.196875 0.028125 0.04140625
0 0.24765625 0.19921875 0.028125 0.03203125
0 0.009375 0.19921875 0.01875 0.03671875
0 0.1015625 0.19921875 0.0140625 0.0234375
0 0.19921875 0.2015625 0.028125 0.04140625
0 0.02578125 0.2015625 0.0234375 0.028125
0 0.65078125 0.2015625 0.028125 0.03203125
0 0.21796875 0.20390625 0.0234375 0.03203125
0 0.29609375 0.20390625 0.028125 0.04140625
0 0.375 0.20390625 0.03203125 0.03671875
0 0.48359375 0.20390625 0.028125 0.03203125
0 0.0578125 0.20859375 0.0234375 0.028125
0 0.57421875 0.2109375 0.0234375 0.03203125
0 0.46328125 0.21328125 0.028125 0.03203125
0 0.8265625 0.21328125 0.03671875 0.04609375
0 0.865625 0.215625 0.01875 0.03203125
0 0.95625 0.215625 0.028125 0.04609375
0 0.1296875 0.21796875 0.028125 0.03203125
0 0.31484375 0.21796875 0.028125 0.04140625
0 0.40703125 0.221875 0.0234375 0.03671875
0 0.98125 0.221875 0.028125 0.04609375
0 0.93515625 0.22890625 0.03203125 0.04140625
0 0.78671875 0.22890625 0.028125 0.03671875
0 0.88203125 0.23828125 0.028125 0.04140625
0 0.90078125 0.23828125 0.028125 0.05546875
0 0.50703125 0.23828125 0.028125 0.04609375
0 0.16171875 0.240625 0.028125 0.028125
0 0.01875 0.240625 0.028125 0.04140625
0 0.61796875 0.24296875 0.03203125 0.05078125
0 0.259375 0.24296875 0.028125 0.03671875
0 0.2265625 0.25703125 0.03203125 0.04140625
0 0.534375 0.26171875 0.03203125 0.05078125
0 0.0625 0.2640625 0.03671875 0.03671875
0 0.34921875 0.26640625 0.03203125 0.03203125
0 0.1296875 0.26875 0.03203125 0.04140625
0 0.93046875 0.278125 0.0234375 0.03203125
0 0.59296875 0.284375 0.04140625 0.05546875
0 0.8609375 0.2890625 0.03203125 0.05078125
0 0.34921875 0.29609375 0.04140625 0.05078125
0 0.4765625 0.30078125 0.03203125 0.04609375
0 0.72890625 0.3125 0.03671875 0.06015625
0 0.0390625 0.3171875 0.04140625 0.05078125
0 0.25 0.321875 0.04140625 0.05078125
0 0.8359375 0.32421875 0.028125 0.04140625
0 0.8125 0.33359375 0.03671875 0.05078125
0 0.10390625 0.3359375 0.03671875 0.05078125
0 0.76640625 0.33828125 0.03671875 0.05078125
0 0.4328125 0.340625 0.04140625 0.06015625
0 0.13671875 0.340625 0.04140625 0.05546875
0 0.22421875 0.34296875 0.04140625 0.05078125
0 0.4859375 0.3515625 0.04140625 0.05546875
0 0.71796875 0.3515625 0.03203125 0.028125
0 0.2109375 0.35859375 0.03203125 0.05546875
0 0.31484375 0.3609375 0.03203125 0.03203125
0 0.596875 0.365625 0.04140625 0.05078125
0 0.56953125 0.365625 0.028125 0.05078125
0 0.01875 0.37734375 0.028125 0.03671875
0 0.1828125 0.3796875 0.03203125 0.04609375
0 0.90703125 0.38203125 0.04140625 0.04609375
0 0.08828125 0.38671875 0.03671875 0.05546875
0 0.28671875 0.38671875 0.04609375 0.04140625
0 0.31484375 0.39140625 0.03203125 0.04609375
0 0.84296875 0.39609375 0.04140625 0.04609375
0 0.74296875 0.3984375 0.04140625 0.07421875
0 0.69453125 0.3984375 0.05078125 0.05546875
0 0.4421875 0.41171875 0.03671875 0.03671875
0 0.76875 0.4140625 0.028125 0.04609375
0 0.80546875 0.41875 0.05078125 0.05078125
0 0.90546875 0.4234375 0.03671875 0.03203125
0 0.8703125 0.4234375 0.04609375 0.04140625
0 0.55546875 0.428125 0.03203125 0.05078125
0 0.72421875 0.4375 0.06015625 0.09296875
0 0.19453125 0.43984375 0.03203125 0.07890625
0 0.60390625 0.43984375 0.06015625 0.07421875
0 0.02578125 0.446875 0.05078125 0.07421875
0 0.14140625 0.446875 0.04140625 0.06484375
0 0.240625 0.44921875 0.05078125 0.1015625
0 0.47421875 0.45390625 0.04609375 0.07421875
0 0.51171875 0.45625 0.05078125 0.08828125
0 0.85390625 0.45625 0.03671875 0.04609375
0 0.68984375 0.45859375 0.03203125 0.05546875
0 0.42578125 0.46328125 0.05546875 0.05546875
0 0.93046875 0.471875 0.03671875 0.06484375
0 0.884375 0.4765625 0.03671875 0.04140625
0 0.2734375 0.47890625 0.05546875 0.09296875
0 0.9765625 0.47890625 0.04609375 0.09296875
0 0.7984375 0.48828125 0.06015625 0.08828125
0 0.09453125 0.49296875 0.06015625 0.08359375
0 0.3078125 0.49765625 0.028125 0.05546875
0 0.35625 0.50703125 0.04609375 0.08359375
0 0.39140625 0.51171875 0.03671875 0.08828125
0 0.590625 0.5140625 0.06015625 0.08828125
0 0.4328125 0.52578125 0.06484375 0.08828125
0 0.65546875 0.53203125 0.05546875 0.07421875
0 0.90078125 0.58359375 0.07890625 0.1296875
0 0.071875 0.634375 0.09296875 0.153125