0 0.6921875 0.196875 0.06015625 0.08359375
0 0.49765625 0.19921875 0.05078125 0.06484375
0 0.84453125 0.20390625 0.07421875 0.1109375
0 0.903125 0.21796875 0.06953125 0.08828125
0 0.446875 0.21953125 0.06484375 0.096875
0 0.778125 0.2359375 0.06015625 0.096875
0 0.64375 0.23828125 0.04609375 0.07421875
0 0.6109375 0.25234375 0.06484375 0.08828125
0 0.30546875 0.26875 0.06015625 0.07890625
0 0.0578125 0.27109375 0.08828125 0.1109375
0 0.15703125 0.27578125 0.08359375 0.125
0 0.21953125 0.278125 0.06484375 0.096875
0 0.56015625 0.278125 0.06015625 0.06953125
0 0.2734375 0.28671875 0.06015625 0.08828125
0 0.35390625 0.303125 0.08359375 0.09296875
0 0.80546875 0.38671875 0.08359375 0.1015625
0 0.6109375 0.4234375 0.08359375 0.09296875
0 0.4328125 0.45625 0.07890625 0.096875
0 0.25703125 0.46328125 0.07421875 0.096875
0 0.971875 0.17109375 0.05078125 0.10625