0 0.53203125 0.23125 0.0046875 0.009375
0 0.5234375 0.23828125 0.0046875 0.0046875
0 0.6109375 0.23828125 0.0046875 0.009375
0 0.60390625 0.240625 0.009375 0.0046875
0 0.6203125 0.240625 0.0046875 0.009375
0 0.51875 0.240625 0.0046875 0.0046875
0 0.64375 0.240625 0.009375 0.0140625
0 0.59453125 0.24296875 0.0046875 0.009375
0 0.553125 0.24296875 0.0046875 0.009375
0 0.63671875 0.24296875 0.0140625 0.0140625
0 0.53671875 0.24296875 0.009375 0.009375
0 0.58828125 0.24296875 0.009375 0.009375
0 0.5234375 0.24296875 0.0046875 0.0046875
0 0.68515625 0.24296875 0.0046875 0.009375
0 0.60625 0.2453125 0.0046875 0.009375
0 0.5625 0.2453125 0.009375 0.009375
0 0.471875 0.2453125 0.009375 0.0140625
0 0.53203125 0.2453125 0.0046875 0.009375
0 0.51875 0.2453125 0.0046875 0.0046875
0 0.571875 0.2453125 0.0046875 0.009375
0 0.58125 0.2453125 0.0140625 0.01875
0 0.71796875 0.24765625 0.009375 0.0140625
0 0.54609375 0.24765625 0.0046875 0.0140625
0 0.66171875 0.24765625 0.009375 0.0140625
0 0.721875 0.24765625 0.009375 0.0140625
0 0.4765625 0.25 0.0046875 0.0046875
0 0.7640625 0.25 0.009375 0.009375
0 0.70625 0.25 0.009375 0.009375
0 0.74765625 0.25 0.009375 0.009375
0 0.61796875 0.25234375 0.009375 0.009375
0 0.5859375 0.25234375 0.009375 0.009375
0 0.55546875 0.25234375 0.0046875 0.009375
0 0.528125 0.25234375 0.009375 0.009375
0 0.596875 0.25234375 0.009375 0.0140625
0 0.6296875 0.25234375 0.0140625 0.009375
0 0.8125 0.2546875 0.009375 0.009375
0 0.56484375 0.2546875 0.0046875 0.0140625
0 0.69921875 0.2546875 0.009375 0.0140625
0 0.7546875 0.2546875 0.0046875 0.0046875
0 0.85390625 0.2546875 0.009375 0.0046875
0 0.60625 0.2546875 0.009375 0.009375
0 0.740625 0.2546875 0.009375 0.009375
0 0.678125 0.2546875 0.009375 0.009375
0 0.72890625 0.2546875 0.0046875 0.0046875
0 0.76875 0.25703125 0.009375 0.009375
0 0.86796875 0.25703125 0.009375 0.009375
0 0.82421875 0.25703125 0.009375 0.0140625
0 0.62265625 0.25703125 0.009375 0.0046875
0 0.6484375 0.25703125 0.009375 0.0140625
0 0.83828125 0.25703125 0.0046875 0.0046875
0 0.534375 0.25703125 0.009375 0.0140625
0 0.6875 0.25703125 0.009375 0.009375
0 0.78671875 0.25703125 0.009375 0.0140625
0 0.5234375 0.259375 0.009375 0.009375
0 0.71328125 0.259375 0.0140625 0.009375
0 0.73125 0.259375 0.009375 0.0046875
0 0.47421875 0.259375 0.009375 0.009375
0 0.803125 0.259375 0.009375 0.0140625
0 0.66640625 0.26171875 0.0140625 0.01875
0 0.79375 0.26171875 0.009375 0.009375
0 0.75703125 0.2640625 0.009375 0.009375
0 0.9515625 0.2640625 0.009375 0.0046875
0 0.54609375 0.2640625 0.009375 0.009375
0 0.8796875 0.2640625 0.0140625 0.0140625
0 0.990625 0.2640625 0.009375 0.01875
0 0.63203125 0.2640625 0.0140625 0.0140625
0 0.98359375 0.26640625 0.009375 0.009375
0 0.65703125 0.26640625 0.0140625 0.0140625
0 0.58359375 0.26640625 0.0046875 0.009375
0 0.846875 0.26640625 0.009375 0.0046875
0 0.971875 0.26640625 0.009375 0.0046875
0 0.62265625 0.26640625 0.0140625 0.0140625
0 0.81484375 0.26875 0.0140625 0.01875
0 0.83359375 0.26875 0.0140625 0.01875
0 0.9328125 0.26875 0.009375 0.0140625
0 0.5625 0.26875 0.009375 0.0140625
0 0.6828125 0.26875 0.009375 0.0140625
0 0.69453125 0.26875 0.009375 0.009375
0 0.9375 0.26875 0.009375 0.009375
0 0.51640625 0.26875 0.009375 0.01875
0 0.64609375 0.26875 0.0140625 0.01875
0 0.71953125 0.26875 0.009375 0.009375
0 0.96328125 0.26875 0.009375 0.0046875
0 0.73125 0.27109375 0.0140625 0.009375
0 0.47421875 0.27109375 0.009375 0.009375
0 0.85859375 0.27109375 0.009375 0.009375
0 0.49296875 0.27109375 0.009375 0.009375
0 0.90703125 0.2734375 0.009375 0.0140625
0 0.76875 0.2734375 0.0140625 0.0140625
0 0.9140625 0.2734375 0.0140625 0.0140625
0 0.9765625 0.2734375 0.009375 0.0140625
0 0.70859375 0.2734375 0.0140625 0.0140625
0 0.8984375 0.27578125 0.0140625 0.01875
0 0.95625 0.27578125 0.009375 0.009375
0 0.54375 0.27578125 0.009375 0.0140625
0 0.7546875 0.27578125 0.0140625 0.01875
0 0.590625 0.27578125 0.0140625 0.0140625
0 0.528125 0.27578125 0.0140625 0.01875
0 0.69453125 0.27578125 0.009375 0.009375
0 0.79609375 0.27578125 0.0140625 0.01875
0 0.96953125 0.27578125 0.009375 0.009375
0 0.784375 0.278125 0.01875 0.01875
0 0.8125 0.278125 0.009375 0.0140625
0 0.60625 0.278125 0.009375 0.0234375
0 0.63671875 0.278125 0.0140625 0.01875
0 0.5578125 0.28046875 0.009375 0.0140625
0 0.125 0.28203125 0.05078125 0.05546875
0 0.6109375 0.284375 0.0140625 0.0140625
0 0.71953125 0.284375 0.0140625 0.01875
0 0.653125 0.284375 0.0140625 0.01875
0 0.6828125 0.284375 0.01875 0.01875
0 0.7359375 0.28671875 0.0140625 0.0140625
0 0.50703125 0.28671875 0.0234375 0.0234375
0 0.54609375 0.28671875 0.0140625 0.01875
0 0.8890625 0.28671875 0.0140625 0.0140625
0 0.59296875 0.28671875 0.01875 0.01875
0 0.70625 0.2890625 0.0140625 0.0140625
0 0.6296875 0.2890625 0.0140625 0.01875
0 0.96328125 0.29140625 0.0140625 0.009375
0 0.840625 0.29140625 0.01875 0.01875
0 0.659375 0.29140625 0.0140625 0.0234375
0 0.82421875 0.29140625 0.0234375 0.0234375
0 0.94453125 0.29140625 0.01875 0.028125
0 0.77578125 0.29375 0.01875 0.0234375
0 0.92109375 0.29375 0.009375 0.0140625
0 0.971875 0.29375 0.0140625 0.0234375
0 0.759375 0.29375 0.0140625 0.01875
0 0.61796875 0.29609375 0.01875 0.01875
0 0.67109375 0.29609375 0.0140625 0.0140625
0 0.990625 0.2984375 0.0140625 0.0234375
0 0.803125 0.2984375 0.0140625 0.0140625
0 0.409375 0.2984375 0.0234375 0.03203125
0 0.90546875 0.30078125 0.01875 0.01875
0 0.85390625 0.30078125 0.0140625 0.01875
0 0.8890625 0.30078125 0.01875 0.0140625
0 0.59296875 0.303125 0.01875 0.01875
0 0.55546875 0.303125 0.0140625 0.0234375
0 0.7109375 0.303125 0.01875 0.0234375
0 0.78671875 0.30546875 0.01875 0.01875
0 0.4609375 0.30546875 0.01875 0.028125
0 0.5 0.30546875 0.01875 0.0234375
0 0.5140625 0.30546875 0.01875 0.03203125
0 0.53046875 0.30546875 0.01875 0.028125
0 0.57421875 0.3078125 0.01875 0.0234375
0 0.83828125 0.3078125 0.01875 0.0234375
0 0.73828125 0.3125 0.0234375 0.0234375
0 0.9953125 0.3125 0.009375 0.0234375
0 0.66171875 0.31484375 0.0140625 0.0234375
0 0.03671875 0.3171875 0.03671875 0.05078125
0 0.06953125 0.3171875 0.03203125 0.04140625
0 0.26640625 0.3171875 0.028125 0.03203125
0 0.98359375 0.3171875 0.01875 0.0234375
0 0.590625 0.31953125 0.01875 0.028125
0 0.20859375 0.31953125 0.03203125 0.04609375
0 0.43515625 0.321875 0.0234375 0.03203125
0 0.384375 0.32421875 0.0234375 0.03671875
0 0.846875 0.32421875 0.0234375 0.03203125
0 0.89140625 0.3265625 0.028125 0.03671875
0 0.67109375 0.3265625 0.0234375 0.028125
0 0.29609375 0.3265625 0.03203125 0.05078125
0 0.08828125 0.3265625 0.028125 0.04140625
0 0.01171875 0.3265625 0.0234375 0.05546875
0 0.3171875 0.3359375 0.0234375 0.03671875
0 0.6203125 0.340625 0.03203125 0.04609375
0 0.79375 0.34921875 0.03203125 0.04609375
0 0.42109375 0.35390625 0.05078125 0.06484375
0 0.19453125 0.35625 0.028125 0.03203125
0 0.19921875 0.3609375 0.0234375 0.03203125
0 0.49765625 0.37265625 0.03203125 0.03203125
0 0.9234375 0.38671875 0.06015625 0.07421875
0 0.0234375 0.409375 0.04609375 0.07421875
0 0.85390625 0.47890625 0.10625 0.1484375
0 0.97421875 0.51171875 0.04140625 0.153125
0 0.57890625 0.53203125 0.08828125 0.134375
0 0.1875 0.6921875 0.221875 0.26875
0 0.72421875 0.7640625 0.221875 0.2453125