0 0.8515625 0.51875 0.009375 0.01875
0 0.25234375 0.5234375 0.0234375 0.03203125
0 0.071875 0.5234375 0.0140625 0.0140625
0 0.35625 0.52578125 0.0140625 0.01875
0 0.23828125 0.528125 0.0140625 0.0234375
0 0.5578125 0.528125 0.01875 0.028125
0 0.51640625 0.528125 0.0234375 0.028125
0 0.61328125 0.528125 0.009375 0.01875
0 0.2265625 0.53046875 0.01875 0.028125
0 0.721875 0.53046875 0.0140625 0.01875
0 0.89375 0.53046875 0.0140625 0.028125
0 0.14375 0.53046875 0.0234375 0.03671875
0 0.875 0.53203125 0.0234375 0.03671875
0 0.92578125 0.53203125 0.01875 0.0234375
0 0.1296875 0.53203125 0.009375 0.0140625
0 0.17578125 0.534375 0.0234375 0.03671875
0 0.8265625 0.534375 0.028125 0.04140625
0 0.071875 0.534375 0.0140625 0.01875
0 0.0390625 0.534375 0.0234375 0.03671875
0 0.95625 0.53671875 0.028125 0.03671875
0 0.39375 0.53671875 0.01875 0.03203125
0 0.5859375 0.53671875 0.01875 0.028125
0 0.64609375 0.53671875 0.0234375 0.04140625
0 0.29140625 0.5390625 0.009375 0.0234375
0 0.6828125 0.5390625 0.0234375 0.03203125
0 0.75 0.5390625 0.0234375 0.04140625
0 0.53203125 0.54140625 0.01875 0.028125
0 0.63203125 0.54140625 0.0140625 0.03203125
0 0.30078125 0.54140625 0.01875 0.0234375
0 0.2015625 0.54375 0.028125 0.04140625
0 0.43515625 0.54609375 0.01875 0.028125
0 0.71328125 0.553125 0.01875 0.028125
0 0.465625 0.5578125 0.0140625 0.01875
0 0.44453125 0.56484375 0.01875 0.0234375
0 0.35625 0.5671875 0.0140625 0.0234375
0 0.0671875 0.5671875 0.0140625 0.028125
0 0.11328125 0.5671875 0.0140625 0.028125
0 0.08359375 0.57421875 0.0140625 0.028125