0 0.465625 0.2734375 0.08359375 0.1390625
0 0.93984375 0.28046875 0.06484375 0.134375
0 0.20859375 0.321875 0.07421875 0.115625
0 0.615625 0.33125 0.08359375 0.134375
0 0.096875 0.3515625 0.08828125 0.125
0 0.346875 0.375 0.08828125 0.134375
0 0.11015625 0.04140625 0.0703125 0.0828125
0 0.71796875 0.4234375 0.06484375 0.134375
0 0.22421875 0.0484375 0.06484375 0.09296875
0 0.965625 0.4859375 0.06484375 0.1484375
0 0.8125 0.49296875 0.06953125 0.115625
0 0.89375 0.54375 0.07890625 0.1390625
0 0.77578125 0.56953125 0.08828125 0.1296875
0 0.15078125 0.58125 0.09296875 0.1296875
0 0.4859375 0.590625 0.08828125 0.14375
0 0.6484375 0.590625 0.07890625 0.14375
0 0.375 0.62265625 0.08359375 0.10625
0 0.5 0.06484375 0.08359375 0.1296875
0 0.29375 0.6484375 0.07421875 0.125
0 0.04375 0.65703125 0.07421875 0.1296875
0 0.36796875 0.06953125 0.06953125 0.10625
0 0.85390625 0.071875 0.08828125 0.14375
0 0.75234375 0.7890625 0.08359375 0.16171875
0 0.31484375 0.81953125 0.08828125 0.1484375
0 0.63203125 0.821875 0.08359375 0.1296875
0 0.04375 0.8578125 0.0875 0.14375
0 0.528125 0.865625 0.096875 0.1203125
0 0.1640625 0.8703125 0.096875 0.1390625
0 0.428125 0.90703125 0.1015625 0.134375
0 0.82890625 0.9234375 0.1015625 0.14375
0 0.71328125 0.10390625 0.08359375 0.1296875
0 0.01640625 0.1109375 0.03203125 0.07890625
0 0.590625 0.1203125 0.07890625 0.1203125
0 0.94921875 0.1390625 0.07421875 0.115625
0 0.17578125 0.01640625 0.04140625 0.03203125