0 0.8609375 0.28046875 0.04140625 0.028125
0 0.92109375 0.32421875 0.04609375 0.04140625
0 0.8171875 0.32890625 0.04140625 0.0234375
0 0.98125 0.33125 0.03203125 0.028125
0 0.875 0.3359375 0.05078125 0.03203125
0 0.73828125 0.33828125 0.0234375 0.028125
0 0.6640625 0.340625 0.03203125 0.0234375
0 0.7640625 0.34453125 0.03671875 0.03671875
0 0.5578125 0.346875 0.04140625 0.03203125
0 0.60625 0.346875 0.0234375 0.03203125
0 0.1203125 0.35625 0.05078125 0.0234375
0 0.66875 0.3609375 0.028125 0.03203125
0 0.625 0.3609375 0.03671875 0.04140625
0 0.7109375 0.3609375 0.03671875 0.03203125
0 0.028125 0.365625 0.04609375 0.04140625
0 0.48359375 0.365625 0.0234375 0.03203125
0 0.3609375 0.36796875 0.03203125 0.0234375
0 0.15546875 0.36796875 0.03671875 0.0234375
0 0.99296875 0.36796875 0.0140625 0.03203125
0 0.32421875 0.37265625 0.03671875 0.03203125
0 0.2640625 0.37265625 0.03671875 0.028125
0 0.1921875 0.37265625 0.04140625 0.028125
0 0.50234375 0.37734375 0.028125 0.03203125
0 0.284375 0.38203125 0.028125 0.0234375
0 0.15078125 0.384375 0.028125 0.01875
0 0.5578125 0.38671875 0.03671875 0.03203125
0 0.24296875 0.3890625 0.04140625 0.03671875
0 0.10859375 0.3890625 0.04140625 0.03203125
0 0.14140625 0.403125 0.03203125 0.0234375
0 0.1875 0.40703125 0.04609375 0.028125
0 0.3171875 0.46953125 0.05078125 0.028125
0 0.71328125 0.490625 0.04609375 0.03671875
0 0.778125 0.51640625 0.04140625 0.03203125
0 0.0140625 0.51875 0.028125 0.04140625
0 0.125 0.52578125 0.04609375 0.03203125
0 0.20859375 0.53046875 0.04609375 0.03203125
0 0.034375 0.53046875 0.04140625 0.0234375
0 0.2890625 0.659375 0.17578125 0.07890625