0 0.653125 0.7734375 0.07421875 0.1484375
0 0.09921875 0.8265625 0.096875 0.10625
0 0.446875 0.85859375 0.08828125 0.07421875
0 0.83359375 0.9328125 0.10625 0.134375
0 0.49296875 0.94453125 0.1203125 0.1109375
0 0.1640625 0.94921875 0.18984375 0.09296875
0 0.50703125 0.10390625 0.07421875 0.08828125
0 0.94453125 0.115625 0.06484375 0.1109375
0 0.30078125 0.1390625 0.03671875 0.09296875
0 0.346875 0.1484375 0.05078125 0.10625
0 0.21796875 0.153125 0.07421875 0.09296875
0 0.821875 0.16640625 0.05078125 0.096875
0 0.70625 0.16640625 0.06484375 0.06953125
0 0.403125 0.1875 0.05546875 0.10625
0 0.58359375 0.18984375 0.06953125 0.08828125
0 0.9609375 0.27109375 0.06953125 0.10625
0 0.25 0.27109375 0.06015625 0.08359375
0 0.68984375 0.2890625 0.07421875 0.125
0 0.4859375 0.2890625 0.07421875 0.07421875
0 0.44140625 0.034375 0.0421875 0.06875
0 0.37734375 0.38203125 0.06953125 0.09296875
0 0.8484375 0.0390625 0.065625 0.078125
0 0.82421875 0.39609375 0.06484375 0.125
0 0.46953125 0.41171875 0.07421875 0.125
0 0.240625 0.446875 0.05078125 0.10625
0 0.29375 0.49296875 0.06484375 0.125
0 0.9140625 0.5046875 0.08359375 0.18046875
0 0.5671875 0.55546875 0.07421875 0.1296875
0 0.090625 0.5578125 0.115625 0.1015625
0 0.45859375 0.06484375 0.0234375 0.08828125
0 0.0625 0.696875 0.096875 0.08359375
0 0.6734375 0.06953125 0.05078125 0.07890625
0 0.26875 0.69921875 0.08359375 0.125