0 0.7890625 0.14375 0.04609375 0.08359375
0 0.49765625 0.16171875 0.04140625 0.06953125
0 0.096875 0.17109375 0.04140625 0.08359375
0 0.70859375 0.18046875 0.04140625 0.06953125
0 0.8796875 0.1828125 0.03671875 0.07421875
0 0.2109375 0.1875 0.04140625 0.06953125
0 0.3078125 0.1875 0.04140625 0.06953125
0 0.62734375 0.1875 0.05546875 0.08359375
0 0.41171875 0.19453125 0.04609375 0.07421875
0 0.971875 0.20390625 0.05546875 0.08828125
0 0.8078125 0.0234375 0.03671875 0.04609375
0 0.51875 0.21796875 0.03671875 0.06484375
0 0.5578125 0.21796875 0.04140625 0.07421875
0 0.73828125 0.2265625 0.04140625 0.06953125
0 0.346875 0.23125 0.04609375 0.07890625
0 0.1640625 0.23828125 0.05546875 0.07890625
0 0.83828125 0.23828125 0.04140625 0.07421875
0 0.0484375 0.240625 0.06015625 0.09296875
0 0.9375 0.24296875 0.04609375 0.07421875
0 0.51640625 0.02578125 0.03671875 0.05078125
0 0.6640625 0.24765625 0.04609375 0.06015625
0 0.27578125 0.25703125 0.04609375 0.07421875
0 0.04609375 0.02578125 0.03203125 0.05078125
0 0.403125 0.028125 0.04609375 0.05546875
0 0.596875 0.278125 0.05078125 0.08828125
0 0.490625 0.28671875 0.03671875 0.06015625
0 0.340625 0.03046875 0.04140625 0.06015625
0 0.8796875 0.03046875 0.04609375 0.06015625
0 0.1390625 0.03046875 0.03671875 0.06015625
0 0.24296875 0.30546875 0.04609375 0.07421875
0 0.903125 0.31015625 0.05078125 0.07421875
0 0.8125 0.3125 0.06015625 0.08359375
0 0.6890625 0.03203125 0.05625 0.0640625
0 0.68515625 0.321875 0.05078125 0.08828125
0 0.40546875 0.32421875 0.04609375 0.07890625
0 0.98828125 0.32890625 0.0234375 0.07421875
0 0.12734375 0.33125 0.05546875 0.096875
0 0.53203125 0.33828125 0.05078125 0.07421875
0 0.0484375 0.340625 0.06015625 0.08359375
0 0.98359375 0.03671875 0.028125 0.06953125
0 0.346875 0.34921875 0.05546875 0.07890625
0 0.615625 0.35625 0.04609375 0.06953125
0 0.78203125 0.365625 0.04140625 0.08828125
0 0.84453125 0.39375 0.05078125 0.07890625
0 0.43515625 0.40546875 0.04140625 0.07890625
0 0.29140625 0.40703125 0.06015625 0.096875
0 0.153125 0.41171875 0.05546875 0.08359375
0 0.48359375 0.04140625 0.03671875 0.07890625
0 0.534375 0.428125 0.05546875 0.09296875
0 0.95625 0.43046875 0.04140625 0.06484375
0 0.08046875 0.04375 0.0421875 0.0875
0 0.63671875 0.44921875 0.05078125 0.08828125
0 0.71796875 0.45390625 0.04609375 0.07421875
0 0.5625 0.04609375 0.05078125 0.08828125
0 0.03046875 0.4765625 0.06015625 0.10625
0 0.20625 0.48125 0.06015625 0.096875
0 0.85859375 0.48359375 0.06015625 0.08359375
0 0.071875 0.50703125 0.07421875 0.115625
0 0.365625 0.509375 0.05546875 0.09296875
0 0.196875 0.053125 0.04140625 0.07890625
0 0.52578125 0.51875 0.06015625 0.08359375
0 0.784375 0.52109375 0.06484375 0.08828125
0 0.9515625 0.52109375 0.05546875 0.08359375
0 0.43984375 0.54375 0.06953125 0.115625
0 0.6203125 0.553125 0.06015625 0.096875
0 0.634375 0.06015625 0.04609375 0.07421875
0 0.90703125 0.6109375 0.05078125 0.07890625
0 0.553125 0.61796875 0.06015625 0.08828125
0 0.26640625 0.625 0.06015625 0.1015625
0 0.13671875 0.6390625 0.06015625 0.096875
0 0.4765625 0.6390625 0.06484375 0.1109375
0 0.6828125 0.64375 0.06484375 0.08828125
0 0.8171875 0.65078125 0.05546875 0.096875
0 0.971875 0.66875 0.05546875 0.125
0 0.0234375 0.6921875 0.04609375 0.096875
0 0.3515625 0.7109375 0.06953125 0.1015625
0 0.19453125 0.71796875 0.06953125 0.10625
0 0.715625 0.74296875 0.06015625 0.096875
0 0.39375 0.07421875 0.03671875 0.06015625
0 0.84296875 0.759375 0.06953125 0.1109375
0 0.59453125 0.76875 0.06484375 0.1015625
0 0.95859375 0.803125 0.05078125 0.08359375
0 0.08359375 0.8171875 0.06953125 0.1109375
0 0.73359375 0.0859375 0.04609375 0.06953125
0 0.90078125 0.08828125 0.03671875 0.06953125
0 0.82890625 0.090625 0.03671875 0.07421875
0 0.29375 0.09296875 0.04609375 0.06953125
0 0.66875 0.09296875 0.05546875 0.09296875
0 0.0671875 0.1109375 0.04140625 0.06484375
0 0.1640625 0.1203125 0.04609375 0.09296875
0 0.54140625 0.1203125 0.03671875 0.07421875
0 0.60390625 0.125 0.03671875 0.06015625
0 0.01640625 0.1296875 0.03203125 0.07890625
0 0.35625 0.134375 0.04609375 0.07890625
0 0.42578125 0.134375 0.05546875 0.07890625
0 0.9328125 0.1390625 0.06015625 0.08359375
0 0.26640625 0.14140625 0.05078125 0.07421875