0 0.77578125 0.6015625 0.08828125 0.134375
0 0.63671875 0.625 0.10625 0.16171875
0 0.553125 0.20625 0.06484375 0.096875
0 0.08828125 0.221875 0.09296875 0.134375
0 0.340625 0.23359375 0.096875 0.14375
0 0.5859375 0.24765625 0.05546875 0.09296875
0 0.4515625 0.25 0.096875 0.1484375
0 0.6734375 0.25 0.07421875 0.10625
0 0.89140625 0.25234375 0.07421875 0.07890625
0 0.22890625 0.28203125 0.07890625 0.125
0 0.9375 0.29140625 0.07421875 0.125
0 0.53046875 0.30546875 0.07890625 0.125
0 0.87265625 0.33828125 0.05078125 0.096875
0 0.7265625 0.3890625 0.07421875 0.10625
0 0.21328125 0.41171875 0.07421875 0.1390625
0 0.98125 0.446875 0.028125 0.17109375
0 0.30546875 0.44921875 0.096875 0.1296875
0 0.68984375 0.4953125 0.07421875 0.10625
0 0.571875 0.509375 0.096875 0.096875