0 0.5625 0.44921875 0.009375 0.0140625
0 0.528125 0.44921875 0.009375 0.0140625
0 0.6203125 0.45625 0.009375 0.0140625
0 0.23359375 0.45625 0.0140625 0.0234375
0 0.7734375 0.45859375 0.0140625 0.0234375
0 0.57890625 0.4609375 0.009375 0.0140625
0 0.54609375 0.4609375 0.009375 0.0140625
0 0.6640625 0.46328125 0.009375 0.0140625
0 0.79140625 0.46953125 0.009375 0.0140625
0 0.47890625 0.471875 0.009375 0.0140625
0 0.49296875 0.47421875 0.0046875 0.0140625
0 0.65546875 0.47421875 0.009375 0.0140625
0 0.39140625 0.47421875 0.009375 0.0046875
0 0.365625 0.47421875 0.009375 0.009375
0 0.5046875 0.4765625 0.009375 0.0140625
0 0.1484375 0.4765625 0.0046875 0.0140625
0 0.12734375 0.4765625 0.0046875 0.009375
0 0.178125 0.4765625 0.009375 0.0140625
0 0.85625 0.4765625 0.0140625 0.01875
0 0.2734375 0.4765625 0.009375 0.0140625
0 0.40078125 0.4765625 0.0140625 0.009375
0 0.49765625 0.4765625 0.009375 0.0140625
0 0.5140625 0.4765625 0.009375 0.0140625
0 0.5234375 0.4765625 0.009375 0.009375
0 0.1640625 0.4765625 0.0046875 0.0140625
0 0.16875 0.4765625 0.0046875 0.0140625
0 0.2109375 0.4765625 0.009375 0.009375
0 0.471875 0.47890625 0.009375 0.009375
0 0.240625 0.47890625 0.0140625 0.0140625
0 0.428125 0.47890625 0.009375 0.009375
0 0.115625 0.47890625 0.009375 0.009375
0 0.8515625 0.48125 0.0140625 0.0234375
0 0.13671875 0.48125 0.0046875 0.0140625
0 0.35859375 0.48125 0.009375 0.0140625
0 0.29609375 0.48125 0.009375 0.0140625
0 0.1015625 0.48125 0.009375 0.009375
0 0.446875 0.48125 0.009375 0.009375
0 0.534375 0.48125 0.0140625 0.0140625
0 0.14609375 0.48125 0.009375 0.0140625
0 0.06484375 0.48359375 0.009375 0.0140625
0 0.3796875 0.48359375 0.009375 0.01875
0 0.08359375 0.48359375 0.009375 0.0140625
0 0.9375 0.48359375 0.009375 0.0140625
0 0.5625 0.48359375 0.009375 0.0140625
0 0.19453125 0.48359375 0.009375 0.01875
0 0.01875 0.48359375 0.009375 0.01875
0 0.3890625 0.48359375 0.009375 0.0140625
0 0.096875 0.48359375 0.009375 0.01875
0 0.45859375 0.4859375 0.009375 0.0140625
0 0.03046875 0.4859375 0.0140625 0.0140625
0 0.43515625 0.4859375 0.009375 0.0140625
0 0.5484375 0.4859375 0.009375 0.0140625
0 0.2359375 0.4859375 0.0046875 0.0140625
0 0.58359375 0.4859375 0.0046875 0.0140625
0 0.4859375 0.4859375 0.0046875 0.009375
0 0.8984375 0.4859375 0.0140625 0.01875
0 0.62734375 0.4859375 0.009375 0.01875
0 0.70859375 0.48828125 0.009375 0.0140625
0 0.20859375 0.48828125 0.0046875 0.009375
0 0.60390625 0.48828125 0.009375 0.0140625
0 0.36328125 0.48828125 0.009375 0.0140625
0 0.0046875 0.48828125 0.009375 0.0234375
0 0.73828125 0.48828125 0.009375 0.009375
0 0.259375 0.48828125 0.009375 0.01875
0 0.48125 0.48828125 0.009375 0.01875
0 0.34453125 0.48828125 0.009375 0.0140625
0 0.125 0.48828125 0.009375 0.0140625
0 0.71953125 0.48828125 0.009375 0.0140625
0 0.9234375 0.48828125 0.0140625 0.0140625
0 0.509375 0.48828125 0.0140625 0.0140625
0 0.90703125 0.490625 0.0140625 0.0234375
0 0.49296875 0.490625 0.009375 0.0140625
0 0.40703125 0.490625 0.0140625 0.0140625
0 0.053125 0.490625 0.009375 0.0140625
0 0.403125 0.49296875 0.009375 0.01875
0 0.68515625 0.49296875 0.009375 0.0046875
0 0.43984375 0.49296875 0.009375 0.0140625
0 0.16640625 0.49296875 0.0140625 0.01875
0 0.3359375 0.49296875 0.009375 0.0140625
0 0.696875 0.4953125 0.009375 0.0140625
0 0.44453125 0.4953125 0.0046875 0.0140625
0 0.46328125 0.4953125 0.009375 0.0140625
0 0.553125 0.4953125 0.009375 0.0140625
0 0.06015625 0.4953125 0.009375 0.01875
0 0.7359375 0.4953125 0.009375 0.009375
0 0.41640625 0.49765625 0.0140625 0.0140625
0 0.67109375 0.49765625 0.009375 0.0140625
0 0.3265625 0.49765625 0.009375 0.0140625
0 0.96796875 0.49765625 0.01875 0.0234375
0 0.3171875 0.49765625 0.0140625 0.01875
0 0.590625 0.49765625 0.0140625 0.0140625
0 0.35625 0.49765625 0.009375 0.0140625
0 0.5625 0.49765625 0.009375 0.0140625
0 0.0765625 0.49765625 0.009375 0.0234375
0 0.090625 0.5 0.009375 0.0140625
0 0.2109375 0.5 0.0140625 0.0140625
0 0.66171875 0.5 0.009375 0.01875
0 0.56953125 0.5 0.009375 0.0140625
0 0.57421875 0.5 0.009375 0.0140625
0 0.93515625 0.5 0.0140625 0.01875
0 0.346875 0.5 0.009375 0.0140625
0 0.778125 0.50234375 0.009375 0.0140625
0 0.70859375 0.50234375 0.009375 0.01875
0 0.134375 0.50234375 0.009375 0.01875
0 0.178125 0.50234375 0.0140625 0.01875
0 0.2015625 0.50234375 0.009375 0.01875
0 0.3796875 0.50234375 0.009375 0.01875
0 0.46796875 0.50234375 0.0046875 0.009375
0 0.71953125 0.5046875 0.0140625 0.0140625
0 0.2359375 0.5046875 0.0140625 0.01875
0 0.1484375 0.5046875 0.0140625 0.0234375
0 0.29609375 0.5046875 0.0140625 0.0140625
0 0.6109375 0.5046875 0.0140625 0.01875
0 0.7015625 0.5046875 0.009375 0.0140625
0 0.6875 0.5046875 0.009375 0.0140625
0 0.7453125 0.5046875 0.0140625 0.0140625
0 0.81015625 0.50703125 0.0140625 0.01875
0 0.79609375 0.50703125 0.0140625 0.01875
0 0.52109375 0.50703125 0.0140625 0.0140625
0 0.53203125 0.50703125 0.0140625 0.01875
0 0.26171875 0.50703125 0.0140625 0.0234375
0 0.84296875 0.509375 0.009375 0.0140625
0 0.73359375 0.509375 0.0140625 0.01875
0 0.75703125 0.509375 0.0140625 0.01875
0 0.78203125 0.51171875 0.009375 0.0140625
0 0.634375 0.51171875 0.0140625 0.01875
0 0.5046875 0.51171875 0.0140625 0.01875
0 0.67578125 0.5140625 0.0140625 0.01875
0 0.471875 0.5140625 0.0140625 0.01875
0 0.76875 0.5140625 0.0140625 0.01875
0 0.3890625 0.5140625 0.009375 0.01875
0 0.40546875 0.5140625 0.0140625 0.01875
0 0.03203125 0.51640625 0.0140625 0.01875
0 0.4859375 0.51640625 0.009375 0.01875
0 0.56953125 0.51640625 0.0140625 0.01875
0 0.33359375 0.51640625 0.009375 0.01875
0 0.553125 0.51640625 0.0140625 0.01875
0 0.59296875 0.51875 0.009375 0.0140625
0 0.7890625 0.51875 0.0140625 0.01875
0 0.35625 0.51875 0.0140625 0.01875
0 0.428125 0.51875 0.0140625 0.01875
0 0.43984375 0.51875 0.0140625 0.01875
0 0.83828125 0.51875 0.01875 0.01875
0 0.303125 0.52109375 0.0140625 0.01875
0 0.65078125 0.52109375 0.0140625 0.0234375
0 0.23828125 0.52109375 0.009375 0.0140625
0 0.6875 0.5234375 0.0140625 0.0234375
0 0.32421875 0.5234375 0.009375 0.0140625
0 0.09921875 0.5234375 0.009375 0.01875
0 0.0390625 0.5234375 0.009375 0.01875
0 0.90703125 0.5234375 0.01875 0.01875
0 0.625 0.5234375 0.0140625 0.01875
0 0.81015625 0.52578125 0.009375 0.01875
0 0.10625 0.52578125 0.0140625 0.01875
0 0.23125 0.52578125 0.0140625 0.01875
0 0.5046875 0.52578125 0.0140625 0.0140625
0 0.7546875 0.52578125 0.0140625 0.0234375
0 0.45390625 0.528125 0.0140625 0.0234375
0 0.98828125 0.528125 0.0140625 0.01875
0 0.73828125 0.528125 0.0140625 0.01875
0 0.31484375 0.53046875 0.009375 0.01875
0 0.46328125 0.53046875 0.009375 0.01875
0 0.38203125 0.53046875 0.0140625 0.0140625
0 0.58828125 0.53046875 0.0140625 0.01875
0 0.85390625 0.53203125 0.0140625 0.01875
0 0.53671875 0.53203125 0.0140625 0.01875
0 0.0484375 0.53203125 0.009375 0.01875
0 0.48125 0.53671875 0.0140625 0.01875
0 0.9234375 0.53671875 0.0140625 0.0234375
0 0.33125 0.53671875 0.0140625 0.01875
0 0.7015625 0.53671875 0.01875 0.028125
0 0.803125 0.53671875 0.01875 0.028125
0 0.61796875 0.5390625 0.0140625 0.0140625
0 0.2453125 0.5390625 0.0140625 0.0140625
0 0.51171875 0.5390625 0.0140625 0.01875
0 0.55546875 0.5390625 0.0140625 0.0234375
0 0.66640625 0.54140625 0.0140625 0.028125
0 0.76640625 0.54140625 0.0140625 0.0234375
0 0.29609375 0.54375 0.0140625 0.01875
0 0.96796875 0.54609375 0.0140625 0.0234375
0 0.8796875 0.5484375 0.0140625 0.0234375
0 0.95390625 0.5484375 0.01875 0.01875
0 0.0578125 0.55078125 0.0140625 0.01875
0 0.71328125 0.55078125 0.01875 0.01875
0 0.65703125 0.55078125 0.0140625 0.0234375
0 0.82890625 0.553125 0.01875 0.028125
0 0.571875 0.553125 0.01875 0.028125
0 0.4140625 0.55546875 0.01875 0.01875
0 0.38203125 0.55546875 0.01875 0.01875
0 0.97890625 0.55546875 0.0140625 0.01875
0 0.6109375 0.55546875 0.01875 0.01875
0 0.51875 0.5578125 0.01875 0.01875
0 0.85625 0.56015625 0.0140625 0.028125
0 0.9375 0.5625 0.0140625 0.028125
0 0.90703125 0.5625 0.0140625 0.028125
0 0.534375 0.56484375 0.0140625 0.01875
0 0.2984375 0.56484375 0.01875 0.01875
0 0.278125 0.5671875 0.01875 0.0234375
0 0.39140625 0.56953125 0.0140625 0.028125
0 0.47421875 0.56953125 0.01875 0.01875
0 0.946875 0.571875 0.01875 0.028125
0 0.73359375 0.571875 0.0140625 0.03203125
0 0.64375 0.57421875 0.01875 0.03203125
0 0.8078125 0.57890625 0.01875 0.03203125
0 0.4234375 0.590625 0.0234375 0.01875
0 0.6921875 0.59921875 0.0234375 0.03203125
0 0.9765625 0.59921875 0.01875 0.03203125
0 0.33125 0.6015625 0.01875 0.03203125
0 0.62734375 0.6015625 0.01875 0.03671875
0 0.8796875 0.60390625 0.0234375 0.03671875
0 0.91875 0.60625 0.0234375 0.03671875
0 0.51640625 0.60625 0.0140625 0.028125
0 0.42109375 0.60625 0.01875 0.028125
0 0.5 0.60859375 0.01875 0.028125
0 0.28671875 0.6109375 0.0234375 0.03671875
0 0.840625 0.615625 0.0234375 0.03671875
0 0.7109375 0.615625 0.01875 0.03203125
0 0.93515625 0.625 0.01875 0.03203125
0 0.87734375 0.6296875 0.01875 0.03203125
0 0.53203125 0.63203125 0.01875 0.03203125
0 0.89609375 0.64140625 0.0234375 0.03671875
0 0.678125 0.64375 0.01875 0.0234375
0 0.29609375 0.64609375 0.0234375 0.03203125
0 0.97421875 0.6484375 0.0234375 0.03671875
0 0.42578125 0.65703125 0.0234375 0.03203125
0 0.55078125 0.65703125 0.0234375 0.03671875
0 0.678125 0.66171875 0.028125 0.028125
0 0.80078125 0.66875 0.0234375 0.03671875
0 0.88671875 0.67109375 0.028125 0.04140625
0 0.7890625 0.67109375 0.01875 0.03203125
0 0.259375 0.678125 0.0234375 0.0234375
0 0.52109375 0.68046875 0.028125 0.04140625
0 0.965625 0.68984375 0.03203125 0.05078125
0 0.67109375 0.6921875 0.028125 0.03671875
0 0.41171875 0.69453125 0.028125 0.04140625
0 0.25234375 0.69921875 0.0234375 0.028125
0 0.99296875 0.70390625 0.0046875 0.05546875
0 0.865625 0.71953125 0.028125 0.03203125
0 0.25234375 0.72890625 0.028125 0.04140625
0 0.72421875 0.7359375 0.028125 0.04140625
0 0.56953125 0.740625 0.028125 0.05078125
0 0.86328125 0.74296875 0.0234375 0.04140625
0 0.215625 0.778125 0.03203125 0.05546875
0 0.53671875 0.81484375 0.03671875 0.05546875
0 0.25703125 0.28203125 0.009375 0.0234375
0 0.3890625 0.2984375 0.0140625 0.01875
0 0.403125 0.30078125 0.009375 0.01875
0 0.36796875 0.30546875 0.0140625 0.0234375