0 0.57421875 0.18984375 0.01875 0.028125
0 0.37265625 0.19453125 0.0140625 0.0234375
0 0.54375 0.19453125 0.0140625 0.0234375
0 0.340625 0.19921875 0.01875 0.028125
0 0.409375 0.19921875 0.01875 0.03203125
0 0.284375 0.2015625 0.01875 0.03203125
0 0.46328125 0.20390625 0.0140625 0.03203125
0 0.36328125 0.20859375 0.0140625 0.028125
0 0.5140625 0.20859375 0.01875 0.028125
0 0.62734375 0.21328125 0.0140625 0.0234375
0 0.4375 0.21953125 0.0140625 0.03203125
0 0.22421875 0.221875 0.01875 0.03203125
0 0.25234375 0.22421875 0.0234375 0.03671875
0 0.34921875 0.22421875 0.01875 0.03203125
0 0.66171875 0.22421875 0.0140625 0.0234375
0 0.63671875 0.2265625 0.01875 0.028125
0 0.60625 0.23359375 0.0234375 0.03671875
0 0.490625 0.2359375 0.01875 0.028125
0 0.57421875 0.2359375 0.0140625 0.028125
0 0.284375 0.240625 0.01875 0.03203125
0 0.6921875 0.2453125 0.01875 0.028125
0 0.34453125 0.25 0.01875 0.0234375
0 0.2984375 0.25234375 0.01875 0.03203125
0 0.134375 0.2546875 0.01875 0.03203125
0 0.56015625 0.2640625 0.01875 0.03203125
0 0.66875 0.2640625 0.0140625 0.01875
0 0.79609375 0.2640625 0.01875 0.0234375
0 0.6296875 0.26640625 0.01875 0.03203125
0 0.221875 0.26875 0.01875 0.03671875
0 0.096875 0.26875 0.0234375 0.04140625
0 0.54140625 0.2734375 0.01875 0.03203125
0 0.3609375 0.2734375 0.01875 0.03203125
0 0.51640625 0.27578125 0.01875 0.028125
0 0.778125 0.27578125 0.01875 0.028125
0 0.45859375 0.278125 0.01875 0.03203125
0 0.76640625 0.278125 0.0140625 0.0234375
0 0.3125 0.278125 0.0234375 0.03203125
0 0.7546875 0.28046875 0.0140625 0.0234375
0 0.15703125 0.28046875 0.01875 0.03203125
0 0.32890625 0.28203125 0.01875 0.03203125
0 0.60390625 0.28671875 0.01875 0.04609375
0 0.7015625 0.28671875 0.01875 0.04140625
0 0.840625 0.29140625 0.01875 0.028125
0 0.24765625 0.2984375 0.0234375 0.04140625
0 0.62265625 0.303125 0.01875 0.03203125
0 0.7359375 0.303125 0.0234375 0.04140625
0 0.14140625 0.30546875 0.01875 0.04140625
0 0.403125 0.31015625 0.0234375 0.04140625
0 0.35390625 0.3125 0.01875 0.04140625
0 0.12265625 0.31484375 0.0234375 0.05078125
0 0.43515625 0.31484375 0.0234375 0.03671875
0 0.82890625 0.31484375 0.01875 0.03203125
0 0.58359375 0.32421875 0.01875 0.03203125
0 0.215625 0.32890625 0.01875 0.0234375
0 0.909375 0.3359375 0.01875 0.04609375
0 0.53203125 0.33828125 0.01875 0.03671875
0 0.5140625 0.33828125 0.01875 0.04140625
0 0.615625 0.34296875 0.01875 0.03671875
0 0.08828125 0.34296875 0.03203125 0.07890625
0 0.25234375 0.34453125 0.028125 0.04609375
0 0.7890625 0.34453125 0.03203125 0.06015625
0 0.84453125 0.346875 0.0234375 0.04609375
0 0.865625 0.346875 0.01875 0.03671875
0 0.659375 0.3515625 0.01875 0.04140625
0 0.2265625 0.35625 0.0234375 0.028125
0 0.67578125 0.3609375 0.0234375 0.04140625
0 0.97890625 0.37265625 0.03203125 0.06953125
0 0.42578125 0.384375 0.0234375 0.05078125
0 0.92578125 0.39140625 0.0234375 0.05078125
0 0.28671875 0.39609375 0.0234375 0.04609375
0 0.80546875 0.403125 0.028125 0.05078125
0 0.53046875 0.41171875 0.04140625 0.06953125
0 0.56953125 0.41640625 0.028125 0.06484375
0 0.24296875 0.4234375 0.03671875 0.08359375
0 0.909375 0.4375 0.03203125 0.06015625
0 0.78046875 0.4421875 0.04140625 0.06015625
0 0.6875 0.446875 0.03671875 0.06015625
0 0.2015625 0.45390625 0.04140625 0.096875
0 0.821875 0.45625 0.03671875 0.07890625
0 0.30078125 0.46796875 0.05078125 0.08828125
0 0.13203125 0.4953125 0.05546875 0.1109375
0 0.9375 0.5046875 0.04140625 0.07890625
0 0.625 0.56015625 0.05078125 0.08828125
0 0.82421875 0.58359375 0.06015625 0.1015625
0 0.44453125 0.678125 0.05078125 0.09296875
0 0.21953125 0.68515625 0.05546875 0.10625
0 0.82890625 0.7265625 0.06015625 0.1203125
0 0.43046875 0.8171875 0.07890625 0.134375
0 0.6640625 0.90078125 0.07890625 0.1390625