0 0.37265625 0.840625 0.25 0.15703125
0 0.9140625 0.88671875 0.17109375 0.096875
0 0.82421875 0.1015625 0.05078125 0.03203125
0 0.8796875 0.10625 0.06015625 0.04140625
0 0.46328125 0.10859375 0.05078125 0.03203125
0 0.04609375 0.1109375 0.028125 0.0234375
0 0.221875 0.11328125 0.06484375 0.03203125
0 0.33359375 0.12265625 0.05078125 0.028125
0 0.4234375 0.12265625 0.03203125 0.028125
0 0.76875 0.12265625 0.04140625 0.028125
0 0.71953125 0.12734375 0.05546875 0.03671875
0 0.13671875 0.1296875 0.05078125 0.03671875
0 0.65546875 0.1390625 0.08359375 0.04140625
0 0.740625 0.14375 0.06015625 0.03671875
0 0.98359375 0.14609375 0.03203125 0.04609375
0 0.89140625 0.1828125 0.07421875 0.05546875
0 0.65703125 0.1921875 0.096875 0.06484375
0 0.53203125 0.20390625 0.07890625 0.05546875
0 0.134375 0.2453125 0.04140625 0.0234375
0 0.8078125 0.28046875 0.06015625 0.03671875
0 0.30078125 0.28203125 0.04609375 0.03203125
0 0.18515625 0.29140625 0.05078125 0.03203125
0 0.2640625 0.29375 0.05546875 0.0234375
0 0.3796875 0.31484375 0.05078125 0.03671875
0 0.24765625 0.31953125 0.05546875 0.03203125
0 0.14375 0.33828125 0.06484375 0.04140625
0 0.24296875 0.3515625 0.05078125 0.03203125
0 0.37265625 0.3609375 0.06953125 0.04609375
0 0.31953125 0.3609375 0.05546875 0.03671875
0 0.01875 0.384375 0.03671875 0.04609375
0 0.41875 0.43046875 0.08828125 0.03671875
0 0.6390625 0.4765625 0.1203125 0.07421875
0 0.23125 0.4953125 0.1109375 0.07890625
0 0.8171875 0.49765625 0.096875 0.05078125
0 0.43515625 0.50234375 0.115625 0.08359375
0 0.09921875 0.53203125 0.115625 0.07421875
0 0.8265625 0.58359375 0.1296875 0.096875
0 0.32890625 0.63203125 0.153125 0.1015625
0 0.0671875 0.68984375 0.134375 0.08828125