0 0.9953125 0.12734375 0.009375 0.0234375
0 0.52578125 0.134375 0.009375 0.0140625
0 0.4765625 0.14140625 0.0046875 0.0140625
0 0.13203125 0.14375 0.0140625 0.0234375
0 0.46953125 0.14609375 0.0046875 0.009375
0 0.38671875 0.1484375 0.009375 0.01875
0 0.45390625 0.153125 0.009375 0.009375
0 0.446875 0.15703125 0.009375 0.01875
0 0.14375 0.159375 0.01875 0.01875
0 0.9953125 0.16171875 0.009375 0.028125
0 0.4765625 0.16171875 0.009375 0.01875
0 0.03046875 0.16171875 0.0140625 0.0234375
0 0.07890625 0.16640625 0.0140625 0.0234375
0 0.18515625 0.16640625 0.009375 0.01875
0 0.33359375 0.16640625 0.0140625 0.01875
0 0.11328125 0.16875 0.0140625 0.01875
0 0.4609375 0.16875 0.009375 0.01875
0 0.0625 0.16875 0.0046875 0.009375
0 0.259375 0.17109375 0.0140625 0.009375
0 0.3078125 0.1734375 0.009375 0.01875
0 0.05546875 0.1734375 0.009375 0.009375
0 0.31484375 0.17578125 0.0046875 0.01875
0 0.77109375 0.17578125 0.009375 0.01875
0 0.09921875 0.17578125 0.0140625 0.0234375
0 0.00703125 0.178125 0.009375 0.01875
0 0.9375 0.18046875 0.009375 0.01875
0 0.2984375 0.18046875 0.009375 0.01875
0 0.16171875 0.1828125 0.0140625 0.01875
0 0.80078125 0.1828125 0.0140625 0.0234375
0 0.90703125 0.18515625 0.0140625 0.01875
0 0.71796875 0.1875 0.009375 0.028125
0 0.45390625 0.1875 0.0046875 0.01875
0 0.21953125 0.18984375 0.0140625 0.01875
0 0.59921875 0.18984375 0.0140625 0.01875
0 0.66875 0.18984375 0.0140625 0.01875
0 0.0390625 0.1921875 0.009375 0.01875
0 0.84453125 0.1921875 0.009375 0.0140625
0 0.2640625 0.1921875 0.0140625 0.028125
0 0.446875 0.1921875 0.009375 0.009375
0 0.88671875 0.19453125 0.0046875 0.009375
0 0.53046875 0.19453125 0.0046875 0.01875
0 0.875 0.19453125 0.0140625 0.0140625
0 0.9375 0.19453125 0.009375 0.009375
0 0.946875 0.196875 0.0140625 0.028125
0 0.90703125 0.19921875 0.009375 0.0140625
0 0.05546875 0.19921875 0.0140625 0.028125
0 0.071875 0.19921875 0.0140625 0.028125
0 0.4953125 0.20390625 0.0140625 0.01875
0 0.8609375 0.20625 0.01875 0.01875
0 0.03046875 0.20625 0.009375 0.0234375
0 0.91640625 0.20625 0.0140625 0.01875
0 0.3078125 0.20625 0.0140625 0.0234375
0 0.615625 0.20625 0.009375 0.0234375
0 0.509375 0.20859375 0.0140625 0.03203125
0 0.69921875 0.20859375 0.0140625 0.0234375
0 0.43515625 0.2109375 0.009375 0.0234375
0 0.45625 0.2109375 0.0140625 0.028125
0 0.928125 0.2109375 0.0140625 0.0234375
0 0.38203125 0.2109375 0.0140625 0.0234375
0 0.8890625 0.21328125 0.0140625 0.0234375
0 0.446875 0.21328125 0.009375 0.028125
0 0.67109375 0.21328125 0.009375 0.028125
0 0.73828125 0.21328125 0.0140625 0.028125
0 0.84453125 0.21328125 0.0140625 0.0234375
0 0.91171875 0.21796875 0.0140625 0.028125
0 0.53671875 0.21796875 0.009375 0.0234375
0 0.77578125 0.21796875 0.0140625 0.0234375
0 0.96953125 0.21953125 0.01875 0.03203125
0 0.52578125 0.21953125 0.009375 0.01875
0 0.56015625 0.21953125 0.009375 0.01875
0 0.5484375 0.21953125 0.0140625 0.0234375
0 0.465625 0.221875 0.009375 0.028125
0 0.365625 0.221875 0.01875 0.028125
0 0.6390625 0.22421875 0.0140625 0.0234375
0 0.99296875 0.2265625 0.0046875 0.03671875
0 0.23828125 0.2265625 0.009375 0.01875
0 0.33359375 0.2265625 0.009375 0.0234375
0 0.42578125 0.23359375 0.0140625 0.0234375
0 0.8984375 0.23359375 0.01875 0.028125
0 0.31484375 0.23359375 0.009375 0.01875
0 0.48125 0.2359375 0.0140625 0.03203125
0 0.18515625 0.23828125 0.01875 0.03203125
0 0.8796875 0.23828125 0.01875 0.028125
0 0.6921875 0.24296875 0.009375 0.03203125
0 0.94453125 0.24296875 0.01875 0.0234375
0 0.82421875 0.2453125 0.01875 0.03671875
0 0.13671875 0.24765625 0.0140625 0.0234375
0 0.50703125 0.25 0.009375 0.0234375
0 0.41171875 0.25234375 0.0140625 0.028125
0 0.62265625 0.25234375 0.01875 0.04140625
0 0.7359375 0.25703125 0.01875 0.03671875
0 0.1109375 0.25703125 0.0140625 0.04140625
0 0.2890625 0.259375 0.01875 0.03203125
0 0.04375 0.26171875 0.01875 0.0234375
0 0.52109375 0.26171875 0.01875 0.04140625
0 0.45625 0.26640625 0.0140625 0.0234375
0 0.08359375 0.26875 0.0140625 0.03203125
0 0.12265625 0.27109375 0.0234375 0.04609375
0 0.153125 0.27109375 0.0234375 0.04609375
0 0.39609375 0.2734375 0.0140625 0.028125
0 0.375 0.28046875 0.0140625 0.0234375
0 0.0765625 0.284375 0.0140625 0.03203125
0 0.98828125 0.2890625 0.0140625 0.05078125
0 0.0390625 0.2890625 0.01875 0.0234375
0 0.56953125 0.29375 0.01875 0.04140625
0 0.4328125 0.29375 0.0140625 0.03203125
0 0.7546875 0.29609375 0.01875 0.04609375
0 0.2640625 0.2984375 0.0234375 0.03671875
0 0.240625 0.30078125 0.028125 0.0140625
0 0.196875 0.31015625 0.03203125 0.03203125
0 0.4609375 0.31484375 0.01875 0.04140625
0 0.79375 0.31484375 0.028125 0.05078125
0 0.884375 0.31953125 0.03671875 0.06484375
0 0.36328125 0.32421875 0.028125 0.04140625
0 0.028125 0.3265625 0.01875 0.03671875
0 0.52109375 0.3265625 0.01875 0.03671875
0 0.23125 0.33125 0.01875 0.05078125
0 0.70625 0.3359375 0.01875 0.03671875
0 0.14140625 0.340625 0.0234375 0.028125
0 0.1921875 0.34296875 0.03203125 0.03203125
0 0.60859375 0.346875 0.0234375 0.05546875
0 0.89375 0.346875 0.03671875 0.06953125
0 0.125 0.346875 0.028125 0.01875
0 0.659375 0.3515625 0.028125 0.06484375
0 0.2984375 0.35390625 0.0234375 0.05078125
0 0.259375 0.35859375 0.03203125 0.04140625
0 0.04375 0.35859375 0.0234375 0.04609375
0 0.98828125 0.36328125 0.0140625 0.05078125
0 0.16171875 0.36328125 0.01875 0.04609375
0 0.928125 0.365625 0.028125 0.06953125
0 0.43515625 0.365625 0.028125 0.05078125
0 0.55546875 0.3703125 0.03671875 0.06015625
0 0.0859375 0.3703125 0.0234375 0.04609375
0 0.68046875 0.375 0.028125 0.05546875
0 0.76171875 0.38203125 0.0234375 0.06484375
0 0.48125 0.38671875 0.028125 0.04609375
0 0.0140625 0.3890625 0.028125 0.05546875
0 0.1828125 0.3890625 0.0234375 0.05546875
0 0.33125 0.409375 0.028125 0.04609375
0 0.803125 0.41640625 0.03203125 0.05546875
0 0.259375 0.42109375 0.0140625 0.06484375
0 0.1109375 0.4234375 0.0234375 0.05078125
0 0.28203125 0.45625 0.03203125 0.05546875