0 0.38671875 0.14375 0.07421875 0.09296875
0 0.284375 0.1640625 0.04609375 0.04609375
0 0.04609375 0.1921875 0.06015625 0.08359375
0 0.34921875 0.196875 0.03203125 0.05078125
0 0.0859375 0.20390625 0.04140625 0.06484375
0 0.96328125 0.21796875 0.04609375 0.06484375
0 0.1296875 0.21953125 0.05546875 0.07890625
0 0.58828125 0.22890625 0.04609375 0.06484375
0 0.1828125 0.23828125 0.05546875 0.06953125
0 0.634375 0.2453125 0.03671875 0.06015625
0 0.86328125 0.259375 0.03671875 0.06015625
0 0.778125 0.259375 0.03203125 0.05546875
0 0.75 0.259375 0.03203125 0.05078125
0 0.909375 0.26171875 0.03671875 0.06484375
0 0.69921875 0.2734375 0.04140625 0.05546875
0 0.83359375 0.346875 0.05078125 0.06484375
0 0.74765625 0.36328125 0.05078125 0.06953125
0 0.63203125 0.39375 0.04140625 0.05546875
0 0.55078125 0.39609375 0.04609375 0.06015625