0 0.57421875 0.40546875 0.05078125 0.06953125
0 0.47890625 0.4234375 0.04609375 0.08359375
0 0.428125 0.45390625 0.06484375 0.07421875
0 0.29375 0.45625 0.06484375 0.08828125
0 0.115625 0.45859375 0.06484375 0.07890625
0 0.18984375 0.46796875 0.05546875 0.08828125
0 0.3265625 0.46953125 0.05546875 0.06484375
0 0.6921875 0.4765625 0.06484375 0.08828125
0 0.24296875 0.4859375 0.05546875 0.08828125
0 0.79609375 0.490625 0.05546875 0.07421875
0 0.9234375 0.5140625 0.05078125 0.07421875
0 0.60390625 0.5390625 0.05546875 0.07890625
0 0.37734375 0.5484375 0.06015625 0.08359375
0 0.9421875 0.5859375 0.06953125 0.08828125
0 0.278125 0.596875 0.06484375 0.08359375
0 0.79375 0.875 0.06484375 0.09296875