0 0.0390625 0.29140625 0.01875 0.03203125
0 0.18046875 0.31015625 0.0140625 0.0234375
0 0.0671875 0.31484375 0.0140625 0.0234375
0 0.37734375 0.31953125 0.0046875 0.0046875
0 0.00703125 0.31953125 0.0140625 0.04140625
0 0.37265625 0.31953125 0.0046875 0.0046875
0 0.134375 0.31953125 0.01875 0.03671875
0 0.32890625 0.321875 0.009375 0.0140625
0 0.07890625 0.3265625 0.0234375 0.03203125
0 0.3125 0.3265625 0.009375 0.009375
0 0.44921875 0.32890625 0.0046875 0.0046875
0 0.42578125 0.32890625 0.0046875 0.0046875
0 0.46328125 0.32890625 0.0046875 0.0046875
0 0.43515625 0.32890625 0.0046875 0.0046875
0 0.42109375 0.33125 0.0046875 0.0046875
0 0.4953125 0.33125 0.0046875 0.0046875
0 0.45859375 0.33125 0.0046875 0.0046875
0 0.4859375 0.33125 0.0046875 0.0046875
0 0.3890625 0.33359375 0.009375 0.009375
0 0.5046875 0.33359375 0.0046875 0.0046875
0 0.47421875 0.33359375 0.0046875 0.0046875
0 0.10625 0.3359375 0.01875 0.03203125
0 0.384375 0.3359375 0.009375 0.009375
0 0.46953125 0.3359375 0.0046875 0.009375
0 0.49765625 0.3359375 0.0046875 0.0046875
0 0.55546875 0.33828125 0.0046875 0.0046875
0 0.36328125 0.33828125 0.009375 0.0140625
0 0.39609375 0.33828125 0.009375 0.01875
0 0.409375 0.340625 0.009375 0.0140625
0 0.55078125 0.340625 0.0046875 0.0046875
0 0.17578125 0.340625 0.0140625 0.01875
0 0.48828125 0.340625 0.0046875 0.009375
0 0.3796875 0.34296875 0.009375 0.0140625
0 0.57421875 0.34296875 0.0046875 0.0046875
0 0.4328125 0.34296875 0.0140625 0.01875
0 0.29609375 0.34453125 0.0234375 0.0234375
0 0.42109375 0.34453125 0.009375 0.0140625
0 0.56953125 0.34453125 0.0046875 0.0046875
0 0.590625 0.34453125 0.0046875 0.0046875
0 0.34296875 0.34453125 0.0140625 0.0234375
0 0.46328125 0.34453125 0.009375 0.0140625
0 0.56015625 0.346875 0.0046875 0.0140625
0 0.37265625 0.346875 0.009375 0.0140625
0 0.31953125 0.346875 0.01875 0.03203125
0 0.49765625 0.34921875 0.009375 0.0140625
0 0.51640625 0.34921875 0.009375 0.01875
0 0.471875 0.3515625 0.009375 0.009375
0 0.5046875 0.3515625 0.009375 0.0140625
0 0.60625 0.3515625 0.0140625 0.009375
0 0.13203125 0.3515625 0.0234375 0.0234375
0 0.53203125 0.3515625 0.0046875 0.0140625
0 0.5234375 0.3515625 0.009375 0.0140625
0 0.5765625 0.35390625 0.009375 0.0140625
0 0.5671875 0.35390625 0.009375 0.009375
0 0.590625 0.35625 0.009375 0.0046875
0 0.44921875 0.35859375 0.0140625 0.0234375
0 0.6640625 0.35859375 0.009375 0.0140625
0 0.5484375 0.35859375 0.0140625 0.01875
0 0.490625 0.3609375 0.01875 0.01875
0 0.70859375 0.3609375 0.0140625 0.01875
0 0.42109375 0.3609375 0.0140625 0.01875
0 0.59921875 0.36328125 0.009375 0.0140625
0 0.62265625 0.36328125 0.0140625 0.01875
0 0.590625 0.36328125 0.009375 0.0140625
0 0.47421875 0.365625 0.0140625 0.01875
0 0.53671875 0.365625 0.009375 0.0140625
0 0.56484375 0.365625 0.0140625 0.01875
0 0.6484375 0.36796875 0.0140625 0.0140625
0 0.51171875 0.36796875 0.01875 0.0234375
0 0.678125 0.3703125 0.0140625 0.01875
0 0.40078125 0.37265625 0.0140625 0.0234375
0 0.1640625 0.37265625 0.01875 0.03671875
0 0.7015625 0.37265625 0.0140625 0.0234375
0 0.346875 0.375 0.01875 0.0234375
0 0.0234375 0.375 0.03671875 0.04609375
0 0.134375 0.37734375 0.028125 0.03671875
0 0.0859375 0.38203125 0.0234375 0.04140625
0 0.28671875 0.38203125 0.03203125 0.05078125
0 0.36796875 0.384375 0.01875 0.03203125
0 0.55546875 0.384375 0.01875 0.0140625
0 0.41640625 0.39140625 0.01875 0.03203125
0 0.5046875 0.39140625 0.01875 0.0234375
0 0.76640625 0.39140625 0.0140625 0.0234375
0 0.490625 0.39375 0.01875 0.03203125
0 0.54140625 0.39609375 0.0140625 0.0234375
0 0.62265625 0.39609375 0.0140625 0.01875
0 0.84453125 0.3984375 0.03671875 0.06015625
0 0.465625 0.40078125 0.0234375 0.03203125
0 0.55546875 0.40078125 0.01875 0.0234375
0 0.715625 0.41171875 0.01875 0.028125
0 0.86796875 0.4140625 0.03203125 0.05078125
0 0.54140625 0.42109375 0.01875 0.0234375
0 0.35859375 0.43515625 0.03203125 0.04609375
0 0.45625 0.43984375 0.028125 0.03671875
0 0.02578125 0.45390625 0.05078125 0.1109375
0 0.534375 0.45625 0.03203125 0.04609375
0 0.37734375 0.4765625 0.04609375 0.05078125
0 0.20859375 0.48125 0.06484375 0.09296875
0 0.59921875 0.52578125 0.05078125 0.08359375
0 0.34453125 0.5484375 0.09296875 0.096875
0 0.60859375 0.6484375 0.08828125 0.115625
0 0.90546875 0.7015625 0.04140625 0.06953125