0 0.64140625 0.115625 0.05546875 0.07890625
0 0.971875 0.12265625 0.04609375 0.08828125
0 0.759375 0.134375 0.05078125 0.08359375
0 0.0625 0.153125 0.03671875 0.06953125
0 0.13203125 0.16171875 0.05078125 0.07890625
0 0.2546875 0.1640625 0.05078125 0.08828125
0 0.3609375 0.1734375 0.06015625 0.07421875
0 0.4765625 0.178125 0.06015625 0.08359375
0 0.62734375 0.21796875 0.06484375 0.096875
0 0.75703125 0.2265625 0.06015625 0.08359375
0 0.70625 0.23828125 0.05078125 0.08359375
0 0.86328125 0.2546875 0.05546875 0.07890625
0 0.0625 0.28671875 0.05546875 0.08359375
0 0.18046875 0.31015625 0.05546875 0.09296875
0 0.4859375 0.3171875 0.04609375 0.07890625
0 0.321875 0.34921875 0.05078125 0.08828125
0 0.98125 0.39609375 0.028125 0.115625
0 0.509375 0.41640625 0.05546875 0.09296875
0 0.66171875 0.4328125 0.05078125 0.09296875
0 0.81484375 0.4421875 0.05078125 0.08828125
0 0.0859375 0.46328125 0.06015625 0.08359375
0 0.3359375 0.47890625 0.05546875 0.09296875
0 0.23125 0.4859375 0.05078125 0.07890625
0 0.5859375 0.571875 0.06484375 0.096875
0 0.21796875 0.615625 0.06484375 0.08359375
0 0.09453125 0.6203125 0.04609375 0.08359375
0 0.0140625 0.6296875 0.028125 0.04140625
0 0.32421875 0.63203125 0.07421875 0.1109375
0 0.49296875 0.65078125 0.06953125 0.09296875
0 0.909375 0.69453125 0.07421875 0.10625
0 0.02109375 0.71796875 0.04140625 0.134375
0 0.971875 0.81484375 0.05546875 0.1390625
0 0.5234375 0.8171875 0.08828125 0.1296875
0 0.19921875 0.8171875 0.06953125 0.096875
0 0.6875 0.8359375 0.07421875 0.08828125
0 0.875 0.09921875 0.05546875 0.07890625