0 0.971875 0.303125 0.05546875 0.1015625
0 0.8890625 0.31015625 0.06484375 0.115625
0 0.53671875 0.32421875 0.08828125 0.125
0 0.68046875 0.33125 0.05546875 0.1015625
0 0.0765625 0.34453125 0.06015625 0.115625
0 0.2109375 0.35390625 0.07421875 0.125
0 0.4375 0.365625 0.06015625 0.1109375
0 0.7359375 0.384375 0.07421875 0.125
0 0.34296875 0.446875 0.08359375 0.153125
0 0.81953125 0.4609375 0.09296875 0.134375
0 0.68046875 0.51171875 0.1015625 0.1203125
0 0.55546875 0.2109375 0.04140625 0.04140625
0 0.80546875 0.2109375 0.04140625 0.09296875
0 0.134375 0.2109375 0.04140625 0.07421875
0 0.6203125 0.21328125 0.03671875 0.06953125
0 0.97890625 0.21796875 0.03671875 0.04609375
0 0.2359375 0.2265625 0.05546875 0.07421875
0 0.6875 0.23125 0.04140625 0.06015625
0 0.53671875 0.2359375 0.05078125 0.04609375
0 0.49296875 0.240625 0.05078125 0.06015625
0 0.92578125 0.2453125 0.04140625 0.06953125
0 0.090625 0.2453125 0.04609375 0.04140625
0 0.840625 0.25 0.05078125 0.09296875
0 0.98828125 0.25703125 0.0140625 0.06953125
0 0.01875 0.259375 0.03671875 0.1109375
0 0.4140625 0.259375 0.04609375 0.07890625
0 0.784375 0.2734375 0.03671875 0.06953125
0 0.3359375 0.27578125 0.05078125 0.08828125
0 0.15546875 0.28203125 0.05078125 0.1109375
0 0.64375 0.284375 0.04140625 0.09296875