0 0.41875 0.11328125 0.03671875 0.06015625
0 0.409375 0.01171875 0.03203125 0.0234375
0 0.91875 0.13203125 0.04140625 0.05078125
0 0.18984375 0.1390625 0.03203125 0.03203125
0 0.25234375 0.01640625 0.03671875 0.03203125
0 0.840625 0.17578125 0.04140625 0.07421875
0 0.7640625 0.1875 0.05078125 0.096875
0 0.94453125 0.01875 0.028125 0.03671875
0 0.5140625 0.01875 0.03671875 0.03671875
0 0.70625 0.21953125 0.07421875 0.07890625
0 0.9859375 0.23125 0.028125 0.06015625
0 0.90703125 0.0234375 0.028125 0.04609375
0 0.70859375 0.2546875 0.06015625 0.07421875
0 0.03671875 0.26171875 0.03671875 0.06015625
0 0.0390625 0.02578125 0.03203125 0.05078125
0 0.20390625 0.028125 0.04140625 0.04609375
0 0.65703125 0.278125 0.03671875 0.06015625
0 0.28671875 0.29140625 0.05078125 0.07890625
0 0.35390625 0.29140625 0.03671875 0.04140625
0 0.0140625 0.03046875 0.028125 0.05078125
0 0.7015625 0.2984375 0.05078125 0.06484375
0 0.090625 0.31484375 0.08359375 0.1109375
0 0.54375 0.31953125 0.03671875 0.06484375
0 0.58125 0.32421875 0.03671875 0.05078125
0 0.10625 0.03203125 0.03671875 0.05078125
0 0.53203125 0.034375 0.028125 0.05078125
0 0.56953125 0.034375 0.03671875 0.03203125
0 0.48125 0.35390625 0.07890625 0.1109375
0 0.66640625 0.05078125 0.03671875 0.04609375
0 0.74765625 0.05078125 0.028125 0.05546875
0 0.990625 0.053125 0.0140625 0.05078125
0 0.36796875 0.528125 0.05546875 0.10625
0 0.15703125 0.0578125 0.03203125 0.04609375
0 0.69921875 0.06015625 0.03203125 0.04609375
0 0.46328125 0.06015625 0.03203125 0.03671875
0 0.94453125 0.06484375 0.028125 0.04609375
0 0.78203125 0.06484375 0.03203125 0.05078125
0 0.5671875 0.0671875 0.04140625 0.04609375
0 0.2734375 0.06953125 0.028125 0.05546875
0 0.61328125 0.07421875 0.028125 0.06015625
0 0.0484375 0.07890625 0.03203125 0.05078125
0 0.66875 0.0859375 0.05078125 0.06953125
0 0.365625 0.01171875 0.03671875 0.0234375
0 0.0859375 0.09453125 0.04140625 0.05546875
0 0.009375 0.09921875 0.01875 0.06484375
0 0.35390625 0.1015625 0.028125 0.05078125
0 0.51171875 0.1015625 0.03203125 0.05078125