0 0.78671875 0.2453125 0.06015625 0.09296875
0 0.95859375 0.2640625 0.05546875 0.06953125
0 0.19453125 0.278125 0.03671875 0.05078125
0 0.34921875 0.28203125 0.03203125 0.05078125
0 0.38203125 0.28671875 0.04140625 0.07421875
0 0.446875 0.2984375 0.04140625 0.05078125
0 0.06953125 0.30078125 0.03671875 0.03671875
0 0.32890625 0.3078125 0.04140625 0.05078125
0 0.11328125 0.31015625 0.0140625 0.0234375
0 0.62734375 0.3125 0.05078125 0.07421875
0 0.13671875 0.31484375 0.028125 0.05078125
0 0.03671875 0.31953125 0.01875 0.0234375
0 0.05078125 0.32421875 0.01875 0.028125
0 0.01171875 0.33359375 0.0234375 0.06484375
0 0.07890625 0.33828125 0.028125 0.03203125