0 0.82890625 0.125 0.0234375 0.01875
0 0.81015625 0.1296875 0.0140625 0.0140625
0 0.8703125 0.1296875 0.01875 0.0234375
0 0.8890625 0.1296875 0.01875 0.0234375
0 0.159375 0.1296875 0.03671875 0.04140625
0 0.8515625 0.13203125 0.0234375 0.0234375
0 0.909375 0.134375 0.01875 0.028125
0 0.53671875 0.134375 0.0234375 0.03671875
0 0.93515625 0.134375 0.01875 0.028125
0 0.95625 0.13671875 0.009375 0.01875
0 0.971875 0.13671875 0.0140625 0.0140625
0 0.86328125 0.13671875 0.01875 0.01875
0 0.7453125 0.13671875 0.0234375 0.01875
0 0.76875 0.14140625 0.03203125 0.03203125
0 0.78671875 0.14140625 0.028125 0.01875
0 0.67109375 0.15078125 0.0234375 0.028125
0 0.97421875 0.15078125 0.0140625 0.01875
0 0.81015625 0.153125 0.0234375 0.03203125
0 0.21796875 0.15546875 0.03671875 0.04140625
0 0.8890625 0.15546875 0.01875 0.028125
0 0.68515625 0.15703125 0.01875 0.0234375
0 0.85859375 0.16171875 0.0234375 0.03203125
0 0.71328125 0.1640625 0.01875 0.0234375
0 0.76171875 0.1640625 0.0234375 0.028125
0 0.94453125 0.17109375 0.01875 0.03671875
0 0.9765625 0.17109375 0.01875 0.028125
0 0.18046875 0.17109375 0.03671875 0.05078125
0 0.92109375 0.1734375 0.03203125 0.04609375
0 0.659375 0.1734375 0.028125 0.03203125
0 0.83828125 0.178125 0.028125 0.03671875
0 0.98828125 0.18046875 0.0234375 0.03671875
0 0.73828125 0.18046875 0.03671875 0.05078125
0 0.7890625 0.1828125 0.03203125 0.04609375
0 0.153125 0.18515625 0.03671875 0.05546875
0 0.6828125 0.18984375 0.03671875 0.03671875
0 0.2640625 0.19453125 0.04609375 0.06484375
0 0.63671875 0.19453125 0.03203125 0.04609375
0 0.89375 0.196875 0.028125 0.03203125
0 0.71328125 0.196875 0.028125 0.04140625
0 0.42109375 0.2015625 0.06015625 0.07421875
0 0.20859375 0.2015625 0.04140625 0.05546875
0 0.49296875 0.20859375 0.05078125 0.07421875
0 0.59453125 0.221875 0.03203125 0.03203125
0 0.98125 0.22890625 0.028125 0.05078125
0 0.365625 0.23359375 0.06015625 0.06484375
0 0.8171875 0.2359375 0.04609375 0.06015625
0 0.46328125 0.2359375 0.06484375 0.07890625
0 0.67109375 0.23828125 0.04609375 0.05546875
0 0.9421875 0.23828125 0.04140625 0.03203125
0 0.534375 0.240625 0.01875 0.03671875
0 0.634375 0.26171875 0.04140625 0.05078125
0 0.31484375 0.26640625 0.05078125 0.08359375
0 0.7109375 0.26640625 0.05546875 0.05546875
0 0.5140625 0.2734375 0.05078125 0.05546875
0 0.57421875 0.28671875 0.04140625 0.07421875
0 0.428125 0.29140625 0.06015625 0.08359375
0 0.9515625 0.29609375 0.07890625 0.06953125
0 0.4953125 0.30078125 0.07421875 0.05078125
0 0.240625 0.3125 0.08828125 0.1203125
0 0.35859375 0.31484375 0.07421875 0.1015625
0 0.76875 0.31484375 0.06953125 0.07421875
0 0.69921875 0.31484375 0.06953125 0.08828125
0 0.08828125 0.3265625 0.08828125 0.1015625
0 0.6203125 0.34296875 0.08359375 0.09296875
0 0.50234375 0.3796875 0.08828125 0.096875
0 0.028125 0.4859375 0.05546875 0.153125
0 0.65546875 0.528125 0.1390625 0.18984375
0 0.39609375 0.70390625 0.17578125 0.20859375