0 0.46953125 0.2109375 0.03203125 0.05078125
0 0.59453125 0.2109375 0.03671875 0.05546875
0 0.403125 0.21328125 0.04140625 0.04609375
0 0.66171875 0.21328125 0.03671875 0.05078125
0 0.1875 0.21328125 0.03671875 0.05546875
0 0.09296875 0.215625 0.04609375 0.05078125
0 0.8796875 0.21953125 0.03671875 0.06015625
0 0.26875 0.2265625 0.03203125 0.03203125
0 0.7359375 0.2265625 0.03203125 0.04609375
0 0.81484375 0.23125 0.03671875 0.04609375
0 0.9765625 0.23828125 0.04140625 0.06015625
0 0.84921875 0.2453125 0.028125 0.06015625
0 0.4234375 0.24765625 0.04140625 0.05546875
0 0.3359375 0.2546875 0.03671875 0.06953125
0 0.52109375 0.25703125 0.04140625 0.06015625
0 0.76640625 0.26640625 0.03671875 0.05546875
0 0.27109375 0.26875 0.03203125 0.05078125
0 0.1640625 0.28046875 0.028125 0.05078125
0 0.090625 0.28671875 0.028125 0.04609375
0 0.1875 0.2890625 0.028125 0.04140625
0 0.56953125 0.2890625 0.03671875 0.05078125
0 0.89375 0.29609375 0.03671875 0.06015625
0 0.81015625 0.2984375 0.03671875 0.05078125
0 0.65078125 0.303125 0.04140625 0.05546875
0 0.74296875 0.31015625 0.03671875 0.04609375
0 0.42109375 0.3125 0.03671875 0.05078125
0 0.96953125 0.31484375 0.03671875 0.06484375
0 0.19921875 0.32890625 0.04140625 0.05546875
0 0.4953125 0.33359375 0.04609375 0.06015625
0 0.83125 0.3359375 0.03203125 0.04609375
0 0.54140625 0.340625 0.03671875 0.05546875
0 0.38203125 0.34921875 0.03671875 0.06015625
0 0.93984375 0.35625 0.03671875 0.05078125
0 0.28203125 0.35859375 0.028125 0.06015625
0 0.0671875 0.3609375 0.05078125 0.06015625
0 0.75 0.3609375 0.028125 0.05546875
0 0.58359375 0.384375 0.04140625 0.06015625
0 0.6875 0.38671875 0.03671875 0.05078125
0 0.990625 0.3890625 0.0140625 0.05078125
0 0.77578125 0.3890625 0.03671875 0.05546875
0 0.1015625 0.3890625 0.04609375 0.06015625
0 0.4515625 0.39140625 0.04609375 0.05078125
0 0.3125 0.39375 0.03203125 0.04609375
0 0.884375 0.39375 0.03671875 0.05546875
0 0.65546875 0.39609375 0.028125 0.05078125
0 0.2109375 0.403125 0.03671875 0.05546875
0 0.97421875 0.403125 0.03203125 0.06015625
0 0.946875 0.41640625 0.028125 0.06484375
0 0.3890625 0.41640625 0.05546875 0.06953125
0 0.7984375 0.42578125 0.03671875 0.06015625
0 0.2984375 0.43046875 0.03671875 0.04609375
0 0.0578125 0.44921875 0.03671875 0.04609375
0 0.21796875 0.44921875 0.03671875 0.06015625
0 0.1203125 0.45390625 0.03671875 0.05546875
0 0.48828125 0.45625 0.03671875 0.05078125
0 0.90078125 0.45625 0.028125 0.05546875
0 0.68046875 0.45859375 0.04140625 0.06484375
0 0.50703125 0.46328125 0.03203125 0.04609375
0 0.25703125 0.471875 0.03671875 0.05078125
0 0.03046875 0.47421875 0.04140625 0.05078125
0 0.4234375 0.48359375 0.03671875 0.05078125
0 0.340625 0.4859375 0.028125 0.03671875
0 0.17109375 0.490625 0.03671875 0.05546875
0 0.08125 0.49765625 0.03203125 0.05078125
0 0.27109375 0.5046875 0.028125 0.04609375
0 0.81015625 0.5046875 0.04140625 0.06015625
0 0.9859375 0.51875 0.028125 0.06015625
0 0.33359375 0.5234375 0.03671875 0.04140625
0 0.5625 0.53046875 0.04140625 0.06015625
0 0.7359375 0.53203125 0.028125 0.028125
0 0.12265625 0.534375 0.03671875 0.06015625
0 0.59296875 0.54140625 0.03203125 0.05078125
0 0.07421875 0.54140625 0.03671875 0.06015625
0 0.471875 0.55078125 0.03671875 0.03671875
0 0.26875 0.55078125 0.03671875 0.05078125
0 0.784375 0.553125 0.028125 0.04609375
0 0.16875 0.55546875 0.03671875 0.06015625
0 0.4140625 0.55546875 0.03203125 0.05546875
0 0.31015625 0.56484375 0.03671875 0.05078125
0 0.6484375 0.56484375 0.04140625 0.06015625
0 0.93515625 0.571875 0.04609375 0.06484375
0 0.73125 0.57421875 0.04140625 0.06015625
0 0.83125 0.57421875 0.04140625 0.05546875
0 0.6203125 0.57890625 0.03671875 0.05078125
0 0.89375 0.58125 0.03671875 0.05546875
0 0.46953125 0.58828125 0.028125 0.04140625
0 0.54375 0.590625 0.03203125 0.04140625
0 0.78671875 0.60625 0.04140625 0.05078125
0 0.221875 0.6109375 0.04609375 0.06015625
0 0.409375 0.62265625 0.04140625 0.06015625
0 0.840625 0.62734375 0.028125 0.05078125
0 0.58828125 0.63203125 0.04140625 0.05546875
0 0.2984375 0.6390625 0.03671875 0.06015625
0 0.490625 0.6390625 0.04140625 0.06015625
0 0.04140625 0.6390625 0.03671875 0.05078125
0 0.82421875 0.64375 0.03671875 0.04609375
0 0.66875 0.64609375 0.04140625 0.06484375
0 0.09453125 0.6484375 0.03203125 0.04609375
0 0.153125 0.6484375 0.03671875 0.06484375
0 0.740625 0.65078125 0.03671875 0.05078125
0 0.93046875 0.65078125 0.04140625 0.05078125
0 0.01875 0.65546875 0.03671875 0.06484375
0 0.0765625 0.6640625 0.03203125 0.06015625
0 0.24296875 0.68046875 0.03671875 0.05546875
0 0.6296875 0.1640625 0.03671875 0.05546875
0 0.16875 0.16640625 0.03203125 0.05078125
0 0.9375 0.17109375 0.03671875 0.05546875
0 0.54140625 0.1734375 0.028125 0.04140625
0 0.9765625 0.17578125 0.03203125 0.04609375
0 0.33359375 0.18046875 0.03671875 0.05078125
0 0.69921875 0.1828125 0.03203125 0.05078125
0 0.2546875 0.18515625 0.03203125 0.04609375