0 0.125 0.27109375 0.01875 0.01875
0 0.15703125 0.27578125 0.0140625 0.0234375
0 0.14140625 0.28046875 0.0140625 0.0234375
0 0.79140625 0.284375 0.0140625 0.0234375
0 0.3171875 0.284375 0.0140625 0.0234375
0 0.32890625 0.28671875 0.009375 0.0234375
0 0.125 0.2890625 0.0140625 0.0234375
0 0.43046875 0.303125 0.01875 0.03203125
0 0.08828125 0.30546875 0.028125 0.0234375
0 0.43984375 0.30546875 0.01875 0.028125
0 0.70390625 0.30546875 0.01875 0.028125
0 0.86328125 0.31015625 0.01875 0.0234375
0 0.01640625 0.31015625 0.0234375 0.04140625
0 0.3171875 0.3125 0.0140625 0.0234375
0 0.75703125 0.3171875 0.0140625 0.0234375
0 0.04140625 0.3171875 0.01875 0.03671875
0 0.06484375 0.321875 0.01875 0.03671875
0 0.68984375 0.321875 0.01875 0.03671875
0 0.9234375 0.33828125 0.01875 0.03203125
0 0.37734375 0.34453125 0.028125 0.04609375
0 0.08828125 0.346875 0.028125 0.05546875
0 0.04609375 0.3515625 0.01875 0.03203125
0 0.15546875 0.3515625 0.0234375 0.05078125
0 0.45859375 0.35390625 0.0234375 0.04140625
0 0.31015625 0.35859375 0.03203125 0.03671875
0 0.10390625 0.36328125 0.0234375 0.04609375
0 0.41875 0.3703125 0.03671875 0.03671875
0 0.53046875 0.37265625 0.028125 0.0234375
0 0.78046875 0.37265625 0.05546875 0.05546875
0 0.6921875 0.375 0.04609375 0.03671875
0 0.22421875 0.3796875 0.03203125 0.07421875
0 0.0484375 0.384375 0.0234375 0.03203125
0 0.5390625 0.38671875 0.028125 0.028125
0 0.29140625 0.39140625 0.03203125 0.05078125
0 0.009375 0.3984375 0.01875 0.04140625
0 0.40546875 0.3984375 0.028125 0.04140625
0 0.45859375 0.409375 0.028125 0.06015625
0 0.65703125 0.41171875 0.028125 0.05546875
0 0.67109375 0.41171875 0.0234375 0.05546875
0 0.59453125 0.41171875 0.03671875 0.05546875
0 0.14140625 0.41640625 0.028125 0.07421875
0 0.78671875 0.41640625 0.009375 0.009375
0 0.05078125 0.41875 0.03203125 0.06015625
0 0.55078125 0.41875 0.04140625 0.04140625
0 0.20625 0.41875 0.028125 0.05078125
0 0.51640625 0.41875 0.03671875 0.06484375
0 0.33359375 0.42109375 0.04609375 0.07421875
0 0.1640625 0.4234375 0.03671875 0.08359375
0 0.2453125 0.43046875 0.028125 0.06015625
0 0.696875 0.43046875 0.04140625 0.07421875
0 0.43046875 0.43046875 0.03671875 0.07421875
0 0.35859375 0.43515625 0.028125 0.04140625
0 0.846875 0.4421875 0.03671875 0.07421875
0 0.03046875 0.44921875 0.05078125 0.08828125
0 0.00703125 0.4515625 0.0140625 0.06484375
0 0.909375 0.45390625 0.03671875 0.07421875
0 0.27578125 0.45390625 0.04140625 0.07890625
0 0.76171875 0.45625 0.05546875 0.1015625
0 0.38203125 0.46328125 0.05078125 0.08828125
0 0.48828125 0.46328125 0.04140625 0.07890625
0 0.5578125 0.465625 0.028125 0.06953125
0 0.59296875 0.46796875 0.03203125 0.06015625
0 0.625 0.47421875 0.04140625 0.10625
0 0.34921875 0.48125 0.03203125 0.05546875
0 0.1203125 0.48828125 0.03671875 0.06484375
0 0.946875 0.5046875 0.05546875 0.09296875