0 0.759375 0.13203125 0.03671875 0.04609375
0 0.66875 0.134375 0.03671875 0.05078125
0 0.51171875 0.134375 0.0234375 0.03203125
0 0.58125 0.14375 0.03203125 0.028125
0 0.70625 0.15078125 0.03671875 0.05078125
0 0.4515625 0.15703125 0.0140625 0.01875
0 0.471875 0.159375 0.0140625 0.01875
0 0.40078125 0.1640625 0.0140625 0.01875
0 0.43984375 0.16640625 0.01875 0.028125
0 0.41875 0.1734375 0.0140625 0.01875
0 0.3890625 0.1734375 0.01875 0.0234375
0 0.35859375 0.1734375 0.01875 0.0234375
0 0.53671875 0.17578125 0.01875 0.03203125
0 0.428125 0.178125 0.0140625 0.028125
0 0.3125 0.18046875 0.0140625 0.0234375
0 0.58125 0.18046875 0.03203125 0.03203125
0 0.34296875 0.18046875 0.01875 0.0234375
0 0.24765625 0.18046875 0.01875 0.0140625
0 0.61796875 0.18046875 0.028125 0.04140625
0 0.37734375 0.18515625 0.01875 0.028125
0 0.45859375 0.18515625 0.0234375 0.03203125
0 0.321875 0.18515625 0.01875 0.01875
0 0.52109375 0.1875 0.03671875 0.03671875
0 0.28046875 0.1921875 0.0140625 0.009375
0 0.29140625 0.1921875 0.0046875 0.0140625
0 0.49765625 0.1921875 0.0234375 0.03203125
0 0.64140625 0.196875 0.028125 0.04609375
0 0.2640625 0.19921875 0.0140625 0.01875
0 0.18984375 0.2015625 0.0140625 0.0140625
0 0.18046875 0.2015625 0.009375 0.0140625
0 0.8265625 0.20390625 0.06484375 0.1015625
0 0.21953125 0.20390625 0.01875 0.01875
0 0.29609375 0.20390625 0.0140625 0.01875
0 0.32890625 0.20390625 0.0140625 0.0234375
0 0.20390625 0.20390625 0.0140625 0.01875
0 0.23125 0.20625 0.009375 0.0234375
0 0.553125 0.20625 0.028125 0.03203125
0 0.25234375 0.20859375 0.0140625 0.01875
0 0.31015625 0.20859375 0.01875 0.028125
0 0.28203125 0.20859375 0.0140625 0.01875
0 0.39609375 0.20859375 0.028125 0.03203125
0 0.20859375 0.21328125 0.0140625 0.01875
0 0.1875 0.215625 0.0140625 0.0140625
0 0.73359375 0.21796875 0.04140625 0.05546875
0 0.259375 0.21796875 0.0140625 0.01875
0 0.27109375 0.21953125 0.009375 0.01875
0 0.1109375 0.21953125 0.009375 0.0046875
0 0.4953125 0.22421875 0.028125 0.03203125
0 0.096875 0.22421875 0.0046875 0.009375
0 0.12265625 0.2265625 0.009375 0.01875
0 0.35390625 0.2265625 0.0234375 0.028125
0 0.46328125 0.22890625 0.028125 0.04609375
0 0.09296875 0.23125 0.0140625 0.0140625
0 0.29140625 0.23125 0.028125 0.03671875
0 0.15703125 0.23359375 0.0140625 0.028125
0 0.14375 0.23359375 0.0140625 0.01875
0 0.11328125 0.240625 0.0140625 0.01875
0 0.178125 0.240625 0.0140625 0.0234375
0 0.18984375 0.240625 0.0140625 0.01875
0 0.23359375 0.240625 0.01875 0.028125
0 0.2734375 0.24296875 0.01875 0.0234375
0 0.0484375 0.24765625 0.01875 0.0234375
0 0.40546875 0.24765625 0.03671875 0.04609375
0 0.0625 0.24765625 0.0140625 0.0234375
0 0.21953125 0.25 0.01875 0.03203125
0 0.6015625 0.25 0.04140625 0.06015625
0 0.56015625 0.25234375 0.03203125 0.04609375
0 0.33828125 0.25234375 0.03203125 0.03671875
0 0.20859375 0.2546875 0.01875 0.03203125
0 0.51171875 0.2640625 0.03671875 0.05078125
0 0.14140625 0.26640625 0.0140625 0.0234375
0 0.16171875 0.26875 0.028125 0.03203125
0 0.12734375 0.278125 0.03203125 0.03671875
0 0.0671875 0.28046875 0.0140625 0.0234375
0 0.01640625 0.2890625 0.0234375 0.028125
0 0.053125 0.29140625 0.0234375 0.0234375
0 0.71953125 0.29140625 0.03671875 0.06953125
0 0.25234375 0.29375 0.03203125 0.028125
0 0.48125 0.30078125 0.03671875 0.06015625
0 0.678125 0.31953125 0.06484375 0.1203125
0 0.04609375 0.32421875 0.03203125 0.04140625
0 0.14140625 0.33125 0.04140625 0.04609375
0 0.3609375 0.33359375 0.06484375 0.1015625
0 0.221875 0.365625 0.01875 0.04140625
0 0.26640625 0.375 0.05078125 0.07421875
0 0.0234375 0.39609375 0.04609375 0.07890625
0 0.06953125 0.40078125 0.05546875 0.07421875
0 0.1484375 0.41171875 0.05078125 0.07421875
0 0.8125 0.45625 0.09296875 0.14375
0 0.40546875 0.6015625 0.10625 0.19453125
0 0.24765625 0.65546875 0.1015625 0.16640625
0 0.96796875 0.08359375 0.04609375 0.07890625