0 0.91640625 0.23359375 0.0234375 0.03203125
0 0.87734375 0.2453125 0.01875 0.028125
0 0.7890625 0.25 0.0140625 0.0234375
0 0.75703125 0.25234375 0.01875 0.0234375
0 0.25703125 0.25703125 0.0234375 0.03203125
0 0.77109375 0.25703125 0.01875 0.0234375
0 0.84453125 0.259375 0.0140625 0.0234375
0 0.29375 0.259375 0.0140625 0.0234375
0 0.81484375 0.26171875 0.0140625 0.0234375
0 0.71796875 0.26640625 0.01875 0.0234375
0 0.43046875 0.27109375 0.0140625 0.009375
0 0.0234375 0.27578125 0.0234375 0.03203125
0 0.12265625 0.278125 0.028125 0.03671875
0 0.10625 0.28046875 0.0234375 0.028125
0 0.4140625 0.28203125 0.0140625 0.01875
0 0.70390625 0.28203125 0.0140625 0.0234375
0 0.20859375 0.29375 0.0234375 0.028125
0 0.35625 0.29609375 0.0234375 0.028125
0 0.090625 0.2984375 0.0234375 0.03203125
0 0.0140625 0.30078125 0.028125 0.028125
0 0.26171875 0.30078125 0.0234375 0.0234375
0 0.58359375 0.303125 0.028125 0.0234375
0 0.1828125 0.30546875 0.028125 0.028125
0 0.053125 0.30546875 0.028125 0.028125
0 0.30078125 0.3078125 0.0140625 0.028125
0 0.4234375 0.3078125 0.0234375 0.028125
0 0.14609375 0.3125 0.0234375 0.03203125
0 0.10625 0.31484375 0.0234375 0.0234375
0 0.28671875 0.3171875 0.0234375 0.03203125
0 0.20390625 0.3171875 0.01875 0.01875
0 0.1734375 0.321875 0.028125 0.01875
0 0.3890625 0.32421875 0.0234375 0.0234375
0 0.13203125 0.3265625 0.01875 0.03203125
0 0.009375 0.3265625 0.01875 0.03203125
0 0.428125 0.32890625 0.028125 0.0234375
0 0.54140625 0.32890625 0.028125 0.028125
0 0.0671875 0.33125 0.0234375 0.03671875
0 0.48828125 0.33125 0.028125 0.03203125
0 0.740625 0.33359375 0.01875 0.028125
0 0.028125 0.33359375 0.03671875 0.06015625
0 0.72421875 0.33828125 0.0140625 0.03203125
0 0.178125 0.33828125 0.0140625 0.0234375
0 0.09296875 0.340625 0.0234375 0.04140625
0 0.3984375 0.340625 0.0234375 0.03203125
0 0.4609375 0.34296875 0.0234375 0.03203125
0 0.6015625 0.34296875 0.028125 0.03671875
0 0.9859375 0.34296875 0.028125 0.04140625
0 0.82421875 0.34453125 0.028125 0.03671875
0 0.88203125 0.34453125 0.0234375 0.028125
0 0.240625 0.34453125 0.04609375 0.06953125
0 0.85625 0.34453125 0.03203125 0.03671875
0 0.42578125 0.34921875 0.01875 0.03203125
0 0.653125 0.34921875 0.03203125 0.03671875
0 0.3609375 0.35390625 0.03203125 0.03671875
0 0.95625 0.35390625 0.0234375 0.03671875
0 0.196875 0.35390625 0.0234375 0.04140625
0 0.77578125 0.35859375 0.028125 0.0234375
0 0.53046875 0.35859375 0.028125 0.028125
0 0.79375 0.365625 0.028125 0.03203125
0 0.1390625 0.3703125 0.03203125 0.04140625
0 0.84453125 0.37265625 0.03671875 0.04609375
0 0.39609375 0.375 0.03671875 0.04609375
0 0.653125 0.37734375 0.028125 0.03671875
0 0.9140625 0.3796875 0.06484375 0.08359375
0 0.06015625 0.384375 0.03671875 0.05078125
0 0.9609375 0.38671875 0.01875 0.03671875
0 0.49296875 0.38671875 0.028125 0.04609375
0 0.59453125 0.3890625 0.03671875 0.05078125
0 0.1875 0.39140625 0.0234375 0.03203125
0 0.865625 0.40078125 0.03671875 0.05078125
0 0.34296875 0.40078125 0.028125 0.03671875
0 0.70390625 0.40546875 0.06015625 0.09296875
0 0.03203125 0.40546875 0.03671875 0.05546875
0 0.44921875 0.40546875 0.06015625 0.07890625
0 0.53046875 0.41171875 0.05078125 0.06953125
0 0.1015625 0.41640625 0.06484375 0.07890625
0 0.3265625 0.41640625 0.028125 0.04609375
0 0.29609375 0.41640625 0.04609375 0.06015625
0 0.62265625 0.41875 0.03203125 0.04140625
0 0.784375 0.4234375 0.06015625 0.07890625
0 0.58359375 0.4765625 0.07890625 0.08359375
0 0.36328125 0.59296875 0.04140625 0.06484375
0 0.2453125 0.66171875 0.04609375 0.06015625