0 0.8171875 0.71953125 0.08828125 0.06015625
0 0.134375 0.77578125 0.09296875 0.05078125
0 0.03671875 0.853125 0.0734375 0.059375
0 0.86328125 0.90546875 0.1484375 0.06015625
0 0.71328125 0.28203125 0.0140625 0.0046875
0 0.44921875 0.28671875 0.009375 0.0046875
0 0.4328125 0.2890625 0.0140625 0.0046875
0 0.3609375 0.2890625 0.01875 0.0046875
0 0.928125 0.2890625 0.009375 0.0046875
0 0.91640625 0.2890625 0.0140625 0.0046875
0 0.42109375 0.29140625 0.01875 0.0046875
0 0.39140625 0.29140625 0.0140625 0.0046875
0 0.278125 0.29140625 0.0140625 0.009375
0 0.8984375 0.29375 0.0140625 0.009375
0 0.3890625 0.29375 0.0140625 0.0046875
0 0.490625 0.29375 0.0140625 0.0046875
0 0.98359375 0.29375 0.0140625 0.009375
0 0.31953125 0.29609375 0.009375 0.009375
0 0.409375 0.29609375 0.0140625 0.009375
0 0.340625 0.29609375 0.01875 0.009375
0 0.30078125 0.29609375 0.0140625 0.0140625
0 0.375 0.29609375 0.0140625 0.009375
0 0.32890625 0.29609375 0.0140625 0.0140625
0 0.88203125 0.29609375 0.009375 0.0046875
0 0.50703125 0.29609375 0.01875 0.009375
0 0.85859375 0.29609375 0.0140625 0.009375
0 0.35625 0.2984375 0.01875 0.009375
0 0.46953125 0.30078125 0.01875 0.009375
0 0.3265625 0.303125 0.0140625 0.009375
0 0.39140625 0.303125 0.0140625 0.009375
0 0.28203125 0.303125 0.01875 0.009375
0 0.3515625 0.303125 0.01875 0.009375
0 0.490625 0.30546875 0.01875 0.0046875
0 0.41640625 0.3078125 0.0140625 0.009375
0 0.528125 0.3078125 0.0140625 0.009375
0 0.4375 0.31015625 0.0140625 0.0046875
0 0.31484375 0.31015625 0.0234375 0.009375
0 0.48125 0.31015625 0.0234375 0.009375
0 0.2640625 0.3125 0.01875 0.009375
0 0.58359375 0.3125 0.01875 0.0140625
0 0.25 0.3171875 0.01875 0.0140625
0 0.55078125 0.31953125 0.01875 0.0140625
0 0.23828125 0.321875 0.0234375 0.0140625
0 0.28671875 0.321875 0.01875 0.0140625
0 0.42109375 0.321875 0.0234375 0.009375
0 0.62265625 0.321875 0.01875 0.0140625
0 0.60390625 0.3265625 0.0234375 0.0140625
0 0.340625 0.3265625 0.0234375 0.0140625
0 0.67109375 0.3265625 0.0234375 0.01875
0 0.58359375 0.32890625 0.01875 0.0140625
0 0.22421875 0.32890625 0.01875 0.0140625
0 0.45859375 0.33125 0.0234375 0.01875
0 0.71796875 0.33125 0.01875 0.01875
0 0.36796875 0.33359375 0.01875 0.0140625
0 0.61328125 0.340625 0.0234375 0.01875
0 0.30078125 0.340625 0.028125 0.0140625
0 0.32421875 0.340625 0.0234375 0.0140625
0 0.3796875 0.34296875 0.01875 0.0140625
0 0.4140625 0.34296875 0.0234375 0.01875
0 0.09453125 0.346875 0.009375 0.0046875
0 0.10390625 0.346875 0.0046875 0.0046875
0 0.68984375 0.3515625 0.028125 0.01875
0 0.08359375 0.3515625 0.0140625 0.0046875
0 0.03046875 0.35390625 0.009375 0.0046875
0 0.05078125 0.35390625 0.009375 0.0046875
0 0.0671875 0.35390625 0.009375 0.0046875
0 0.553125 0.35625 0.01875 0.0140625
0 0.60625 0.35625 0.028125 0.01875
0 0.62734375 0.35859375 0.01875 0.009375
0 0.26875 0.35859375 0.0234375 0.0140625
0 0.5390625 0.3609375 0.0234375 0.0140625
0 0.28671875 0.3609375 0.01875 0.0140625
0 0.71328125 0.36328125 0.028125 0.009375
0 0.653125 0.36328125 0.028125 0.0234375
0 0.215625 0.365625 0.0234375 0.0140625
0 0.7109375 0.37265625 0.01875 0.009375
0 0.61796875 0.375 0.028125 0.0140625
0 0.6390625 0.375 0.01875 0.01875
0 0.50234375 0.37734375 0.028125 0.0234375
0 0.18984375 0.3796875 0.028125 0.0140625
0 0.58828125 0.3796875 0.028125 0.01875
0 0.56484375 0.384375 0.028125 0.01875
0 0.26171875 0.38671875 0.028125 0.01875
0 0.71953125 0.38671875 0.03203125 0.01875
0 0.28671875 0.3890625 0.0234375 0.0140625
0 0.83125 0.3890625 0.05078125 0.028125
0 0.17578125 0.3890625 0.0140625 0.009375
0 0.4234375 0.3890625 0.03203125 0.01875
0 0.6734375 0.39140625 0.0234375 0.01875
0 0.3125 0.39375 0.028125 0.01875
0 0.22421875 0.39375 0.03203125 0.01875
0 0.7984375 0.39375 0.028125 0.01875
0 0.4953125 0.39609375 0.028125 0.01875
0 0.615625 0.403125 0.028125 0.0234375
0 0.590625 0.40546875 0.03203125 0.0234375
0 0.38203125 0.41171875 0.03203125 0.0234375
0 0.27109375 0.4140625 0.03203125 0.0234375
0 0.93515625 0.41875 0.04140625 0.0234375
0 0.1484375 0.42109375 0.03203125 0.01875
0 0.54140625 0.4234375 0.03203125 0.028125
0 0.75703125 0.4234375 0.03203125 0.028125
0 0.91640625 0.42578125 0.03671875 0.028125
0 0.240625 0.42578125 0.028125 0.0234375
0 0.6828125 0.42578125 0.04609375 0.03203125
0 0.721875 0.428125 0.03671875 0.0234375
0 0.85625 0.43046875 0.03671875 0.0234375
0 0.5140625 0.43046875 0.028125 0.01875
0 0.81953125 0.43515625 0.03203125 0.0234375
0 0.19921875 0.43515625 0.028125 0.0140625
0 0.59453125 0.4375 0.04140625 0.028125
0 0.115625 0.4421875 0.04140625 0.0234375
0 0.303125 0.44453125 0.028125 0.01875
0 0.365625 0.44453125 0.05078125 0.03203125
0 0.41640625 0.44921875 0.04140625 0.028125
0 0.48359375 0.44921875 0.03203125 0.028125
0 0.57890625 0.4515625 0.04140625 0.028125
0 0.79140625 0.4515625 0.05078125 0.03203125
0 0.18515625 0.45625 0.04140625 0.0234375
0 0.46953125 0.45859375 0.028125 0.0234375
0 0.43515625 0.4609375 0.04140625 0.03671875
0 0.53671875 0.46796875 0.04140625 0.0234375
0 0.134375 0.46953125 0.04140625 0.028125
0 0.09296875 0.46953125 0.04140625 0.01875
0 0.50234375 0.471875 0.028125 0.0234375
0 0.846875 0.471875 0.06015625 0.04140625
0 0.2890625 0.471875 0.04140625 0.0234375
0 0.60390625 0.4859375 0.05078125 0.028125
0 0.40703125 0.48828125 0.04609375 0.03671875
0 0.77109375 0.490625 0.04140625 0.0234375
0 0.54375 0.4953125 0.05078125 0.03671875
0 0.16171875 0.4953125 0.05078125 0.028125
0 0.08828125 0.4953125 0.04609375 0.028125
0 0.9609375 0.4953125 0.03203125 0.0234375
0 0.6921875 0.49765625 0.05078125 0.03203125
0 0.83359375 0.50234375 0.05078125 0.028125
0 0.58359375 0.5046875 0.028125 0.0234375
0 0.98125 0.5046875 0.03671875 0.03671875
0 0.7640625 0.50703125 0.04140625 0.0234375
0 0.278125 0.51171875 0.05078125 0.03671875
0 0.95390625 0.5140625 0.04140625 0.01875
0 0.91640625 0.51875 0.03671875 0.028125
0 0.4859375 0.52109375 0.04609375 0.03671875
0 0.7359375 0.528125 0.05546875 0.03203125
0 0.028125 0.528125 0.05546875 0.03671875
0 0.09921875 0.53203125 0.05546875 0.03671875
0 0.96796875 0.5390625 0.05546875 0.03203125
0 0.66640625 0.5484375 0.05546875 0.03671875
0 0.17109375 0.55078125 0.05546875 0.04609375
0 0.35625 0.55078125 0.05078125 0.03203125
0 0.61328125 0.553125 0.05078125 0.028125
0 0.54375 0.56015625 0.04140625 0.03203125
0 0.7546875 0.56015625 0.06484375 0.028125
0 0.22890625 0.56015625 0.06015625 0.04140625
0 0.46953125 0.56484375 0.05078125 0.03203125
0 0.96796875 0.57421875 0.05546875 0.04609375
0 0.10625 0.5765625 0.06015625 0.04140625
0 0.03671875 0.58125 0.05546875 0.009375
0 0.571875 0.58359375 0.04140625 0.03203125
0 0.3703125 0.590625 0.06015625 0.04140625
0 0.5140625 0.596875 0.06015625 0.04140625
0 0.8125 0.596875 0.05078125 0.03671875
0 0.6484375 0.59921875 0.05546875 0.03671875
0 0.590625 0.6015625 0.028125 0.028125
0 0.7734375 0.60625 0.05546875 0.04140625
0 0.0484375 0.60625 0.05078125 0.03203125
0 0.29140625 0.6109375 0.05546875 0.03671875
0 0.63671875 0.63671875 0.08359375 0.05078125
0 0.88671875 0.6390625 0.08359375 0.05078125
0 0.528125 0.64375 0.03203125 0.03203125
0 0.07890625 0.653125 0.06484375 0.05546875
0 0.03671875 0.653125 0.04609375 0.04609375
0 0.16171875 0.65546875 0.06953125 0.06015625
0 0.3515625 0.66171875 0.08359375 0.04140625
0 0.490625 0.6640625 0.07421875 0.05546875
0 0.46328125 0.6640625 0.04609375 0.04609375
0 0.92109375 0.68515625 0.07421875 0.04609375
0 0.3078125 0.69453125 0.07890625 0.04609375