0 0.5140625 0.13203125 0.05078125 0.08828125
0 0.7109375 0.159375 0.0234375 0.028125
0 0.9140625 0.1640625 0.0140625 0.0234375
0 0.9234375 0.16875 0.01875 0.028125
0 0.971875 0.17578125 0.01875 0.028125
0 0.36328125 0.1828125 0.0140625 0.01875
0 0.384375 0.1875 0.01875 0.0234375
0 0.8078125 0.1875 0.028125 0.04140625
0 0.98828125 0.18984375 0.0140625 0.04609375
0 0.33125 0.18984375 0.0234375 0.028125
0 0.240625 0.18984375 0.028125 0.03203125
0 0.715625 0.18984375 0.028125 0.03203125
0 0.76640625 0.19921875 0.05078125 0.06484375
0 0.4140625 0.2109375 0.03671875 0.03671875
0 0.6640625 0.2109375 0.03671875 0.04140625
0 0.36328125 0.215625 0.028125 0.04140625
0 0.01875 0.21953125 0.03671875 0.05078125
0 0.28046875 0.221875 0.0234375 0.03203125
0 0.74296875 0.221875 0.0234375 0.03671875
0 0.18984375 0.22421875 0.03671875 0.05078125
0 0.05546875 0.2265625 0.05078125 0.06484375
0 0.16640625 0.2265625 0.028125 0.04140625
0 0.6203125 0.22890625 0.04140625 0.06015625
0 0.31484375 0.23125 0.028125 0.04609375
0 0.2265625 0.2359375 0.03203125 0.05078125
0 0.33828125 0.2453125 0.03203125 0.04609375
0 0.7015625 0.25 0.028125 0.06015625
0 0.134375 0.25234375 0.028125 0.04609375
0 0.6640625 0.25234375 0.04609375 0.05078125
0 0.1109375 0.259375 0.03203125 0.04609375
0 0.403125 0.259375 0.04609375 0.05546875
0 0.0234375 0.2640625 0.03671875 0.05546875
0 0.8171875 0.27109375 0.03671875 0.06015625
0 0.46796875 0.27578125 0.04140625 0.05078125
0 0.965625 0.31953125 0.06015625 0.08359375
0 0.15546875 0.31953125 0.04140625 0.06015625
0 0.2453125 0.34296875 0.06015625 0.07421875
0 0.1734375 0.34921875 0.03671875 0.04609375
0 0.09296875 0.528125 0.07890625 0.096875
0 0.01875 0.55546875 0.03671875 0.07421875