0 0.24765625 0.340625 0.06015625 0.096875
0 0.08359375 0.39375 0.07890625 0.1203125
0 0.409375 0.40703125 0.07421875 0.125
0 0.95390625 0.41171875 0.06953125 0.125
0 0.66171875 0.41875 0.08359375 0.1109375
0 0.83828125 0.4765625 0.07421875 0.1296875
0 0.2265625 0.4859375 0.07421875 0.1109375
0 0.50703125 0.4953125 0.07421875 0.1109375
0 0.74296875 0.5625 0.09296875 0.14375
0 0.403125 0.60390625 0.08359375 0.134375
0 0.9515625 0.65078125 0.08359375 0.153125
0 0.05546875 0.6640625 0.096875 0.134375
0 0.259375 0.66640625 0.07890625 0.14375
0 0.59921875 0.678125 0.09296875 0.1484375
0 0.84296875 0.7453125 0.096875 0.14375
0 0.4765625 0.24765625 0.07421875 0.125
0 0.83828125 0.259375 0.07890625 0.1390625
0 0.965625 0.26640625 0.06484375 0.096875
0 0.60859375 0.26640625 0.08359375 0.1296875
0 0.34296875 0.26875 0.08359375 0.1109375
0 0.17578125 0.26875 0.07421875 0.125
0 0.72421875 0.2734375 0.07421875 0.1109375
0 0.04140625 0.284375 0.0828125 0.125