0 0.15078125 0.10625 0.028125 0.04140625
0 0.509375 0.10859375 0.028125 0.04140625
0 0.4515625 0.1109375 0.028125 0.03671875
0 0.071875 0.1109375 0.03203125 0.04609375
0 0.3703125 0.11328125 0.03203125 0.04140625
0 0.7109375 0.1203125 0.0234375 0.03671875
0 0.41640625 0.1203125 0.0234375 0.04140625
0 0.6734375 0.12734375 0.028125 0.04609375
0 0.8796875 0.1296875 0.028125 0.03203125
0 0.571875 0.134375 0.028125 0.04140625
0 0.81953125 0.14375 0.03203125 0.03671875
0 0.009375 0.14375 0.01875 0.04609375
0 0.6484375 0.159375 0.028125 0.04140625
0 0.7734375 0.01875 0.028125 0.03671875
0 0.42578125 0.18984375 0.03203125 0.04609375
0 0.821875 0.18984375 0.028125 0.04609375
0 0.34453125 0.20390625 0.03203125 0.05078125
0 0.678125 0.02109375 0.03203125 0.04140625
0 0.95390625 0.21796875 0.0234375 0.04609375
0 0.64609375 0.21953125 0.03203125 0.04140625
0 0.7109375 0.221875 0.03203125 0.05078125
0 0.50234375 0.2265625 0.028125 0.04609375
0 0.56953125 0.2265625 0.028125 0.04609375
0 0.884375 0.22890625 0.028125 0.03671875
0 0.1296875 0.23359375 0.028125 0.04140625
0 0.03671875 0.23359375 0.03203125 0.04140625
0 0.6109375 0.02578125 0.03203125 0.04140625
0 0.21328125 0.24296875 0.03203125 0.04609375
0 0.81015625 0.2453125 0.028125 0.04609375
0 0.47421875 0.25 0.03203125 0.05078125
0 0.84921875 0.2546875 0.028125 0.04609375
0 0.096875 0.26171875 0.03671875 0.04609375
0 0.909375 0.2640625 0.0234375 0.04140625
0 0.96953125 0.26875 0.01875 0.05078125
0 0.39375 0.26875 0.0234375 0.03671875
0 0.14375 0.278125 0.028125 0.03671875
0 0.31484375 0.29140625 0.0234375 0.03671875
0 0.7640625 0.29375 0.03203125 0.028125
0 0.23828125 0.30078125 0.0234375 0.04140625
0 0.1640625 0.30546875 0.0234375 0.03671875
0 0.340625 0.3078125 0.028125 0.03671875
0 0.63671875 0.3078125 0.03671875 0.04140625
0 0.4859375 0.3125 0.028125 0.0234375
0 0.2015625 0.31484375 0.028125 0.03671875
0 0.034375 0.3171875 0.028125 0.03671875
0 0.92109375 0.31953125 0.03203125 0.04140625
0 0.59453125 0.321875 0.04140625 0.04140625
0 0.67578125 0.32421875 0.03671875 0.03671875
0 0.7640625 0.32890625 0.028125 0.04609375
0 0.7109375 0.33125 0.028125 0.04609375
0 0.98828125 0.3359375 0.0140625 0.06015625
0 0.8609375 0.34296875 0.028125 0.028125
0 0.2890625 0.34453125 0.028125 0.028125
0 0.84296875 0.346875 0.03203125 0.04140625
0 0.48125 0.34921875 0.028125 0.04140625
0 0.02109375 0.35390625 0.0234375 0.0234375
0 0.6484375 0.35859375 0.03671875 0.05078125
0 0.58828125 0.36328125 0.028125 0.03671875
0 0.7890625 0.36328125 0.028125 0.04609375
0 0.69453125 0.36328125 0.03671875 0.03203125
0 0.19921875 0.36328125 0.03203125 0.04140625
0 0.340625 0.3703125 0.03203125 0.05078125
0 0.52578125 0.37734375 0.0234375 0.05546875
0 0.30078125 0.3890625 0.028125 0.05546875
0 0.6203125 0.39140625 0.03203125 0.04140625
0 0.01640625 0.3984375 0.03203125 0.05546875
0 0.696875 0.40078125 0.03671875 0.05546875
0 0.54375 0.40703125 0.03671875 0.05546875
0 0.196875 0.41640625 0.028125 0.05078125
0 0.821875 0.42109375 0.028125 0.04609375
0 0.884375 0.42109375 0.028125 0.05078125
0 0.4328125 0.4234375 0.03203125 0.05078125
0 0.346875 0.428125 0.03671875 0.05078125
0 0.39609375 0.43515625 0.03671875 0.05546875
0 0.75703125 0.43515625 0.03671875 0.04140625
0 0.26875 0.44453125 0.028125 0.05078125
0 0.23125 0.44453125 0.03671875 0.06015625
0 0.03671875 0.44921875 0.028125 0.04609375
0 0.125 0.44921875 0.03203125 0.03671875
0 0.71796875 0.45859375 0.03203125 0.04609375
0 0.6203125 0.46953125 0.03203125 0.05546875
0 0.15078125 0.46953125 0.03203125 0.05546875
0 0.20390625 0.4765625 0.03671875 0.03671875
0 0.6921875 0.47890625 0.04140625 0.04609375
0 0.56953125 0.4859375 0.03671875 0.06015625
0 0.07890625 0.4859375 0.03671875 0.05546875
0 0.01171875 0.49296875 0.0234375 0.06015625
0 0.43984375 0.49296875 0.03203125 0.04140625
0 0.82890625 0.5 0.03671875 0.05546875
0 0.31953125 0.50234375 0.03671875 0.06953125
0 0.79375 0.50234375 0.03203125 0.04140625
0 0.92109375 0.50703125 0.03671875 0.05546875
0 0.71953125 0.51171875 0.03203125 0.05546875
0 0.3609375 0.51171875 0.03671875 0.06484375
0 0.759375 0.51171875 0.03203125 0.05546875
0 0.45625 0.51875 0.03671875 0.028125
0 0.03671875 0.52109375 0.03671875 0.028125
0 0.96796875 0.5234375 0.03671875 0.05546875
0 0.6921875 0.528125 0.03671875 0.05078125
0 0.87265625 0.53203125 0.03671875 0.03671875
0 0.6390625 0.54375 0.04140625 0.07421875
0 0.5625 0.54609375 0.03671875 0.05078125
0 0.50234375 0.55546875 0.03203125 0.06015625
0 0.1921875 0.55546875 0.04609375 0.04140625
0 0.04609375 0.56484375 0.03671875 0.05078125
0 0.46953125 0.56953125 0.05546875 0.07421875
0 0.75 0.56953125 0.04609375 0.06484375
0 0.60625 0.571875 0.03671875 0.06015625
0 0.80078125 0.571875 0.03671875 0.04609375
0 0.52578125 0.5765625 0.03671875 0.06484375
0 0.87734375 0.5859375 0.04140625 0.06015625
0 0.28046875 0.590625 0.04609375 0.06484375
0 0.40703125 0.60625 0.03671875 0.06015625
0 0.81953125 0.60859375 0.04140625 0.05546875
0 0.57890625 0.60859375 0.04140625 0.06953125
0 0.20859375 0.60859375 0.05546875 0.05546875
0 0.321875 0.62265625 0.04609375 0.06953125
0 0.99296875 0.625 0.0046875 0.05546875
0 0.06953125 0.62734375 0.03671875 0.06015625
0 0.70625 0.6296875 0.04609375 0.06953125
0 0.77578125 0.63671875 0.04140625 0.07421875
0 0.4328125 0.6390625 0.04140625 0.07421875
0 0.84296875 0.65703125 0.04140625 0.06015625
0 0.034375 0.659375 0.05078125 0.07421875
0 0.7265625 0.659375 0.03671875 0.07421875
0 0.196875 0.6828125 0.04140625 0.06015625
0 0.471875 0.69453125 0.04140625 0.06484375
0 0.875 0.7109375 0.04140625 0.08359375
0 0.321875 0.715625 0.05078125 0.06484375
0 0.55078125 0.721875 0.05078125 0.06953125
0 0.884375 0.00703125 0.01875 0.0140625
0 0.83359375 0.009375 0.01875 0.01875
0 0.61328125 0.08125 0.028125 0.04140625
0 0.25 0.08125 0.0234375 0.04609375
0 0.009375 0.08359375 0.01875 0.04140625
0 0.2890625 0.096875 0.028125 0.05078125
0 0.8796875 0.096875 0.028125 0.028125