0 0.35859375 0.39375 0.0234375 0.028125
0 0.55546875 0.41171875 0.0234375 0.0234375
0 0.8796875 0.41640625 0.0234375 0.028125
0 0.90078125 0.41875 0.028125 0.04140625
0 0.9234375 0.41875 0.03203125 0.04609375
0 0.42578125 0.4234375 0.01875 0.03203125
0 0.85390625 0.4234375 0.03203125 0.06015625
0 0.4421875 0.4234375 0.028125 0.04609375
0 0.37265625 0.428125 0.03203125 0.06015625
0 0.53203125 0.43046875 0.03671875 0.05546875
0 0.76875 0.4328125 0.04140625 0.06484375
0 0.409375 0.4328125 0.0234375 0.0234375
0 0.22890625 0.4375 0.04140625 0.04609375
0 0.83828125 0.4375 0.04140625 0.07421875
0 0.034375 0.4375 0.009375 0.0140625
0 0.29375 0.43984375 0.0234375 0.04140625
0 0.028125 0.4421875 0.009375 0.0140625
0 0.56953125 0.4421875 0.028125 0.05078125
0 0.27578125 0.44453125 0.028125 0.04140625
0 0.64140625 0.446875 0.03203125 0.05078125
0 0.06484375 0.446875 0.009375 0.01875
0 0.0390625 0.446875 0.009375 0.0140625
0 0.02109375 0.446875 0.0046875 0.0234375
0 0.10859375 0.4515625 0.0140625 0.0234375
0 0.009375 0.45625 0.01875 0.06015625
0 0.48828125 0.45390625 0.028125 0.04140625
0 0.659375 0.45390625 0.028125 0.04609375
0 0.159375 0.45625 0.0140625 0.0234375
0 0.04609375 0.45625 0.0140625 0.0234375
0 0.12265625 0.45625 0.0140625 0.0234375
0 0.07890625 0.4609375 0.0140625 0.0234375
0 0.18046875 0.4609375 0.028125 0.04140625
0 0.59921875 0.46328125 0.03671875 0.05078125
0 0.0671875 0.50234375 0.03203125 0.04140625
0 0.9765625 0.5046875 0.04609375 0.06484375