0 0.92578125 0.21328125 0.0140625 0.0140625
0 0.971875 0.221875 0.0140625 0.01875
0 0.94921875 0.22421875 0.0140625 0.01875
0 0.73828125 0.2265625 0.009375 0.0140625
0 0.84921875 0.2265625 0.0140625 0.01875
0 0.8609375 0.2265625 0.0140625 0.0140625
0 0.87265625 0.22890625 0.0140625 0.0140625
0 0.65546875 0.22890625 0.0140625 0.0140625
0 0.696875 0.22890625 0.009375 0.0140625
0 0.7453125 0.23125 0.009375 0.0140625
0 0.89609375 0.23359375 0.01875 0.01875
0 0.92578125 0.23359375 0.0140625 0.0140625
0 0.6484375 0.23828125 0.0140625 0.01875
0 0.71953125 0.240625 0.0140625 0.0140625
0 0.759375 0.240625 0.0140625 0.0140625
0 0.875 0.24296875 0.0140625 0.0140625
0 0.7984375 0.24296875 0.0140625 0.01875
0 0.91171875 0.24765625 0.0140625 0.01875
0 0.77109375 0.24765625 0.0140625 0.01875
0 0.6875 0.25 0.0140625 0.0234375
0 0.88671875 0.25 0.009375 0.0140625
0 0.85625 0.25234375 0.0140625 0.0234375
0 0.9421875 0.25234375 0.0140625 0.0140625
0 0.8796875 0.2546875 0.0140625 0.01875
0 0.8078125 0.25703125 0.0140625 0.01875
0 0.840625 0.25703125 0.0140625 0.0140625
0 0.89609375 0.25703125 0.0140625 0.0140625
0 0.9234375 0.25703125 0.0140625 0.0140625
0 0.93515625 0.2640625 0.0140625 0.01875
0 0.82890625 0.26875 0.0140625 0.01875
0 0.846875 0.2734375 0.0140625 0.01875
0 0.64375 0.278125 0.0140625 0.01875
0 0.72421875 0.28046875 0.01875 0.0140625
0 0.7359375 0.28671875 0.0140625 0.01875
0 0.62265625 0.28671875 0.01875 0.0234375
0 0.7546875 0.2890625 0.01875 0.0234375
0 0.68515625 0.2890625 0.0140625 0.0234375
0 0.8984375 0.2890625 0.0140625 0.01875
0 0.778125 0.2890625 0.01875 0.01875
0 0.7984375 0.29375 0.0140625 0.01875
0 0.8796875 0.29375 0.0140625 0.01875
0 0.8078125 0.2984375 0.01875 0.01875
0 0.83828125 0.303125 0.0140625 0.01875
0 0.70859375 0.30546875 0.01875 0.01875
0 0.784375 0.31015625 0.0140625 0.01875
0 0.77109375 0.31015625 0.01875 0.0234375
0 0.87734375 0.31015625 0.0140625 0.01875
0 0.759375 0.3125 0.0140625 0.01875
0 0.85390625 0.31953125 0.0140625 0.01875
0 0.6390625 0.32421875 0.01875 0.01875
0 0.70625 0.32421875 0.01875 0.0234375
0 0.84296875 0.32890625 0.01875 0.0234375
0 0.72421875 0.33359375 0.01875 0.0234375
0 0.615625 0.33359375 0.01875 0.0234375
0 0.6921875 0.3359375 0.0140625 0.0140625
0 0.67109375 0.33828125 0.0140625 0.028125
0 0.81484375 0.33828125 0.01875 0.028125
0 0.78203125 0.340625 0.0140625 0.0234375
0 0.68046875 0.34296875 0.0140625 0.01875
0 0.74765625 0.34453125 0.0140625 0.01875
0 0.653125 0.346875 0.01875 0.028125
0 0.86796875 0.346875 0.0140625 0.0234375
0 0.62265625 0.3515625 0.01875 0.01875
0 0.70625 0.3515625 0.01875 0.0234375
0 0.696875 0.35390625 0.0140625 0.0234375
0 0.590625 0.35625 0.01875 0.0234375
0 0.73125 0.35625 0.01875 0.0234375
0 0.76640625 0.3609375 0.01875 0.01875
0 0.803125 0.36328125 0.0140625 0.0140625
0 0.51171875 0.36796875 0.01875 0.0234375
0 0.6484375 0.36796875 0.01875 0.0234375
0 0.6734375 0.3703125 0.01875 0.0234375
0 0.82890625 0.37265625 0.0234375 0.0234375
0 0.61796875 0.375 0.01875 0.028125
0 0.56484375 0.37734375 0.01875 0.0234375
0 0.68515625 0.37734375 0.0234375 0.03203125
0 0.78046875 0.3796875 0.0234375 0.0234375
0 0.90078125 0.38671875 0.0234375 0.028125
0 0.6390625 0.3890625 0.01875 0.028125
0 0.6640625 0.39375 0.0234375 0.03203125
0 0.59296875 0.40078125 0.01875 0.028125
0 0.6828125 0.40546875 0.0234375 0.028125
0 0.8171875 0.409375 0.01875 0.0234375
0 0.85625 0.409375 0.01875 0.0234375
0 0.49296875 0.4140625 0.028125 0.03671875
0 0.5484375 0.41640625 0.0234375 0.028125
0 0.625 0.41875 0.0234375 0.03671875
0 0.740625 0.42109375 0.01875 0.028125
0 0.57421875 0.42109375 0.0234375 0.0234375
0 0.4234375 0.4234375 0.0234375 0.03203125
0 0.78203125 0.4234375 0.01875 0.028125
0 0.6484375 0.428125 0.01875 0.03203125
0 0.43515625 0.428125 0.01875 0.01875
0 0.6828125 0.43515625 0.028125 0.03671875
0 0.47421875 0.43515625 0.0234375 0.03203125
0 0.86328125 0.43515625 0.01875 0.0234375
0 0.45859375 0.4375 0.01875 0.0234375
0 0.41640625 0.4421875 0.01875 0.028125
0 0.509375 0.44453125 0.0234375 0.03203125
0 0.4375 0.44921875 0.0234375 0.03203125
0 0.88203125 0.4515625 0.0234375 0.03671875
0 0.7265625 0.45625 0.028125 0.028125
0 0.6484375 0.4609375 0.01875 0.0234375
0 0.490625 0.465625 0.01875 0.028125
0 0.465625 0.46953125 0.0234375 0.0234375
0 0.7734375 0.46953125 0.01875 0.0234375
0 0.78671875 0.46953125 0.01875 0.0234375
0 0.59921875 0.471875 0.01875 0.03203125
0 0.571875 0.47421875 0.01875 0.028125
0 0.6828125 0.47421875 0.0234375 0.03203125
0 0.3515625 0.4765625 0.0234375 0.0234375
0 0.83359375 0.48125 0.028125 0.03671875
0 0.803125 0.48125 0.028125 0.028125
0 0.4234375 0.48359375 0.028125 0.03671875
0 0.4953125 0.48359375 0.0234375 0.03203125
0 0.52109375 0.4859375 0.01875 0.03203125
0 0.6484375 0.490625 0.01875 0.0234375
0 0.68984375 0.4953125 0.01875 0.0234375
0 0.39609375 0.4953125 0.0234375 0.03671875
0 0.9765625 0.49765625 0.03203125 0.03671875
0 0.43515625 0.5 0.01875 0.028125
0 0.721875 0.5 0.0234375 0.03203125
0 0.89375 0.50234375 0.028125 0.03671875
0 0.56953125 0.50234375 0.0234375 0.03203125
0 0.81015625 0.50234375 0.0234375 0.03203125
0 0.465625 0.5046875 0.0234375 0.03203125
0 0.62265625 0.5046875 0.01875 0.028125
0 0.35625 0.509375 0.0234375 0.028125
0 0.7453125 0.51171875 0.0234375 0.03671875
0 0.76171875 0.51171875 0.0234375 0.03203125
0 0.3984375 0.5234375 0.0234375 0.03203125
0 0.6390625 0.528125 0.0234375 0.03671875
0 0.56015625 0.528125 0.0234375 0.03203125
0 0.9140625 0.53046875 0.028125 0.03671875
0 0.50703125 0.53203125 0.028125 0.03671875
0 0.78046875 0.53203125 0.028125 0.03671875
0 0.6921875 0.53203125 0.028125 0.04140625
0 0.47421875 0.53671875 0.028125 0.04140625
0 0.76875 0.54140625 0.0234375 0.03671875
0 0.715625 0.54609375 0.03203125 0.03671875
0 0.36328125 0.5484375 0.028125 0.04140625
0 0.25 0.55078125 0.0234375 0.03203125
0 0.33828125 0.553125 0.0234375 0.028125
0 0.321875 0.5625 0.0234375 0.03671875
0 0.19921875 0.5625 0.03671875 0.04140625
0 0.59453125 0.5625 0.028125 0.04140625
0 0.64140625 0.57421875 0.028125 0.04140625
0 0.16640625 0.58359375 0.028125 0.03671875
0 0.71953125 0.59296875 0.03203125 0.04140625
0 0.89609375 0.60625 0.028125 0.03671875
0 0.634375 0.60625 0.03671875 0.03671875
0 0.55546875 0.61796875 0.03203125 0.04609375
0 0.778125 0.6203125 0.028125 0.03671875
0 0.0625 0.62734375 0.03671875 0.04140625
0 0.25234375 0.6296875 0.03203125 0.03671875
0 0.5859375 0.63203125 0.03671875 0.03671875
0 0.2265625 0.63671875 0.028125 0.03671875
0 0.8515625 0.64609375 0.03203125 0.04140625
0 0.5140625 0.6640625 0.028125 0.03671875
0 0.18046875 0.6734375 0.03203125 0.03671875
0 0.15546875 0.6734375 0.03203125 0.04140625
0 0.134375 0.6828125 0.03203125 0.04609375
0 0.62265625 0.69453125 0.03203125 0.03671875
0 0.2546875 0.70625 0.0234375 0.04140625
0 0.31484375 0.70859375 0.03671875 0.04140625
0 0.4859375 0.7640625 0.0234375 0.0234375
0 0.1015625 0.77109375 0.03671875 0.05078125
0 0.034375 0.77578125 0.04140625 0.04140625
0 0.48125 0.7984375 0.03671875 0.04609375
0 0.39609375 0.81484375 0.03671875 0.03671875
0 0.1734375 0.821875 0.03671875 0.04140625
0 0.3171875 0.82421875 0.03671875 0.04609375
0 0.803125 0.82421875 0.0046875 0.0046875
0 0.26875 0.84296875 0.04609375 0.05546875
0 0.77109375 0.8515625 0.03671875 0.05078125
0 0.115625 0.86328125 0.05078125 0.06484375
0 0.3359375 0.865625 0.028125 0.04140625
0 0.034375 0.875 0.04609375 0.04609375
0 0.0140625 0.884375 0.028125 0.05078125
0 0.46328125 0.89140625 0.04140625 0.05546875
0 0.37265625 0.903125 0.03671875 0.04609375
0 0.6703125 0.9625 0.05625 0.075
0 0.98125 0.1828125 0.0140625 0.01875
0 0.240625 0.19453125 0.0046875 0.009375
0 0.29375 0.19453125 0.0046875 0.0046875
0 0.31015625 0.19453125 0.0046875 0.009375
0 0.3171875 0.19453125 0.009375 0.009375
0 0.32421875 0.19453125 0.009375 0.009375
0 0.9859375 0.19921875 0.0140625 0.01875
0 0.91171875 0.2015625 0.009375 0.01875
0 0.97421875 0.20390625 0.009375 0.0140625
0 0.9421875 0.20859375 0.009375 0.009375
0 0.7984375 0.20859375 0.0140625 0.0140625
0 0.95390625 0.20859375 0.0140625 0.0140625
0 0.93984375 0.2109375 0.0140625 0.0140625