0 0.1921875 0.11796875 0.05078125 0.07421875
0 0.62265625 0.14140625 0.096875 0.1296875
0 0.45859375 0.1640625 0.04140625 0.06015625
0 0.08828125 0.1734375 0.05078125 0.07890625
0 0.365625 0.20625 0.04609375 0.07421875
0 0.3078125 0.20625 0.03671875 0.06484375
0 0.759375 0.221875 0.05546875 0.07890625
0 0.54140625 0.22421875 0.03203125 0.03671875
0 0.0140625 0.22890625 0.028125 0.05078125
0 0.6640625 0.25703125 0.05078125 0.07421875
0 0.86328125 0.26875 0.03203125 0.04609375
0 0.8265625 0.2890625 0.03671875 0.05078125
0 0.803125 0.29140625 0.03671875 0.06953125
0 0.9765625 0.30078125 0.04609375 0.05546875
0 0.92109375 0.31484375 0.03203125 0.04609375