0 0.53671875 0.10625 0.03203125 0.04140625
0 0.59453125 0.10625 0.01875 0.03203125
0 0.28671875 0.1109375 0.03671875 0.04140625
0 0.03203125 0.01171875 0.0234375 0.0234375
0 0.06484375 0.115625 0.03671875 0.04609375
0 0.9859375 0.11796875 0.028125 0.04609375
0 0.13671875 0.11796875 0.028125 0.05078125
0 0.946875 0.1203125 0.01875 0.04609375
0 0.8265625 0.12265625 0.01875 0.03203125
0 0.79609375 0.125 0.028125 0.03671875
0 0.48359375 0.125 0.028125 0.04609375
0 0.63203125 0.125 0.0234375 0.03671875
0 0.75234375 0.12734375 0.028125 0.03671875
0 0.61328125 0.13203125 0.028125 0.03671875
0 0.10859375 0.134375 0.03203125 0.06015625
0 0.8515625 0.1390625 0.028125 0.04609375
0 0.971875 0.14140625 0.028125 0.06484375
0 0.24765625 0.01640625 0.0234375 0.03203125
0 0.55546875 0.01640625 0.028125 0.03203125
0 0.21328125 0.153125 0.04140625 0.05546875
0 0.8984375 0.153125 0.028125 0.05546875
0 0.58359375 0.15703125 0.03203125 0.05078125
0 0.78203125 0.159375 0.028125 0.04609375
0 0.32421875 0.16171875 0.028125 0.04609375
0 0.803125 0.16171875 0.028125 0.04609375
0 0.6640625 0.1640625 0.0234375 0.04609375
0 0.37265625 0.17109375 0.03203125 0.05546875
0 0.2640625 0.1734375 0.03671875 0.05546875
0 0.1484375 0.178125 0.04609375 0.03203125
0 0.39140625 0.01875 0.01875 0.03671875
0 0.9421875 0.18046875 0.028125 0.04609375
0 0.54140625 0.18046875 0.03671875 0.03203125
0 0.70625 0.1828125 0.03671875 0.06953125
0 0.75234375 0.19453125 0.028125 0.05078125
0 0.63671875 0.196875 0.03203125 0.05546875
0 0.8078125 0.20390625 0.03671875 0.03203125
0 0.17109375 0.20625 0.03203125 0.05078125
0 0.5484375 0.21328125 0.04140625 0.04140625
0 0.10859375 0.21953125 0.03671875 0.04140625
0 0.034375 0.221875 0.028125 0.04140625
0 0.45625 0.22421875 0.03671875 0.06015625
0 0.9859375 0.23125 0.01875 0.07421875
0 0.40703125 0.0234375 0.0234375 0.03671875
0 0.06015625 0.0234375 0.0234375 0.028125
0 0.9140625 0.23359375 0.028125 0.05078125
0 0.8125 0.23359375 0.03671875 0.06015625
0 0.2265625 0.23359375 0.04140625 0.03671875
0 0.20390625 0.2359375 0.01875 0.04140625
0 0.7734375 0.23828125 0.03203125 0.05546875
0 0.34453125 0.240625 0.03671875 0.05078125
0 0.15703125 0.24296875 0.03203125 0.06484375
0 0.31484375 0.02578125 0.03203125 0.0234375
0 0.30546875 0.25234375 0.028125 0.04140625
0 0.946875 0.259375 0.028125 0.05078125
0 0.27109375 0.028125 0.0234375 0.0234375
0 0.18515625 0.2640625 0.03671875 0.04140625
0 0.553125 0.26640625 0.04140625 0.07890625
0 0.278125 0.27109375 0.0234375 0.04609375
0 0.446875 0.028125 0.0234375 0.03203125
0 0.73828125 0.2734375 0.0234375 0.06484375
0 0.10625 0.2734375 0.04140625 0.05546875
0 0.715625 0.2734375 0.03671875 0.05546875
0 0.38671875 0.278125 0.04140625 0.04140625
0 0.5140625 0.028125 0.01875 0.04609375
0 0.24765625 0.28203125 0.028125 0.06484375
0 0.9140625 0.284375 0.03203125 0.05546875
0 0.05078125 0.30546875 0.04140625 0.028125
0 0.98125 0.30546875 0.03203125 0.06953125
0 0.45859375 0.31015625 0.028125 0.0234375
0 0.01640625 0.3125 0.03203125 0.08828125
0 0.8078125 0.3171875 0.04140625 0.0234375
0 0.17578125 0.3171875 0.04140625 0.06953125
0 0.38671875 0.3265625 0.04609375 0.06015625
0 0.125 0.3265625 0.04140625 0.07421875
0 0.28203125 0.3265625 0.04140625 0.06015625
0 0.81015625 0.3359375 0.03671875 0.04140625
0 0.59921875 0.3359375 0.05078125 0.06015625
0 0.9609375 0.34296875 0.04609375 0.07890625
0 0.34921875 0.034375 0.0234375 0.03671875
0 0.10625 0.034375 0.0234375 0.028125
0 0.846875 0.34453125 0.028125 0.05546875
0 0.55546875 0.35390625 0.03671875 0.06953125
0 0.75 0.35390625 0.04140625 0.05078125
0 0.32421875 0.35390625 0.06953125 0.08828125
0 0.48828125 0.35859375 0.04140625 0.06953125
0 0.9859375 0.3609375 0.0140625 0.06484375
0 0.0765625 0.36328125 0.05078125 0.1015625
0 0.2265625 0.03671875 0.0234375 0.03203125
0 0.7109375 0.36796875 0.04609375 0.03671875
0 0.48125 0.03671875 0.01875 0.028125
0 0.22890625 0.37734375 0.05546875 0.096875
0 0.79140625 0.38203125 0.05078125 0.06953125
0 0.375 0.39140625 0.03203125 0.03203125
0 0.4328125 0.40546875 0.06015625 0.096875
0 0.72890625 0.40703125 0.05078125 0.06484375
0 0.0234375 0.40703125 0.04140625 0.06015625
0 0.65078125 0.409375 0.04140625 0.06953125
0 0.465625 0.04140625 0.0234375 0.03203125
0 0.56015625 0.41875 0.04140625 0.07890625
0 0.12734375 0.41875 0.05546875 0.09296875
0 0.72421875 0.44453125 0.03671875 0.028125
0 0.49296875 0.44921875 0.04609375 0.06484375
0 0.4375 0.04609375 0.01875 0.028125
0 0.5859375 0.04609375 0.01875 0.03203125
0 0.0234375 0.48125 0.04609375 0.096875
0 0.78046875 0.48359375 0.04609375 0.06953125
0 0.21328125 0.490625 0.05078125 0.10625
0 0.49765625 0.0484375 0.0234375 0.04140625
0 0.73125 0.51171875 0.04140625 0.08828125
0 0.89375 0.5140625 0.05078125 0.04609375
0 0.4859375 0.53671875 0.06015625 0.07421875
0 0.27109375 0.053125 0.0234375 0.03671875
0 0.68515625 0.571875 0.05546875 0.08828125
0 0.31015625 0.0578125 0.03203125 0.03671875
0 0.36796875 0.0578125 0.028125 0.04140625
0 0.16640625 0.0578125 0.03203125 0.04609375
0 0.240625 0.0578125 0.01875 0.03203125
0 0.9234375 0.5859375 0.04140625 0.1296875
0 0.63203125 0.590625 0.05546875 0.07421875
0 0.12265625 0.59296875 0.06484375 0.1296875
0 0.84453125 0.59296875 0.06015625 0.06953125
0 0.60859375 0.06015625 0.01875 0.03203125
0 0.571875 0.06015625 0.0234375 0.04140625
0 0.01640625 0.6109375 0.03203125 0.153125
0 0.19453125 0.6203125 0.06484375 0.096875
0 0.38203125 0.62734375 0.06484375 0.096875
0 0.05078125 0.634375 0.05546875 0.1296875
0 0.06953125 0.06484375 0.028125 0.04140625
0 0.8265625 0.0671875 0.028125 0.04140625
0 0.44921875 0.6640625 0.06015625 0.096875
0 0.72421875 0.0671875 0.01875 0.028125
0 0.865625 0.06953125 0.028125 0.028125
0 0.64609375 0.06953125 0.01875 0.03671875
0 0.721875 0.6828125 0.06484375 0.1109375
0 0.98828125 0.69921875 0.0234375 0.096875
0 0.52578125 0.7015625 0.06953125 0.10625
0 0.55078125 0.071875 0.0234375 0.03671875
0 0.95625 0.72421875 0.05078125 0.08828125
0 0.34296875 0.72890625 0.06953125 0.1296875
0 0.89375 0.73125 0.05546875 0.1109375
0 0.7453125 0.07421875 0.01875 0.0234375
0 0.64609375 0.75234375 0.05546875 0.10625
0 0.1015625 0.0765625 0.03203125 0.04140625
0 0.76875 0.0765625 0.028125 0.03671875
0 0.0390625 0.80546875 0.078125 0.1109375
0 0.45390625 0.821875 0.07421875 0.1203125
0 0.8703125 0.8359375 0.06015625 0.115625
0 0.3984375 0.08359375 0.0234375 0.03671875
0 0.340625 0.08359375 0.0234375 0.03671875
0 0.278125 0.84296875 0.08828125 0.10625
0 0.5140625 0.84453125 0.06953125 0.125
0 0.15703125 0.846875 0.1203125 0.1203125
0 0.98359375 0.87265625 0.0234375 0.06953125
0 0.92109375 0.87734375 0.07421875 0.06015625
0 0.64375 0.8890625 0.07890625 0.04140625
0 0.14140625 0.01171875 0.0234375 0.0234375
0 0.90078125 0.09453125 0.0234375 0.04140625
0 0.37265625 0.09453125 0.028125 0.0234375
0 0.42109375 0.096875 0.028125 0.04140625
0 0.965625 0.096875 0.0234375 0.03671875
0 0.928125 0.096875 0.0234375 0.03671875
0 0.8703125 0.096875 0.028125 0.04609375
0 0.0234375 0.096875 0.03203125 0.04140625
0 0.74296875 0.10390625 0.028125 0.03203125