0 0.76640625 0.14609375 0.06015625 0.08359375
0 0.65703125 0.15078125 0.06484375 0.09296875
0 0.73828125 0.16875 0.04609375 0.07890625
0 0.48828125 0.17578125 0.06484375 0.10625
0 0.284375 0.19453125 0.06484375 0.08359375
0 0.34453125 0.21328125 0.07890625 0.09296875
0 0.90078125 0.21953125 0.05078125 0.08359375
0 0.5578125 0.21953125 0.06015625 0.08828125
0 0.221875 0.2453125 0.07421875 0.096875
0 0.96953125 0.2546875 0.06015625 0.08359375
0 0.69921875 0.25703125 0.07421875 0.1109375
0 0.090625 0.07421875 0.08359375 0.14375
0 0.1484375 0.09921875 0.06953125 0.07890625