0 0.30078125 0.1109375 0.06484375 0.1015625
0 0.6875 0.1296875 0.08828125 0.153125
0 0.90078125 0.1828125 0.1015625 0.15703125
0 0.03046875 0.18984375 0.06015625 0.09296875
0 0.14609375 0.21328125 0.07890625 0.115625
0 0.5578125 0.21953125 0.096875 0.15703125
0 0.428125 0.23828125 0.09296875 0.1484375
0 0.38203125 0.259375 0.06953125 0.1390625
0 0.26875 0.03046875 0.05078125 0.06015625
0 0.23125 0.3171875 0.06484375 0.134375
0 0.034375 0.3359375 0.06484375 0.096875
0 0.65546875 0.3515625 0.10625 0.15703125
0 0.284375 0.3703125 0.09296875 0.125
0 0.73828125 0.38203125 0.08828125 0.134375
0 0.92109375 0.38671875 0.096875 0.18515625
0 0.4328125 0.3890625 0.06484375 0.10625
0 0.8859375 0.04140625 0.084375 0.0828125
0 0.14765625 0.04375 0.0734375 0.0875
0 0.48828125 0.46328125 0.096875 0.1484375
0 0.33359375 0.47890625 0.08828125 0.10625
0 0.028125 0.06015625 0.05078125 0.07890625
0 0.07421875 0.60859375 0.06953125 0.1390625
0 0.89140625 0.6390625 0.125 0.1296875
0 0.18046875 0.6734375 0.07890625 0.096875
0 0.68515625 0.73359375 0.08828125 0.14375
0 0.42578125 0.7453125 0.096875 0.125
0 0.37265625 0.0765625 0.08828125 0.1109375
0 0.84296875 0.784375 0.134375 0.17578125
0 0.36328125 0.8125 0.06484375 0.1109375
0 0.24765625 0.81953125 0.08828125 0.1109375
0 0.01875 0.8359375 0.03203125 0.07421875
0 0.1296875 0.83828125 0.08828125 0.06484375
0 0.490625 0.08828125 0.07421875 0.10625
0 0.17578125 0.8796875 0.09296875 0.06015625
0 0.04375 0.88671875 0.06015625 0.04609375