0 0.340625 0.23125 0.0234375 0.03203125
0 0.18984375 0.23359375 0.0234375 0.03203125
0 0.2734375 0.2359375 0.0234375 0.04140625
0 0.81015625 0.2359375 0.01875 0.04609375
0 0.91171875 0.2359375 0.03671875 0.03203125
0 0.40078125 0.2359375 0.028125 0.03671875
0 0.215625 0.2359375 0.0234375 0.04140625
0 0.7546875 0.240625 0.03671875 0.06015625
0 0.6109375 0.2453125 0.05078125 0.06015625
0 0.240625 0.2546875 0.028125 0.03203125
0 0.5140625 0.25703125 0.03203125 0.06015625
0 0.6828125 0.25703125 0.03671875 0.05546875
0 0.096875 0.259375 0.03203125 0.04609375
0 0.33125 0.26171875 0.028125 0.05546875
0 0.5390625 0.26171875 0.0234375 0.04140625
0 0.72890625 0.2640625 0.04140625 0.05546875
0 0.903125 0.26875 0.03671875 0.04609375
0 0.19921875 0.26875 0.0234375 0.03671875
0 0.94453125 0.26875 0.05078125 0.05078125
0 0.17109375 0.2734375 0.03203125 0.05078125
0 0.30078125 0.28203125 0.028125 0.03671875
0 0.5671875 0.28203125 0.05078125 0.06484375
0 0.40703125 0.284375 0.04140625 0.05546875
0 0.85390625 0.284375 0.03203125 0.028125
0 0.36796875 0.2890625 0.03671875 0.04140625
0 0.02109375 0.29609375 0.03671875 0.03671875
0 0.64140625 0.29609375 0.04140625 0.06015625
0 0.240625 0.29609375 0.03203125 0.04609375
0 0.4421875 0.31015625 0.04609375 0.06484375
0 0.91640625 0.31015625 0.03671875 0.06484375
0 0.08359375 0.31484375 0.03203125 0.04140625
0 0.15703125 0.31484375 0.05078125 0.05546875
0 0.284375 0.321875 0.04609375 0.06484375
0 0.70390625 0.321875 0.03671875 0.06015625
0 0.721875 0.32421875 0.04609375 0.06484375
0 0.67578125 0.3265625 0.04609375 0.07421875
0 0.06953125 0.32890625 0.03671875 0.05546875
0 0.0234375 0.33359375 0.03671875 0.05078125
0 0.36328125 0.33828125 0.06953125 0.08359375
0 0.8703125 0.34921875 0.06015625 0.08359375
0 0.09453125 0.403125 0.07890625 0.096875
0 0.55546875 0.409375 0.06484375 0.1015625
0 0.90546875 0.41171875 0.05078125 0.096875
0 0.16640625 0.45390625 0.07890625 0.134375
0 0.38203125 0.45390625 0.06953125 0.09296875
0 0.534375 0.1390625 0.0046875 0.0046875
0 0.5 0.1484375 0.0046875 0.0046875
0 0.490625 0.153125 0.0140625 0.009375
0 0.48828125 0.17578125 0.0234375 0.03203125
0 0.65703125 0.178125 0.0234375 0.03203125
0 0.70390625 0.18046875 0.03203125 0.03203125
0 0.57890625 0.18046875 0.01875 0.01875
0 0.52109375 0.18515625 0.028125 0.03203125
0 0.5578125 0.18515625 0.0140625 0.01875
0 0.803125 0.1875 0.01875 0.028125
0 0.27109375 0.18984375 0.0234375 0.0234375
0 0.67109375 0.18984375 0.028125 0.04140625
0 0.90703125 0.19453125 0.03203125 0.0140625
0 0.990625 0.19921875 0.0140625 0.04609375
0 0.13203125 0.19921875 0.0234375 0.03203125
0 0.2015625 0.2015625 0.009375 0.009375
0 0.5 0.2015625 0.0140625 0.028125
0 0.16640625 0.2015625 0.0234375 0.028125
0 0.53671875 0.20390625 0.01875 0.03203125
0 0.60625 0.20390625 0.03203125 0.05078125
0 0.73828125 0.20625 0.03203125 0.04609375
0 0.63671875 0.20859375 0.03203125 0.03671875
0 0.58359375 0.2109375 0.0234375 0.04609375
0 0.90703125 0.2109375 0.01875 0.03203125
0 0.76171875 0.21328125 0.03671875 0.04609375
0 0.93046875 0.21328125 0.01875 0.04609375
0 0.09921875 0.21328125 0.01875 0.0234375
0 0.38203125 0.21328125 0.028125 0.05078125
0 0.3171875 0.21328125 0.0234375 0.03671875
0 0.9515625 0.21328125 0.01875 0.03671875
0 0.4234375 0.215625 0.03203125 0.04140625
0 0.4515625 0.21796875 0.03671875 0.06015625
0 0.8265625 0.21796875 0.03203125 0.03671875
0 0.35859375 0.21796875 0.0234375 0.028125
0 0.48828125 0.221875 0.0234375 0.03203125
0 0.715625 0.221875 0.03671875 0.04609375
0 0.79609375 0.22421875 0.03203125 0.04140625
0 0.2359375 0.2265625 0.01875 0.01875
0 0.49765625 0.2265625 0.01875 0.03671875
0 0.5484375 0.22890625 0.028125 0.04140625
0 0.06484375 0.22890625 0.0234375 0.028125
0 0.03671875 0.23125 0.03671875 0.03671875