0 0.5578125 0.13671875 0.03671875 0.05078125
0 0.46796875 0.1390625 0.05078125 0.08828125
0 0.41171875 0.14140625 0.03671875 0.05078125
0 0.6203125 0.17109375 0.04609375 0.06953125
0 0.85859375 0.1875 0.06015625 0.07890625
0 0.90703125 0.18984375 0.03671875 0.05078125
0 0.49765625 0.18984375 0.03671875 0.06484375
0 0.57890625 0.18984375 0.04140625 0.06484375
0 0.1484375 0.18984375 0.04140625 0.06484375
0 0.1109375 0.18984375 0.06015625 0.08828125
0 0.97890625 0.1921875 0.03203125 0.115625
0 0.2015625 0.1921875 0.04609375 0.06015625
0 0.65703125 0.2015625 0.05546875 0.06484375
0 0.9609375 0.20390625 0.03671875 0.06484375
0 0.375 0.20625 0.05546875 0.07890625
0 0.89140625 0.22421875 0.028125 0.06015625
0 0.31484375 0.2359375 0.04140625 0.06953125
0 0.15078125 0.25 0.04140625 0.06953125
0 0.9234375 0.26171875 0.04609375 0.06484375
0 0.784375 0.2640625 0.028125 0.04609375
0 0.55078125 0.26875 0.05078125 0.07890625
0 0.84296875 0.28046875 0.05078125 0.07890625