0 0.14609375 0.178125 0.028125 0.04140625
0 0.02109375 0.20390625 0.04140625 0.09296875
0 0.07421875 0.20859375 0.0140625 0.01875
0 0.04140625 0.21796875 0.009375 0.028125
0 0.2640625 0.21796875 0.05546875 0.07421875
0 0.56015625 0.21796875 0.01875 0.028125
0 0.29375 0.21796875 0.03203125 0.04609375
0 0.053125 0.21953125 0.0140625 0.0234375
0 0.3984375 0.221875 0.03203125 0.03203125
0 0.465625 0.23125 0.03203125 0.05078125
0 0.51875 0.23359375 0.01875 0.03671875
0 0.70625 0.2359375 0.009375 0.0234375
0 0.74765625 0.2359375 0.01875 0.03671875
0 0.5859375 0.240625 0.0234375 0.03671875
0 0.54140625 0.240625 0.01875 0.05078125
0 0.3265625 0.240625 0.03671875 0.05546875
0 0.34921875 0.24296875 0.0234375 0.03203125
0 0.39609375 0.24296875 0.01875 0.03203125
0 0.61328125 0.2453125 0.028125 0.05546875
0 0.79140625 0.24765625 0.01875 0.03203125
0 0.82421875 0.24765625 0.04609375 0.05546875
0 0.090625 0.24765625 0.028125 0.05078125
0 0.43515625 0.24765625 0.028125 0.03671875
0 0.5671875 0.24765625 0.028125 0.03203125
0 0.94453125 0.24765625 0.05546875 0.07421875
0 0.65078125 0.25 0.028125 0.05078125
0 0.70625 0.2546875 0.009375 0.01875
0 0.71953125 0.2546875 0.01875 0.03203125
0 0.36328125 0.26171875 0.04140625 0.06953125
0 0.76171875 0.26171875 0.01875 0.03671875
0 0.8890625 0.2640625 0.04140625 0.05078125
0 0.67109375 0.2640625 0.03671875 0.05546875
0 0.8609375 0.26875 0.03671875 0.07890625
0 0.7890625 0.278125 0.0234375 0.0234375
0 0.58359375 0.28203125 0.03671875 0.03671875
0 0.29140625 0.29140625 0.07421875 0.08828125
0 0.7359375 0.29375 0.04609375 0.04609375
0 0.4953125 0.2984375 0.06015625 0.08828125
0 0.18984375 0.30078125 0.096875 0.16171875
0 0.465625 0.30546875 0.028125 0.07421875
0 0.6828125 0.31015625 0.03203125 0.04609375
0 0.11328125 0.3125 0.03203125 0.07890625
0 0.40078125 0.3171875 0.05546875 0.09296875
0 0.9765625 0.33828125 0.04609375 0.1390625
0 0.034375 0.340625 0.06875 0.153125
0 0.27109375 0.34921875 0.04609375 0.07890625
0 0.73359375 0.3515625 0.04140625 0.08828125
0 0.778125 0.3609375 0.06953125 0.1203125
0 0.6734375 0.39140625 0.03203125 0.06015625
0 0.54140625 0.40078125 0.08359375 0.17578125
0 0.92109375 0.63203125 0.1390625 0.221875