0 0.25 0.01875 0.0234375 0.03671875
0 0.821875 0.01875 0.01875 0.03671875
0 0.66875 0.1875 0.03671875 0.07421875
0 0.51171875 0.18984375 0.01875 0.06015625
0 0.41875 0.02109375 0.0234375 0.03671875
0 0.16640625 0.02109375 0.01875 0.03671875
0 0.9328125 0.02109375 0.028125 0.03671875
0 0.24296875 0.20390625 0.028125 0.06484375
0 0.73828125 0.20390625 0.028125 0.06484375
0 0.95859375 0.20859375 0.03203125 0.06953125
0 0.37265625 0.2109375 0.01875 0.05078125
0 0.10625 0.21328125 0.03203125 0.08828125
0 0.45859375 0.215625 0.028125 0.06484375
0 0.7890625 0.0234375 0.0234375 0.04609375
0 0.865625 0.0234375 0.0234375 0.04609375
0 0.071875 0.21953125 0.028125 0.06015625
0 0.784375 0.21953125 0.03203125 0.06484375
0 0.1734375 0.221875 0.028125 0.05546875
0 0.1390625 0.22421875 0.03203125 0.07421875
0 0.30078125 0.2265625 0.03671875 0.07421875
0 0.3515625 0.23125 0.028125 0.05546875
0 0.82890625 0.23125 0.028125 0.06484375
0 0.40078125 0.23359375 0.03203125 0.06953125
0 0.57890625 0.2359375 0.0234375 0.05078125
0 0.60625 0.24765625 0.03203125 0.06015625
0 0.68984375 0.24765625 0.03203125 0.07890625
0 0.9859375 0.028125 0.028125 0.05546875
0 0.53203125 0.25703125 0.03671875 0.07890625
0 0.75 0.2640625 0.03203125 0.05546875
0 0.47890625 0.028125 0.028125 0.05546875
0 0.21796875 0.2734375 0.028125 0.05546875
0 0.9375 0.2734375 0.03203125 0.06953125
0 0.89140625 0.27578125 0.03671875 0.06953125
0 0.48828125 0.28046875 0.04140625 0.06484375
0 0.0578125 0.28671875 0.03203125 0.08828125
0 0.36328125 0.03046875 0.028125 0.06015625
0 0.96953125 0.29609375 0.028125 0.06953125
0 0.79140625 0.2984375 0.03203125 0.06484375
0 0.65546875 0.30546875 0.03671875 0.06953125
0 0.096875 0.31015625 0.03203125 0.04609375
0 0.35625 0.31484375 0.03203125 0.06015625
0 0.5625 0.3171875 0.028125 0.07421875
0 0.4234375 0.3265625 0.03671875 0.06953125
0 0.16640625 0.32890625 0.03203125 0.05546875
0 0.71796875 0.32890625 0.03203125 0.06953125
0 0.59453125 0.33359375 0.03203125 0.06953125
0 0.2265625 0.034375 0.028125 0.04140625
0 0.49296875 0.346875 0.03203125 0.05546875
0 0.85625 0.35859375 0.04140625 0.08359375
0 0.79375 0.36328125 0.03671875 0.06953125
0 0.23125 0.365625 0.03203125 0.06015625
0 0.89140625 0.37265625 0.03671875 0.09296875
0 0.32421875 0.375 0.028125 0.07421875
0 0.009375 0.03671875 0.01875 0.06484375
0 0.62734375 0.0390625 0.0234375 0.05546875
0 0.10859375 0.3796875 0.04609375 0.08828125
0 0.28671875 0.3796875 0.028125 0.06015625
0 0.54609375 0.38203125 0.03203125 0.04609375
0 0.39609375 0.39375 0.028125 0.06484375
0 0.66875 0.39609375 0.04140625 0.06953125
0 0.95859375 0.39609375 0.03203125 0.07890625
0 0.12734375 0.04140625 0.028125 0.06015625
0 0.63203125 0.40078125 0.03671875 0.06953125
0 0.08359375 0.04140625 0.01875 0.06015625
0 0.06484375 0.04140625 0.028125 0.05546875
0 0.81953125 0.41640625 0.03671875 0.07890625
0 0.98828125 0.41875 0.0234375 0.07890625
0 0.20390625 0.41875 0.04140625 0.06484375
0 0.70625 0.42578125 0.03203125 0.07421875
0 0.35390625 0.43046875 0.03671875 0.08359375
0 0.47421875 0.4328125 0.03671875 0.08828125
0 0.4234375 0.4328125 0.03671875 0.07890625
0 0.06015625 0.43515625 0.03671875 0.07890625
0 0.028125 0.446875 0.04609375 0.08828125
0 0.77109375 0.4515625 0.03203125 0.06953125
0 0.54609375 0.4515625 0.03671875 0.06953125
0 0.15546875 0.46953125 0.04140625 0.1015625
0 0.87265625 0.48828125 0.03671875 0.08828125
0 0.659375 0.49296875 0.03203125 0.07890625
0 0.96328125 0.49296875 0.03671875 0.07421875
0 0.26171875 0.5 0.04140625 0.08828125
0 0.7453125 0.053125 0.028125 0.05546875
0 0.409375 0.52578125 0.03203125 0.06484375
0 0.71953125 0.54140625 0.03671875 0.07421875
0 0.278125 0.053125 0.01875 0.06484375
0 0.53046875 0.55078125 0.04140625 0.07890625
0 0.22421875 0.5578125 0.03671875 0.08828125
0 0.1109375 0.56015625 0.05546875 0.1015625
0 0.81484375 0.57890625 0.03671875 0.08828125
0 0.93984375 0.06015625 0.028125 0.04609375
0 0.39140625 0.0625 0.0234375 0.06484375
0 0.884375 0.615625 0.03671875 0.096875
0 0.97890625 0.6203125 0.04140625 0.08828125
0 0.1109375 0.0625 0.028125 0.06015625
0 0.69453125 0.0625 0.028125 0.06484375
0 0.1640625 0.06484375 0.01875 0.03671875
0 0.5484375 0.06484375 0.0234375 0.03671875
0 0.62265625 0.63203125 0.04140625 0.096875
0 0.1734375 0.659375 0.03671875 0.09296875
0 0.303125 0.0671875 0.0234375 0.06015625
0 0.10859375 0.6875 0.04140625 0.07890625
0 0.33359375 0.68984375 0.04609375 0.09296875
0 0.22421875 0.06953125 0.028125 0.04609375
0 0.8125 0.071875 0.028125 0.05078125
0 0.5046875 0.70625 0.03203125 0.07421875
0 0.8515625 0.71796875 0.04609375 0.096875
0 0.64375 0.00703125 0.01875 0.0140625
0 0.77578125 0.7359375 0.03671875 0.07890625
0 0.44921875 0.74296875 0.04140625 0.09296875
0 0.6875 0.75 0.04609375 0.07890625
0 0.0234375 0.0765625 0.028125 0.06953125
0 0.08125 0.76875 0.04140625 0.06953125
0 0.5578125 0.803125 0.03203125 0.08828125
0 0.9515625 0.80546875 0.04140625 0.08828125
0 0.60859375 0.82890625 0.04609375 0.096875
0 0.16875 0.8359375 0.03671875 0.07890625
0 0.66640625 0.08828125 0.028125 0.06484375
0 0.60390625 0.090625 0.028125 0.05078125
0 0.44453125 0.090625 0.0234375 0.06953125
0 0.32890625 0.91875 0.04140625 0.08359375
0 0.27578125 0.93984375 0.04609375 0.096875
0 0.884375 0.946875 0.05546875 0.08828125
0 0.76171875 0.09453125 0.028125 0.06484375
0 0.92578125 0.1015625 0.0234375 0.05078125
0 0.2453125 0.10390625 0.0234375 0.05078125
0 0.56015625 0.10625 0.0234375 0.05546875
0 0.5765625 0.01171875 0.01875 0.0234375
0 0.50234375 0.1109375 0.028125 0.06484375
0 0.18046875 0.1109375 0.028125 0.05546875
0 0.05546875 0.11328125 0.028125 0.07890625
0 0.46796875 0.115625 0.0234375 0.05078125
0 0.37734375 0.11796875 0.0234375 0.04609375
0 0.971875 0.11796875 0.01875 0.06015625
0 0.72890625 0.1203125 0.0234375 0.06015625
0 0.528125 0.12265625 0.0234375 0.06015625
0 0.59296875 0.0140625 0.0140625 0.028125
0 0.86796875 0.12734375 0.028125 0.06953125
0 0.90078125 0.13203125 0.028125 0.06015625
0 0.13671875 0.13671875 0.03203125 0.06484375
0 0.153125 0.13671875 0.0140625 0.06953125
0 0.784375 0.1390625 0.028125 0.04609375
0 0.3359375 0.14140625 0.028125 0.06484375
0 0.98828125 0.14140625 0.0140625 0.07890625
0 0.54609375 0.0140625 0.0234375 0.028125
0 0.196875 0.01640625 0.0234375 0.03203125
0 0.70625 0.14375 0.028125 0.07890625
0 0.19453125 0.1484375 0.028125 0.05546875
0 0.28046875 0.153125 0.028125 0.05078125
0 0.60625 0.153125 0.0234375 0.05078125
0 0.9375 0.15546875 0.028125 0.05546875
0 0.428125 0.16171875 0.03671875 0.07421875
0 0.67109375 0.01640625 0.0234375 0.028125
0 0.759375 0.01640625 0.028125 0.03203125
0 0.60625 0.01875 0.028125 0.03671875
0 0.80546875 0.16640625 0.0234375 0.05078125
0 0.64609375 0.16640625 0.0234375 0.06953125
0 0.40078125 0.17109375 0.0234375 0.04140625
0 0.47890625 0.17109375 0.028125 0.05546875
0 0.01171875 0.1734375 0.0234375 0.06953125
0 0.56484375 0.17578125 0.028125 0.04609375