0 0.4375 0.11328125 0.06953125 0.115625
0 0.534375 0.11796875 0.08359375 0.1109375
0 0.07421875 0.0140625 0.028125 0.028125
0 0.90703125 0.12734375 0.06015625 0.115625
0 0.384375 0.1296875 0.07890625 0.1109375
0 0.28046875 0.15078125 0.08359375 0.125
0 0.03671875 0.159375 0.06953125 0.1203125
0 0.134375 0.16875 0.09296875 0.134375
0 0.97421875 0.1828125 0.04140625 0.125
0 0.64609375 0.1875 0.09296875 0.15703125
0 0.4234375 0.02109375 0.03203125 0.04140625
0 0.8078125 0.215625 0.1015625 0.16640625
0 0.58828125 0.22890625 0.08828125 0.1296875
0 0.33828125 0.0234375 0.05078125 0.04609375
0 0.66640625 0.028125 0.03671875 0.05546875
0 0.76171875 0.028125 0.04140625 0.05546875
0 0.0484375 0.2640625 0.096875 0.20390625
0 0.6296875 0.028125 0.04609375 0.05546875
0 0.1921875 0.03046875 0.04609375 0.06015625
0 0.034375 0.03046875 0.04609375 0.06015625
0 0.384375 0.03046875 0.05078125 0.06015625
0 0.78828125 0.03203125 0.0515625 0.0640625
0 0.446875 0.31484375 0.096875 0.14375
0 0.8890625 0.03203125 0.03671875 0.05078125
0 0.32890625 0.03671875 0.05078125 0.06015625
0 0.540625 0.03671875 0.059375 0.0734375
0 0.846875 0.04140625 0.05078125 0.05546875
0 0.365625 0.42578125 0.10625 0.134375
0 0.5765625 0.428125 0.125 0.18515625
0 0.98828125 0.04609375 0.0234375 0.08359375
0 0.15546875 0.04609375 0.05546875 0.07890625
0 0.29375 0.0484375 0.05546875 0.06953125
0 0.47890625 0.05078125 0.06953125 0.1015625
0 0.09453125 0.05078125 0.04609375 0.06484375
0 0.23359375 0.05078125 0.05546875 0.07421875
0 0.6015625 0.053125 0.05078125 0.07890625
0 0.70390625 0.053125 0.06015625 0.09296875
0 0.93984375 0.06015625 0.05546875 0.07421875
0 0.0484375 0.60625 0.096875 0.31953125
0 0.83359375 0.778125 0.21796875 0.2453125
0 0.36328125 0.79140625 0.221875 0.19921875
0 0.9234375 0.009375 0.04609375 0.01875
0 0.02578125 0.10390625 0.05078125 0.1296875