0 0.97890625 0.39375 0.03203125 0.1015625
0 0.64375 0.409375 0.028125 0.04140625
0 0.76875 0.428125 0.03203125 0.05078125
0 0.5625 0.428125 0.03671875 0.06015625
0 0.7109375 0.4328125 0.03203125 0.06015625
0 0.5 0.43984375 0.028125 0.04609375
0 0.528125 0.43984375 0.0234375 0.0234375
0 0.384375 0.4421875 0.009375 0.01875
0 0.3984375 0.4421875 0.0234375 0.03671875
0 0.25 0.44453125 0.0234375 0.03671875
0 0.3265625 0.44921875 0.0140625 0.028125
0 0.89609375 0.4515625 0.03671875 0.05546875
0 0.37734375 0.4515625 0.009375 0.0140625
0 0.66640625 0.45390625 0.03203125 0.06015625
0 0.471875 0.45390625 0.0234375 0.03203125
0 0.27578125 0.45390625 0.009375 0.0140625
0 0.8171875 0.45625 0.04140625 0.07421875
0 0.4609375 0.45625 0.01875 0.028125
0 0.15078125 0.45625 0.0140625 0.0234375
0 0.13671875 0.46328125 0.0140625 0.01875
0 0.19921875 0.46328125 0.01875 0.0234375
0 0.12734375 0.46328125 0.0046875 0.0140625
0 0.17109375 0.46328125 0.009375 0.01875
0 0.29375 0.465625 0.01875 0.03203125
0 0.31015625 0.465625 0.0140625 0.01875
0 0.11796875 0.46796875 0.009375 0.01875
0 0.42578125 0.46953125 0.028125 0.03671875
0 0.34921875 0.48125 0.03203125 0.05078125
0 0.23359375 0.509375 0.03671875 0.05078125