0 0.3125 0.1484375 0.07421875 0.1015625
0 0.92109375 0.17578125 0.07421875 0.115625
0 0.05078125 0.2640625 0.07890625 0.1109375
0 0.58359375 0.29375 0.06015625 0.1109375
0 0.3796875 0.3359375 0.06953125 0.1109375
0 0.9765625 0.40078125 0.04140625 0.1203125
0 0.79609375 0.40703125 0.07890625 0.1015625
0 0.18984375 0.43984375 0.07890625 0.10625
0 0.884375 0.509375 0.07421875 0.115625
0 0.509375 0.5390625 0.06953125 0.115625
0 0.321875 0.59453125 0.07421875 0.1015625
0 0.721875 0.60625 0.06953125 0.10625
0 0.54140625 0.76640625 0.06953125 0.1109375
0 0.6734375 0.07890625 0.07890625 0.125
0 0.15546875 0.1015625 0.07421875 0.115625
0 0.4609375 0.10390625 0.06484375 0.10625