0 0.29140625 0.28046875 0.0234375 0.04140625
0 0.37265625 0.29140625 0.03203125 0.06953125
0 0.1875 0.31484375 0.04140625 0.05078125
0 0.28203125 0.31953125 0.03671875 0.05078125
0 0.51171875 0.34296875 0.03671875 0.05078125
0 0.89609375 0.35859375 0.03203125 0.06953125
0 0.590625 0.36796875 0.04140625 0.06484375
0 0.18046875 0.39609375 0.03671875 0.06015625
0 0.30078125 0.41171875 0.03671875 0.05546875
0 0.9375 0.4140625 0.04140625 0.07421875
0 0.61328125 0.4328125 0.03203125 0.06015625
0 0.01640625 0.04375 0.03203125 0.04609375
0 0.384375 0.46328125 0.03671875 0.06953125
0 0.80078125 0.04609375 0.03203125 0.06015625
0 0.1921875 0.48125 0.04140625 0.06484375
0 0.0390625 0.51640625 0.04140625 0.06484375
0 0.6203125 0.52578125 0.03203125 0.06484375
0 0.58359375 0.053125 0.028125 0.06015625
0 0.9140625 0.053125 0.028125 0.06015625
0 0.384375 0.55546875 0.03671875 0.06015625
0 0.696875 0.0625 0.03203125 0.05546875
0 0.39609375 0.6640625 0.028125 0.06015625
0 0.62265625 0.68515625 0.03203125 0.07421875
0 0.54609375 0.696875 0.04140625 0.07421875
0 0.44921875 0.76875 0.03671875 0.06953125
0 0.3359375 0.7734375 0.03671875 0.06953125
0 0.17578125 0.08125 0.028125 0.04609375
0 0.66171875 0.8609375 0.03671875 0.07421875
0 0.51875 0.12265625 0.03203125 0.05546875
0 0.60859375 0.12734375 0.03203125 0.05078125
0 0.1109375 0.12734375 0.028125 0.05546875
0 0.946875 0.134375 0.028125 0.05546875
0 0.68984375 0.13671875 0.03203125 0.05546875
0 0.7453125 0.17578125 0.03203125 0.05546875
0 0.49765625 0.1875 0.028125 0.05546875
0 0.59296875 0.1921875 0.03203125 0.06484375
0 0.9609375 0.02109375 0.03203125 0.04140625
0 0.36796875 0.20625 0.03203125 0.05546875
0 0.70859375 0.21328125 0.03203125 0.06484375
0 0.17578125 0.0234375 0.028125 0.04609375
0 0.990625 0.02578125 0.01875 0.05078125
0 0.884375 0.22421875 0.03671875 0.06015625
0 0.10859375 0.240625 0.03203125 0.05546875
0 0.465625 0.24765625 0.03671875 0.05546875
0 0.62734375 0.25703125 0.03203125 0.05546875
0 0.740625 0.2734375 0.03671875 0.05546875