0 0.14609375 0.12734375 0.01875 0.04609375
0 0.24296875 0.12734375 0.0234375 0.03671875
0 0.33125 0.13203125 0.01875 0.03203125
0 0.2640625 0.134375 0.0234375 0.03203125
0 0.00703125 0.14140625 0.0140625 0.04140625
0 0.76640625 0.14375 0.01875 0.0234375
0 0.615625 0.01640625 0.0140625 0.01875
0 0.9515625 0.15546875 0.01875 0.04140625
0 0.35390625 0.15546875 0.0234375 0.04140625
0 0.4421875 0.15703125 0.0234375 0.04140625
0 0.05546875 0.159375 0.028125 0.04140625
0 0.32421875 0.01640625 0.009375 0.0234375
0 0.54140625 0.16875 0.028125 0.04140625
0 0.2109375 0.17109375 0.0234375 0.03203125
0 0.909375 0.17109375 0.01875 0.03203125
0 0.62734375 0.01875 0.0140625 0.01875
0 0.7265625 0.01875 0.009375 0.01875
0 0.5046875 0.178125 0.03671875 0.05078125
0 0.41640625 0.178125 0.0140625 0.03203125
0 0.0859375 0.1828125 0.01875 0.04140625
0 0.9375 0.18515625 0.028125 0.03203125
0 0.58828125 0.18515625 0.01875 0.03671875
0 0.36328125 0.196875 0.0234375 0.04140625
0 0.78046875 0.196875 0.028125 0.03671875
0 0.4328125 0.19921875 0.0234375 0.04609375
0 0.70859375 0.20625 0.028125 0.05078125
0 0.75703125 0.20859375 0.028125 0.04140625
0 0.403125 0.215625 0.0234375 0.04140625
0 0.53046875 0.21953125 0.01875 0.04140625
0 0.2015625 0.21953125 0.0234375 0.03671875
0 0.1484375 0.221875 0.0234375 0.04140625
0 0.64609375 0.0234375 0.0140625 0.01875
0 0.98359375 0.22890625 0.0234375 0.04609375
0 0.80546875 0.23828125 0.028125 0.05078125
0 0.240625 0.240625 0.028125 0.04609375
0 0.6109375 0.24296875 0.03203125 0.06015625
0 0.22890625 0.02578125 0.0140625 0.0234375
0 0.2109375 0.2546875 0.028125 0.05078125
0 0.99296875 0.26171875 0.0140625 0.05546875
0 0.178125 0.028125 0.01875 0.0234375
0 0.590625 0.278125 0.028125 0.03203125
0 0.83125 0.28671875 0.0234375 0.03671875
0 0.759375 0.2890625 0.03203125 0.05078125
0 0.37265625 0.31015625 0.0234375 0.06015625
0 0.240625 0.03203125 0.0140625 0.0234375
0 0.39609375 0.32421875 0.03203125 0.05546875
0 0.16875 0.03203125 0.0140625 0.028125
0 0.83359375 0.33125 0.03671875 0.05078125
0 0.1015625 0.3359375 0.028125 0.04140625
0 0.49765625 0.3359375 0.03671875 0.06015625
0 0.20625 0.034375 0.01875 0.03203125
0 0.153125 0.034375 0.01875 0.028125
0 0.75234375 0.03671875 0.0140625 0.01875
0 0.12265625 0.3890625 0.04140625 0.06484375
0 0.96796875 0.39375 0.03671875 0.06015625
0 0.13203125 0.04140625 0.0140625 0.028125
0 0.740625 0.04140625 0.0140625 0.028125
0 0.721875 0.04140625 0.0140625 0.01875
0 0.78671875 0.04375 0.0140625 0.01875
0 0.5046875 0.04609375 0.0140625 0.028125
0 0.28203125 0.04609375 0.0140625 0.028125
0 0.40078125 0.04609375 0.01875 0.01875
0 0.76875 0.0484375 0.009375 0.01875
0 0.2265625 0.0484375 0.0140625 0.01875
0 0.10625 0.05078125 0.01875 0.0234375
0 0.53671875 0.05078125 0.0140625 0.01875
0 0.32421875 0.05078125 0.0140625 0.0234375
0 0.259375 0.053125 0.01875 0.03203125
0 0.51640625 0.053125 0.009375 0.0140625
0 0.3078125 0.053125 0.01875 0.03203125
0 0.5234375 0.05546875 0.0140625 0.0234375
0 0.58125 0.05546875 0.0140625 0.0234375
0 0.4765625 0.05546875 0.0140625 0.0234375
0 0.46328125 0.0578125 0.01875 0.03203125
0 0.70625 0.0578125 0.01875 0.0234375
0 0.26171875 0.58125 0.04140625 0.06484375
0 0.365625 0.06015625 0.01875 0.03203125
0 0.7265625 0.06015625 0.0140625 0.0140625
0 0.61328125 0.06015625 0.0140625 0.0234375
0 0.67578125 0.6203125 0.04609375 0.07421875
0 0.69921875 0.00703125 0.0140625 0.0140625
0 0.2453125 0.00703125 0.0140625 0.0140625
0 0.66640625 0.00703125 0.0140625 0.0140625
0 0.71953125 0.06484375 0.0140625 0.0234375
0 0.65078125 0.0671875 0.01875 0.03203125
0 0.1015625 0.06953125 0.0140625 0.0234375
0 0.053125 0.06953125 0.01875 0.04140625
0 0.80078125 0.07421875 0.0140625 0.0234375
0 0.40078125 0.07421875 0.0140625 0.028125
0 0.32890625 0.009375 0.0140625 0.01875
0 0.34921875 0.009375 0.0140625 0.01875
0 0.22890625 0.0765625 0.0140625 0.0234375
0 0.88671875 0.0765625 0.009375 0.0234375
0 0.259375 0.0765625 0.0234375 0.028125
0 0.89609375 0.0765625 0.0140625 0.0234375
0 0.06953125 0.07890625 0.01875 0.028125
0 0.51171875 0.07890625 0.0140625 0.028125
0 0.34296875 0.07890625 0.01875 0.03203125
0 0.5 0.07890625 0.01875 0.028125
0 0.21796875 0.08125 0.01875 0.03203125
0 0.6640625 0.08125 0.01875 0.03203125
0 0.53203125 0.08125 0.0140625 0.0234375
0 0.4234375 0.08359375 0.0140625 0.028125
0 0.31015625 0.84921875 0.05546875 0.096875
0 0.1296875 0.87265625 0.06953125 0.1109375
0 0.85390625 0.08828125 0.01875 0.0234375
0 0.12265625 0.090625 0.01875 0.03203125
0 0.1921875 0.090625 0.0140625 0.0234375
0 0.3359375 0.090625 0.01875 0.0234375
0 0.59453125 0.090625 0.01875 0.03203125
0 0.278125 0.09296875 0.0234375 0.03203125
0 0.19921875 0.09296875 0.0140625 0.03203125
0 0.31484375 0.09453125 0.0234375 0.028125
0 0.74765625 0.096875 0.01875 0.03203125
0 0.09921875 0.09921875 0.01875 0.0234375
0 0.28203125 0.01171875 0.01875 0.0234375
0 0.303125 0.01171875 0.0140625 0.0234375
0 0.68515625 0.01171875 0.009375 0.0234375
0 0.59921875 0.1015625 0.0140625 0.0234375
0 0.35859375 0.10625 0.01875 0.03203125
0 0.784375 0.10859375 0.0234375 0.03203125
0 0.02578125 0.10859375 0.01875 0.03203125
0 0.3796875 0.10859375 0.0140625 0.028125
0 0.76640625 0.10859375 0.01875 0.028125
0 0.5140625 0.10859375 0.01875 0.03203125
0 0.553125 0.10859375 0.01875 0.028125
0 0.41171875 0.1109375 0.01875 0.03203125
0 0.46953125 0.11328125 0.0234375 0.04140625
0 0.8359375 0.12265625 0.01875 0.03203125
0 0.615625 0.12265625 0.01875 0.03671875