0 0.3703125 0.10625 0.04609375 0.05546875
0 0.49765625 0.10859375 0.06953125 0.05546875
0 0.2109375 0.115625 0.06484375 0.096875
0 0.63203125 0.125 0.05078125 0.04609375
0 0.715625 0.125 0.06015625 0.06953125
0 0.26171875 0.13203125 0.04609375 0.04609375
0 0.89375 0.134375 0.05078125 0.05546875
0 0.84921875 0.13671875 0.03671875 0.04140625
0 0.59296875 0.1390625 0.028125 0.04140625
0 0.79609375 0.1390625 0.04609375 0.04140625
0 0.67578125 0.153125 0.03671875 0.04609375
0 0.05078125 0.153125 0.05546875 0.08359375
0 0.63203125 0.1640625 0.06484375 0.05078125
0 0.37265625 0.16640625 0.05546875 0.09296875
0 0.56484375 0.17109375 0.03671875 0.06015625
0 0.10625 0.17109375 0.06953125 0.134375
0 0.5046875 0.1734375 0.06953125 0.09296875
0 0.02578125 0.1828125 0.04609375 0.09296875
0 0.29375 0.1875 0.04140625 0.096875
0 0.96796875 0.19453125 0.03671875 0.05546875
0 0.75 0.20859375 0.06953125 0.10625
0 0.88203125 0.21796875 0.06484375 0.1296875
0 0.66875 0.23125 0.07421875 0.1109375
0 0.58125 0.23359375 0.06484375 0.06015625
0 0.33359375 0.23828125 0.05078125 0.08359375
0 0.2265625 0.23828125 0.07421875 0.134375
0 0.821875 0.24296875 0.07421875 0.125
0 0.96796875 0.25 0.05546875 0.07890625
0 0.48828125 0.26171875 0.05078125 0.08828125
0 0.4421875 0.26875 0.07421875 0.1015625
0 0.5234375 0.2734375 0.028125 0.06484375
0 0.75 0.2734375 0.04609375 0.06015625
0 0.153125 0.28203125 0.05546875 0.07421875
0 0.92109375 0.28671875 0.04140625 0.04609375
0 0.58359375 0.321875 0.096875 0.134375
0 0.33125 0.33125 0.06953125 0.1203125
0 0.08359375 0.34296875 0.06484375 0.14375
0 0.778125 0.35859375 0.08359375 0.1203125
0 0.41171875 0.3703125 0.09296875 0.16640625
0 0.96015625 0.4390625 0.0796875 0.153125
0 0.1875 0.465625 0.1015625 0.20859375
0 0.20859375 0.05078125 0.04140625 0.04140625
0 0.28046875 0.05546875 0.05546875 0.08359375
0 0.6640625 0.6015625 0.115625 0.21796875
0 0.384375 0.0765625 0.04609375 0.05078125
0 0.05078125 0.09921875 0.0234375 0.03671875