0 0.3078125 0.1109375 0.05078125 0.06484375
0 0.2359375 0.11328125 0.04140625 0.06484375
0 0.42578125 0.125 0.03671875 0.06015625
0 0.65546875 0.13203125 0.05546875 0.09296875
0 0.115625 0.0140625 0.03203125 0.028125
0 0.1015625 0.13671875 0.05078125 0.08828125
0 0.17578125 0.14375 0.05078125 0.08359375
0 0.04140625 0.1484375 0.06484375 0.09296875
0 0.28203125 0.15078125 0.05078125 0.08359375
0 0.46796875 0.15546875 0.03671875 0.06484375
0 0.79140625 0.159375 0.06953125 0.08828125
0 0.5 0.16640625 0.04609375 0.07421875
0 0.965625 0.178125 0.06015625 0.125
0 0.61328125 0.01875 0.03671875 0.03671875
0 0.2359375 0.19453125 0.05546875 0.07890625
0 0.0234375 0.196875 0.04609375 0.08828125
0 0.9375 0.20859375 0.08828125 0.115625
0 0.3890625 0.0234375 0.04609375 0.04609375
0 0.8609375 0.0234375 0.05078125 0.04609375
0 0.4140625 0.02578125 0.03203125 0.04140625
0 0.071875 0.02578125 0.03203125 0.05078125
0 0.5390625 0.03046875 0.03671875 0.05078125
0 0.778125 0.30546875 0.1015625 0.14375
0 0.66640625 0.03203125 0.04140625 0.05546875
0 0.77109375 0.03203125 0.03671875 0.04609375
0 0.70625 0.03671875 0.04140625 0.06015625
0 0.41171875 0.3703125 0.06953125 0.1390625
0 0.23828125 0.04140625 0.03671875 0.04609375
0 0.98359375 0.04375 0.03203125 0.07421875
0 0.946875 0.04375 0.03671875 0.06015625
0 0.0859375 0.4421875 0.125 0.16171875
0 0.4953125 0.446875 0.125 0.18515625
0 0.03046875 0.04609375 0.06015625 0.06015625
0 0.303125 0.05078125 0.04609375 0.06015625
0 0.4328125 0.0578125 0.03203125 0.06015625
0 0.14375 0.06015625 0.03671875 0.05546875
0 0.778125 0.08359375 0.03671875 0.05078125
0 0.596875 0.090625 0.05078125 0.08359375
0 0.03671875 0.09453125 0.05078125 0.08828125
0 0.18984375 0.096875 0.04609375 0.06484375