0 0.41171875 0.875 0.03671875 0.06484375
0 0.68984375 0.09296875 0.03203125 0.05078125
0 0.78671875 0.01171875 0.028125 0.0234375
0 0.91640625 0.01171875 0.028125 0.0234375
0 0.471875 0.01171875 0.028125 0.0234375
0 0.59453125 0.01171875 0.03203125 0.0234375
0 0.240625 0.09921875 0.028125 0.05078125
0 0.3125 0.09921875 0.03203125 0.05078125
0 0.71953125 0.01171875 0.01875 0.0234375
0 0.9140625 0.10390625 0.03203125 0.05546875
0 0.60390625 0.10625 0.028125 0.04140625
0 0.54609375 0.10859375 0.03203125 0.04609375
0 0.83828125 0.1109375 0.03671875 0.06015625
0 0.98828125 0.11328125 0.0140625 0.05078125
0 0.3984375 0.11328125 0.03671875 0.04609375
0 0.45859375 0.115625 0.03671875 0.05546875
0 0.1015625 0.115625 0.028125 0.04609375
0 0.16171875 0.1203125 0.03671875 0.05078125
0 0.66640625 0.01171875 0.01875 0.0234375
0 0.26640625 0.0140625 0.03203125 0.028125
0 0.346875 0.0140625 0.028125 0.028125
0 0.76640625 0.1203125 0.03203125 0.04609375
0 0.034375 0.1203125 0.028125 0.04140625
0 0.02109375 0.0140625 0.0234375 0.028125
0 0.946875 0.159375 0.03203125 0.05078125
0 0.98125 0.01640625 0.0234375 0.03203125
0 0.69921875 0.1640625 0.03203125 0.04140625
0 0.42109375 0.16640625 0.03671875 0.04140625
0 0.32890625 0.16875 0.03203125 0.05078125
0 0.05546875 0.16875 0.028125 0.04140625
0 0.25703125 0.17109375 0.03671875 0.04140625
0 0.8515625 0.17109375 0.03671875 0.04609375
0 0.5578125 0.1734375 0.028125 0.05078125
0 0.1875 0.17578125 0.028125 0.05546875
0 0.4859375 0.17578125 0.03671875 0.05078125
0 0.778125 0.18046875 0.03203125 0.04609375
0 0.11328125 0.1875 0.028125 0.04140625
0 0.13203125 0.02109375 0.03203125 0.04140625
0 0.64140625 0.18984375 0.03203125 0.05078125
0 0.0859375 0.02109375 0.028125 0.04140625
0 0.865625 0.23359375 0.03671875 0.05078125
0 0.5046875 0.2359375 0.028125 0.03671875
0 0.73359375 0.23828125 0.03203125 0.05546875
0 0.0671875 0.240625 0.03203125 0.05078125
0 0.5625 0.240625 0.03203125 0.05078125
0 0.15546875 0.2453125 0.03671875 0.04140625
0 0.79375 0.24765625 0.03671875 0.05546875
0 0.946875 0.25234375 0.03671875 0.05078125
0 0.24296875 0.25234375 0.03671875 0.05546875
0 0.3890625 0.2546875 0.03671875 0.05078125
0 0.321875 0.25703125 0.04140625 0.05078125
0 0.0140625 0.25703125 0.028125 0.05078125
0 0.64375 0.259375 0.03203125 0.05078125
0 0.49296875 0.26875 0.04140625 0.05078125
0 0.40546875 0.03046875 0.028125 0.04140625
0 0.55546875 0.30546875 0.03671875 0.05546875
0 0.45390625 0.31015625 0.04140625 0.06015625
0 0.78671875 0.3125 0.028125 0.03671875
0 0.8609375 0.3125 0.028125 0.04609375
0 0.634375 0.31484375 0.03203125 0.05078125
0 0.70390625 0.31484375 0.03203125 0.05546875
0 0.965625 0.31953125 0.03671875 0.05078125
0 0.30078125 0.31953125 0.03671875 0.04609375
0 0.14609375 0.321875 0.03203125 0.05078125
0 0.37265625 0.32421875 0.028125 0.04140625
0 0.0671875 0.3265625 0.028125 0.04140625
0 0.21796875 0.33125 0.03203125 0.05078125
0 0.5390625 0.034375 0.028125 0.03671875
0 0.346875 0.3703125 0.03671875 0.05078125
0 0.87265625 0.37734375 0.03203125 0.04609375
0 0.78203125 0.38671875 0.03671875 0.05546875
0 0.409375 0.38671875 0.04140625 0.05078125
0 0.9609375 0.39140625 0.03671875 0.06015625
0 0.06484375 0.39140625 0.03203125 0.05546875
0 0.16640625 0.3984375 0.03203125 0.04140625
0 0.259375 0.40078125 0.0234375 0.04140625
0 0.68515625 0.40078125 0.03203125 0.04609375
0 0.5859375 0.40078125 0.03203125 0.05078125
0 0.52109375 0.403125 0.03671875 0.06484375
0 0.596875 0.04375 0.028125 0.03671875
0 0.92578125 0.44453125 0.03203125 0.03671875
0 0.1734375 0.446875 0.03671875 0.06484375
0 0.82890625 0.4515625 0.04140625 0.06484375
0 0.4765625 0.4515625 0.03671875 0.05546875
0 0.75 0.45625 0.03203125 0.05078125
0 0.29609375 0.04609375 0.03203125 0.04609375
0 0.6828125 0.46328125 0.03203125 0.05078125
0 0.25234375 0.465625 0.03203125 0.05078125
0 0.534375 0.46953125 0.03203125 0.06015625
0 0.596875 0.47890625 0.04140625 0.04609375
0 0.07890625 0.48125 0.028125 0.04609375
0 0.32890625 0.48125 0.03671875 0.05078125
0 0.93046875 0.48359375 0.03671875 0.04140625
0 0.39375 0.48359375 0.04140625 0.05546875
0 0.8078125 0.05078125 0.03671875 0.04140625
0 0.6734375 0.05078125 0.028125 0.03671875
0 0.89609375 0.05078125 0.03203125 0.04609375
0 0.15703125 0.053125 0.03203125 0.04609375
0 0.778125 0.54609375 0.04140625 0.06484375
0 0.5 0.55078125 0.03203125 0.06015625
0 0.89140625 0.553125 0.04140625 0.06015625
0 0.45390625 0.05546875 0.03203125 0.04609375
0 0.06015625 0.05546875 0.028125 0.04140625
0 0.2359375 0.56015625 0.03671875 0.04609375
0 0.39609375 0.56015625 0.028125 0.06015625
0 0.68046875 0.5625 0.03671875 0.06484375
0 0.7453125 0.05546875 0.03671875 0.06015625
0 0.37265625 0.05546875 0.028125 0.04140625
0 0.134375 0.5625 0.03203125 0.05546875
0 0.59453125 0.56484375 0.03671875 0.05546875
0 0.31953125 0.56484375 0.03203125 0.06015625
0 0.03671875 0.571875 0.03671875 0.06015625
0 0.96328125 0.571875 0.03671875 0.06015625
0 0.2265625 0.0625 0.03671875 0.04609375
0 0.62734375 0.634375 0.03671875 0.06015625
0 0.284375 0.63671875 0.03671875 0.06015625
0 0.4515625 0.63671875 0.03671875 0.05546875
0 0.81484375 0.64609375 0.04140625 0.06484375
0 0.36796875 0.6484375 0.03671875 0.06484375
0 0.7265625 0.6484375 0.03671875 0.06484375
0 0.20390625 0.6484375 0.03671875 0.06484375
0 0.96328125 0.06484375 0.03203125 0.04140625
0 0.91171875 0.653125 0.04140625 0.05546875
0 0.53046875 0.653125 0.04140625 0.06015625
0 0.02109375 0.659375 0.03671875 0.06484375
0 0.09921875 0.66171875 0.03203125 0.06484375
0 0.98828125 0.6828125 0.0234375 0.05546875
0 0.26171875 0.73828125 0.03671875 0.06484375
0 0.5390625 0.740625 0.03671875 0.05546875
0 0.06015625 0.740625 0.03203125 0.05546875
0 0.46328125 0.74296875 0.03671875 0.06015625
0 0.74296875 0.7453125 0.03671875 0.06015625
0 0.82890625 0.74765625 0.04140625 0.06015625
0 0.15546875 0.74765625 0.03203125 0.05546875
0 0.36328125 0.75 0.03671875 0.05078125
0 0.9375 0.75234375 0.03671875 0.05078125
0 0.65703125 0.76875 0.03671875 0.06015625
0 0.846875 0.009375 0.0234375 0.01875
0 0.534375 0.009375 0.01875 0.01875
0 0.73828125 0.84921875 0.04140625 0.06484375
0 0.8265625 0.84921875 0.03671875 0.05546875
0 0.56015625 0.84921875 0.04140625 0.06484375
0 0.05546875 0.84921875 0.04140625 0.06015625
0 0.16640625 0.85390625 0.03203125 0.05546875
0 0.90703125 0.85390625 0.03671875 0.06015625
0 0.653125 0.85625 0.03671875 0.05078125
0 0.3703125 0.85859375 0.04140625 0.06484375
0 0.2640625 0.85859375 0.03671875 0.06484375