0 0.2359375 0.45859375 0.0234375 0.0234375
0 0.29140625 0.46328125 0.028125 0.03203125
0 0.2734375 0.46796875 0.0234375 0.04140625
0 0.3359375 0.46796875 0.03203125 0.04140625
0 0.21953125 0.47421875 0.028125 0.0234375
0 0.07890625 0.47890625 0.028125 0.04609375
0 0.159375 0.48125 0.028125 0.03671875
0 0.44453125 0.48125 0.0234375 0.03671875
0 0.0234375 0.48359375 0.01875 0.0234375
0 0.94453125 0.4859375 0.0140625 0.01875
0 0.30078125 0.48828125 0.0234375 0.03203125
0 0.78203125 0.490625 0.0140625 0.0140625
0 0.8078125 0.490625 0.0140625 0.0234375
0 0.82890625 0.49296875 0.009375 0.0140625
0 0.18984375 0.49296875 0.03203125 0.04609375
0 0.821875 0.49296875 0.009375 0.01875
0 0.79140625 0.49296875 0.009375 0.0140625
0 0.3359375 0.5 0.04140625 0.06484375
0 0.240625 0.50234375 0.0234375 0.03671875
0 0.46328125 0.50234375 0.03203125 0.05078125
0 0.596875 0.50234375 0.03203125 0.05078125
0 0.0671875 0.5046875 0.0234375 0.04609375
0 0.409375 0.50703125 0.03671875 0.05078125
0 0.21328125 0.51171875 0.03203125 0.04140625
0 0.38203125 0.5140625 0.04609375 0.06015625
0 0.03671875 0.5140625 0.03203125 0.04140625
0 0.67578125 0.5140625 0.04140625 0.05078125
0 0.14140625 0.51875 0.03203125 0.06484375
0 0.090625 0.528125 0.03671875 0.04140625
0 0.02109375 0.528125 0.03203125 0.04140625