0 0.22890625 0.10625 0.03203125 0.028125
0 0.534375 0.10625 0.03671875 0.06484375
0 0.47890625 0.10859375 0.03671875 0.05546875
0 0.76171875 0.1109375 0.03671875 0.06015625
0 0.625 0.11328125 0.03203125 0.05546875
0 0.15546875 0.115625 0.03203125 0.05546875
0 0.03203125 0.12734375 0.03203125 0.05546875
0 0.278125 0.1296875 0.03671875 0.06015625
0 0.08125 0.134375 0.03203125 0.05546875
0 0.340625 0.134375 0.03671875 0.05546875
0 0.98359375 0.215625 0.0234375 0.06015625
0 0.9328125 0.21796875 0.04140625 0.06484375
0 0.0234375 0.21953125 0.04609375 0.096875
0 0.884375 0.22890625 0.03203125 0.05078125
0 0.59453125 0.23125 0.04140625 0.06015625
0 0.1640625 0.2359375 0.03671875 0.06484375
0 0.79609375 0.2359375 0.03671875 0.06484375
0 0.9765625 0.02578125 0.03671875 0.05078125
0 0.2640625 0.24296875 0.04609375 0.06484375
0 0.5 0.24296875 0.03671875 0.06015625
0 0.65546875 0.24296875 0.03671875 0.05546875
0 0.39609375 0.25234375 0.04140625 0.05546875
0 0.64609375 0.35625 0.03671875 0.05546875
0 0.8125 0.36328125 0.03671875 0.05546875
0 0.625 0.37734375 0.03203125 0.05546875
0 0.7265625 0.3796875 0.04140625 0.05546875
0 0.8609375 0.38203125 0.03203125 0.04609375
0 0.45625 0.39609375 0.03671875 0.06484375
0 0.52109375 0.39609375 0.03671875 0.05546875
0 0.365625 0.4234375 0.03671875 0.05078125
0 0.24765625 0.42578125 0.028125 0.04609375
0 0.05078125 0.43046875 0.04140625 0.05078125
0 0.159375 0.4328125 0.01875 0.05078125
0 0.18046875 0.44453125 0.028125 0.05078125
0 0.8890625 0.49765625 0.03671875 0.06015625
0 0.95859375 0.5 0.03671875 0.06015625
0 0.72890625 0.509375 0.03203125 0.06015625
0 0.53203125 0.51875 0.028125 0.04609375
0 0.8078125 0.51875 0.04140625 0.06015625
0 0.4421875 0.528125 0.04140625 0.05078125
0 0.35390625 0.528125 0.03671875 0.05078125
0 0.62265625 0.53046875 0.04140625 0.06015625
0 0.196875 0.53671875 0.03203125 0.05078125
0 0.14609375 0.5578125 0.03671875 0.06484375
0 0.06484375 0.5578125 0.04140625 0.06015625
0 0.0234375 0.571875 0.04140625 0.05078125
0 0.27109375 0.59296875 0.03671875 0.05546875
0 0.99296875 0.6109375 0.0140625 0.03671875
0 0.69453125 0.625 0.03671875 0.06015625
0 0.840625 0.63203125 0.03671875 0.05546875
0 0.66640625 0.63671875 0.03203125 0.06484375
0 0.74765625 0.63671875 0.03203125 0.04140625
0 0.221875 0.06484375 0.03203125 0.028125
0 0.48125 0.65078125 0.03671875 0.04609375
0 0.82421875 0.65078125 0.028125 0.05078125
0 0.946875 0.653125 0.03671875 0.04609375
0 0.634375 0.65703125 0.03203125 0.05546875
0 0.92109375 0.75234375 0.028125 0.05078125
0 0.7265625 0.7734375 0.03203125 0.05546875
0 0.86796875 0.78046875 0.03671875 0.05078125
0 0.4234375 0.78203125 0.03671875 0.05546875
0 0.6390625 0.78203125 0.03671875 0.05546875
0 0.68046875 0.784375 0.028125 0.05078125
0 0.2734375 0.8265625 0.03671875 0.06484375
0 0.446875 0.82890625 0.03671875 0.06484375
0 0.340625 0.83359375 0.03671875 0.05546875
0 0.4859375 0.83828125 0.03671875 0.05546875
0 0.134375 0.84453125 0.04609375 0.06484375
0 0.20625 0.85390625 0.04609375 0.04609375
0 0.0234375 0.88203125 0.04609375 0.05546875
0 0.90703125 0.09296875 0.028125 0.04609375
0 0.1828125 0.09453125 0.028125 0.03203125
0 0.81484375 0.096875 0.03203125 0.05078125