0 0.88671875 0.159375 0.06015625 0.1015625
0 0.25703125 0.16875 0.06953125 0.1015625
0 0.18984375 0.178125 0.07890625 0.06953125
0 0.446875 0.178125 0.05546875 0.05546875
0 0.34453125 0.18515625 0.05078125 0.07890625
0 0.0671875 0.18515625 0.08359375 0.05546875
0 0.51640625 0.1875 0.07890625 0.096875
0 0.6875 0.18984375 0.06015625 0.08359375
0 0.82421875 0.18984375 0.04140625 0.05546875
0 0.590625 0.18984375 0.06484375 0.096875
0 0.009375 0.1921875 0.01875 0.08828125
0 0.384375 0.1921875 0.04140625 0.03671875
0 0.79609375 0.1921875 0.04609375 0.09296875
0 0.12265625 0.20625 0.06015625 0.08359375
0 0.95859375 0.20859375 0.05078125 0.07890625
0 0.9859375 0.215625 0.01875 0.096875
0 0.303125 0.21796875 0.06484375 0.115625
0 0.92578125 0.221875 0.06015625 0.07421875
0 0.44921875 0.23359375 0.05078125 0.08828125
0 0.38671875 0.24765625 0.05078125 0.07890625
0 0.346875 0.25234375 0.06015625 0.1015625
0 0.221875 0.259375 0.07890625 0.1203125
0 0.71796875 0.2640625 0.06484375 0.10625
0 0.0765625 0.2640625 0.07890625 0.1203125
0 0.01640625 0.27109375 0.03203125 0.06015625
0 0.50234375 0.27109375 0.07890625 0.1015625
0 0.25 0.27578125 0.06953125 0.10625
0 0.65078125 0.28203125 0.06484375 0.10625
0 0.81015625 0.30078125 0.06015625 0.1015625
0 0.159375 0.30546875 0.07890625 0.1203125
0 0.5671875 0.38203125 0.06015625 0.10625
0 0.625 0.38671875 0.07421875 0.1109375
0 0.53671875 0.45390625 0.06953125 0.096875
0 0.715625 0.490625 0.07421875 0.08359375
0 0.39609375 0.61796875 0.06015625 0.1015625
0 0.35390625 0.85625 0.06953125 0.08828125
0 0.03046875 0.8609375 0.06015625 0.09296875