0 0.53671875 0.34921875 0.01875 0.03671875
0 0.37265625 0.35390625 0.0234375 0.0234375
0 0.15078125 0.35625 0.01875 0.03671875
0 0.1921875 0.365625 0.028125 0.05078125
0 0.26875 0.36796875 0.0234375 0.04140625
0 0.43046875 0.3703125 0.0234375 0.04140625
0 0.38203125 0.3796875 0.028125 0.028125
0 0.32890625 0.3796875 0.0234375 0.04609375
0 0.01171875 0.403125 0.0234375 0.06484375
0 0.2890625 0.4140625 0.028125 0.06484375
0 0.73828125 0.4140625 0.03203125 0.06484375
0 0.54140625 0.41875 0.03203125 0.05078125
0 0.06953125 0.42109375 0.0234375 0.03671875
0 0.7640625 0.42109375 0.03203125 0.05078125
0 0.66875 0.4234375 0.04140625 0.06953125
0 0.490625 0.42578125 0.0234375 0.04140625
0 0.16640625 0.428125 0.028125 0.04609375
0 0.58125 0.43046875 0.028125 0.05546875
0 0.90703125 0.43046875 0.04140625 0.08359375
0 0.13671875 0.43046875 0.03203125 0.05546875
0 0.52109375 0.43515625 0.0234375 0.04609375
0 0.55546875 0.4375 0.03671875 0.06484375
0 0.446875 0.43984375 0.03203125 0.05078125
0 0.93515625 0.43984375 0.01875 0.06484375
0 0.19453125 0.44453125 0.03203125 0.05546875
0 0.32421875 0.4515625 0.03203125 0.05546875
0 0.6109375 0.4515625 0.03203125 0.06953125
0 0.71953125 0.4609375 0.03671875 0.06015625
0 0.68515625 0.46328125 0.03671875 0.06484375
0 0.75703125 0.46328125 0.03203125 0.06015625
0 0.2640625 0.4765625 0.04609375 0.07890625
0 0.846875 0.4859375 0.05078125 0.096875
0 0.159375 0.490625 0.04609375 0.07890625
0 0.4953125 0.4953125 0.028125 0.05078125
0 0.40078125 0.49765625 0.04140625 0.07890625
0 0.3609375 0.5140625 0.03671875 0.06953125
0 0.6921875 0.5484375 0.05078125 0.08359375
0 0.528125 0.56484375 0.05078125 0.10625
0 0.89609375 0.56484375 0.08359375 0.14375
0 0.4609375 0.66875 0.06953125 0.115625
0 0.053125 0.759375 0.05078125 0.1390625
0 0.48828125 0.8515625 0.1015625 0.16171875
0 0.125 0.8515625 0.134375 0.21328125
0 0.20390625 0.196875 0.01875 0.03203125
0 0.25 0.2109375 0.01875 0.03671875
0 0.3125 0.221875 0.0140625 0.01875
0 0.2640625 0.22421875 0.01875 0.0234375
0 0.4765625 0.25703125 0.01875 0.03671875
0 0.37265625 0.259375 0.009375 0.0234375
0 0.30546875 0.26171875 0.01875 0.03203125
0 0.4421875 0.26640625 0.0234375 0.03203125
0 0.46328125 0.29140625 0.01875 0.03203125
0 0.36328125 0.2984375 0.01875 0.04140625
0 0.31484375 0.30546875 0.009375 0.028125
0 0.28203125 0.3078125 0.0234375 0.04609375
0 0.384375 0.31015625 0.0140625 0.0234375
0 0.48828125 0.3171875 0.01875 0.04609375
0 0.634375 0.32421875 0.01875 0.028125
0 0.4328125 0.3265625 0.0234375 0.03671875
0 0.56484375 0.3265625 0.01875 0.028125
0 0.24296875 0.32890625 0.01875 0.05078125
0 0.21953125 0.34296875 0.01875 0.04140625
0 0.60859375 0.34296875 0.028125 0.04140625