0 0.95390625 0.278125 0.0234375 0.028125
0 0.93515625 0.28203125 0.01875 0.0234375
0 0.90546875 0.2890625 0.01875 0.028125
0 0.759375 0.29140625 0.0234375 0.0234375
0 0.803125 0.29375 0.01875 0.028125
0 0.553125 0.29375 0.028125 0.0234375
0 0.78203125 0.2984375 0.01875 0.0234375
0 0.74765625 0.30078125 0.01875 0.028125
0 0.6734375 0.30078125 0.01875 0.0234375
0 0.46328125 0.303125 0.028125 0.04140625
0 0.89609375 0.30546875 0.03203125 0.04609375
0 0.6109375 0.31015625 0.03203125 0.04140625
0 0.91640625 0.3125 0.03203125 0.05078125
0 0.71953125 0.3125 0.03203125 0.03671875
0 0.86328125 0.31484375 0.01875 0.028125
0 0.696875 0.3171875 0.0234375 0.03203125
0 0.53203125 0.3171875 0.028125 0.03203125
0 0.946875 0.31953125 0.03671875 0.04609375
0 0.840625 0.321875 0.0234375 0.03203125
0 0.81953125 0.321875 0.0234375 0.04140625
0 0.32421875 0.32421875 0.04140625 0.05078125
0 0.58125 0.32421875 0.028125 0.03203125
0 0.65078125 0.3265625 0.0234375 0.03203125
0 0.45390625 0.32890625 0.03203125 0.04140625
0 0.54609375 0.33125 0.03203125 0.04140625
0 0.7640625 0.33359375 0.03203125 0.04609375
0 0.6828125 0.3359375 0.03671875 0.04609375
0 0.784375 0.33828125 0.028125 0.04609375
0 0.803125 0.33828125 0.01875 0.03203125
0 0.60625 0.340625 0.028125 0.03671875
0 0.3984375 0.35625 0.04140625 0.05078125
0 0.61796875 0.35859375 0.03203125 0.04609375
0 0.8796875 0.3609375 0.04140625 0.05546875
0 0.64375 0.36328125 0.028125 0.03671875
0 0.90703125 0.36796875 0.03671875 0.05078125
0 0.26875 0.37265625 0.04140625 0.06953125
0 0.7984375 0.3796875 0.03671875 0.05078125
0 0.965625 0.39609375 0.028125 0.04609375
0 0.98359375 0.39609375 0.0234375 0.028125
0 0.59296875 0.3984375 0.028125 0.04609375
0 0.2265625 0.40078125 0.04140625 0.05546875
0 0.12734375 0.40078125 0.04140625 0.05546875
0 0.35625 0.40546875 0.028125 0.04609375
0 0.1734375 0.41171875 0.03671875 0.06015625
0 0.69453125 0.41171875 0.03671875 0.04609375
0 0.01875 0.4234375 0.03671875 0.06953125
0 0.990625 0.4234375 0.01875 0.03203125
0 0.80546875 0.428125 0.03671875 0.05546875
0 0.8984375 0.43046875 0.03203125 0.03671875
0 0.5390625 0.4328125 0.03203125 0.05078125
0 0.40703125 0.43515625 0.04609375 0.07421875
0 0.73359375 0.4375 0.04140625 0.06484375
0 0.45859375 0.43984375 0.03671875 0.05078125
0 0.64375 0.446875 0.03203125 0.05078125
0 0.8703125 0.44921875 0.04140625 0.06484375
0 0.24296875 0.44921875 0.03671875 0.05078125
0 0.13203125 0.4515625 0.04140625 0.06015625
0 0.83359375 0.45390625 0.04140625 0.06953125
0 0.346875 0.45625 0.03203125 0.05078125
0 0.6828125 0.45625 0.04140625 0.05078125
0 0.1875 0.465625 0.04140625 0.06015625
0 0.946875 0.465625 0.05546875 0.07890625
0 0.59921875 0.471875 0.04609375 0.06484375
0 0.29140625 0.471875 0.04609375 0.05546875
0 0.98359375 0.4765625 0.0234375 0.07421875
0 0.78671875 0.4859375 0.04609375 0.06484375
0 0.90703125 0.49296875 0.05078125 0.06484375
0 0.159375 0.5 0.04609375 0.06484375
0 0.70390625 0.5 0.04140625 0.06015625
0 0.365625 0.5046875 0.04140625 0.07890625
0 0.04609375 0.5046875 0.05078125 0.07421875
0 0.553125 0.509375 0.06015625 0.08828125
0 0.41640625 0.52109375 0.05078125 0.08359375
0 0.21328125 0.5234375 0.05546875 0.06484375
0 0.3125 0.53203125 0.04609375 0.08828125
0 0.10625 0.5390625 0.05546875 0.07890625
0 0.27578125 0.54375 0.06015625 0.096875
0 0.81953125 0.5671875 0.04609375 0.08359375
0 0.93046875 0.596875 0.08828125 0.1109375
0 0.0671875 0.60390625 0.06015625 0.10625
0 0.778125 0.60859375 0.06953125 0.08828125
0 0.590625 0.78203125 0.17109375 0.21328125