0 0.590625 0.15078125 0.0140625 0.0234375
0 0.52578125 0.15546875 0.05078125 0.08828125
0 0.6203125 0.1734375 0.03671875 0.05546875
0 0.4765625 0.17578125 0.03671875 0.06953125
0 0.4140625 0.18046875 0.05078125 0.1015625
0 0.5765625 0.18515625 0.0234375 0.04609375
0 0.35390625 0.18515625 0.05078125 0.07421875
0 0.240625 0.1921875 0.04140625 0.07421875
0 0.55078125 0.19921875 0.0234375 0.05078125
0 0.8515625 0.21953125 0.03671875 0.07421875
0 0.8078125 0.221875 0.03203125 0.06484375
0 0.26171875 0.221875 0.04140625 0.07890625
0 0.6015625 0.221875 0.03671875 0.06484375
0 0.74765625 0.23125 0.03671875 0.05546875
0 0.34921875 0.23359375 0.04140625 0.07421875
0 0.69921875 0.2453125 0.03671875 0.06015625
0 0.1828125 0.2453125 0.06953125 0.1109375
0 0.29375 0.25234375 0.05078125 0.08828125
0 0.634375 0.26171875 0.04140625 0.07421875
0 0.8359375 0.28203125 0.04140625 0.07890625
0 0.29609375 0.29375 0.03671875 0.05546875
0 0.67578125 0.2984375 0.05078125 0.1015625
0 0.59921875 0.303125 0.04609375 0.06484375
0 0.95390625 0.31015625 0.05546875 0.1015625
0 0.2453125 0.32421875 0.06484375 0.115625
0 0.41875 0.33125 0.05546875 0.08828125
0 0.759375 0.33828125 0.05546875 0.1015625
0 0.321875 0.365625 0.06953125 0.1015625
0 0.48828125 0.3703125 0.06484375 0.096875
0 0.88671875 0.384375 0.04609375 0.08359375
0 0.64609375 0.384375 0.05078125 0.096875
0 0.57890625 0.39140625 0.06484375 0.1109375
0 0.08359375 0.409375 0.07421875 0.14375
0 0.9765625 0.41875 0.03671875 0.125
0 0.81953125 0.41875 0.06015625 0.096875
0 0.471875 0.490625 0.06484375 0.1015625
0 0.625 0.50703125 0.07890625 0.153125
0 0.41640625 0.5484375 0.06484375 0.1296875
0 0.24765625 0.57421875 0.09296875 0.14375
0 0.04375 0.578125 0.0875 0.14375
0 0.3609375 0.60390625 0.07421875 0.134375
0 0.3171875 0.07421875 0.04140625 0.07421875
0 0.50234375 0.75703125 0.08359375 0.134375
0 0.5578125 0.1109375 0.01875 0.04140625
0 0.6484375 0.12734375 0.028125 0.04609375