0 0.6203125 0.3703125 0.06015625 0.125
0 0.7359375 0.3703125 0.07421875 0.125
0 0.409375 0.375 0.06484375 0.134375
0 0.3171875 0.3796875 0.07421875 0.115625
0 0.4953125 0.39375 0.06484375 0.125
0 0.54609375 0.43984375 0.06484375 0.1296875
0 0.83828125 0.43984375 0.06484375 0.134375
0 0.14140625 0.4609375 0.06953125 0.1390625
0 0.178125 0.071875 0.06953125 0.096875
0 0.6390625 0.071875 0.05078125 0.1109375
0 0.26171875 0.0765625 0.05078125 0.096875
0 0.36796875 0.0859375 0.05078125 0.09296875
0 0.45625 0.096875 0.06484375 0.1015625
0 0.71328125 0.09921875 0.05078125 0.096875
0 0.53671875 0.10625 0.06015625 0.1109375
0 0.16640625 0.17109375 0.06484375 0.10625
0 0.73828125 0.1921875 0.05546875 0.134375
0 0.4421875 0.19453125 0.05078125 0.115625
0 0.30546875 0.196875 0.06015625 0.125
0 0.596875 0.19921875 0.05078125 0.1109375
0 0.53203125 0.2359375 0.05078125 0.1203125
0 0.25703125 0.23828125 0.06484375 0.10625
0 0.09296875 0.24765625 0.06953125 0.115625
0 0.67109375 0.25 0.05546875 0.1015625
0 0.3703125 0.25703125 0.06015625 0.115625
0 0.83828125 0.26640625 0.06484375 0.125
0 0.17578125 0.3171875 0.06015625 0.1203125