0 0.44453125 0.159375 0.0234375 0.04140625
0 0.46328125 0.159375 0.028125 0.06484375
0 0.678125 0.159375 0.01875 0.05078125
0 0.4765625 0.16171875 0.0140625 0.03671875
0 0.5859375 0.16640625 0.03203125 0.08828125
0 0.91640625 0.17109375 0.04140625 0.09296875
0 0.990625 0.18046875 0.009375 0.1109375
0 0.21953125 0.178125 0.03203125 0.08359375
0 0.4328125 0.18046875 0.0234375 0.06015625
0 0.3125 0.1875 0.03671875 0.09296875
0 0.72890625 0.1875 0.04140625 0.09296875
0 0.39140625 0.19453125 0.03203125 0.08359375
0 0.8125 0.196875 0.05078125 0.09296875
0 0.8703125 0.2015625 0.04140625 0.07890625
0 0.61796875 0.21328125 0.04140625 0.096875
0 0.26640625 0.215625 0.04140625 0.08828125
0 0.42109375 0.221875 0.0234375 0.06015625
0 0.55546875 0.221875 0.028125 0.07421875
0 0.53046875 0.23359375 0.04140625 0.09296875
0 0.18046875 0.25 0.04140625 0.07421875
0 0.67578125 0.28671875 0.05078125 0.1109375
0 0.05546875 0.04375 0.04609375 0.05078125
0 0.86328125 0.0578125 0.04140625 0.05546875
0 0.18046875 0.06953125 0.03671875 0.07890625
0 0.15703125 0.08125 0.03203125 0.08359375
0 0.9421875 0.0859375 0.03671875 0.07421875
0 0.2546875 0.0859375 0.03203125 0.03671875
0 0.571875 0.0859375 0.03203125 0.06953125
0 0.31484375 0.08828125 0.03671875 0.04609375
0 0.58828125 0.090625 0.01875 0.05078125
0 0.3984375 0.090625 0.04140625 0.05078125
0 0.69453125 0.09296875 0.028125 0.05078125
0 0.98828125 0.09296875 0.0234375 0.06953125
0 0.43515625 0.10390625 0.028125 0.04140625
0 0.284375 0.10390625 0.01875 0.06484375
0 0.4859375 0.10625 0.028125 0.06484375
0 0.74296875 0.10859375 0.03203125 0.05546875
0 0.884375 0.115625 0.028125 0.05546875
0 0.26875 0.115625 0.0234375 0.03203125
0 0.60859375 0.1203125 0.03203125 0.04140625
0 0.0578125 0.12265625 0.03671875 0.08828125
0 0.5046875 0.1296875 0.03671875 0.06953125
0 0.365625 0.13203125 0.028125 0.04140625
0 0.34921875 0.134375 0.0234375 0.06953125
0 0.25703125 0.134375 0.028125 0.03203125
0 0.19453125 0.13671875 0.03203125 0.05078125
0 0.02109375 0.13671875 0.04140625 0.1015625
0 0.53203125 0.1390625 0.028125 0.04140625
0 0.7734375 0.1390625 0.04140625 0.06953125
0 0.55078125 0.14140625 0.03671875 0.07421875
0 0.6484375 0.14609375 0.03203125 0.06015625
0 0.12265625 0.15078125 0.04609375 0.096875