0 0.88203125 0.87734375 0.08828125 0.08359375
0 0.3703125 0.090625 0.0234375 0.0234375
0 0.553125 0.09296875 0.01875 0.03203125
0 0.134375 0.09921875 0.0234375 0.03203125
0 0.48828125 0.1015625 0.0234375 0.0234375
0 0.45859375 0.10390625 0.01875 0.0234375
0 0.715625 0.10625 0.0140625 0.0234375
0 0.2265625 0.10859375 0.0234375 0.028125
0 0.39375 0.10859375 0.0234375 0.04609375
0 0.428125 0.10859375 0.0234375 0.03671875
0 0.25 0.1109375 0.0234375 0.03203125
0 0.36328125 0.11796875 0.028125 0.03203125
0 0.17578125 0.11796875 0.028125 0.03671875
0 0.64375 0.12265625 0.028125 0.04140625
0 0.5 0.12265625 0.01875 0.03671875
0 0.47890625 0.12265625 0.0234375 0.03671875
0 0.05078125 0.13203125 0.01875 0.0234375
0 0.66171875 0.13203125 0.028125 0.03203125
0 0.70859375 0.1390625 0.01875 0.0234375
0 0.3171875 0.1390625 0.0234375 0.04140625
0 0.1390625 0.14140625 0.0234375 0.03671875
0 0.428125 0.14609375 0.0234375 0.028125
0 0.1109375 0.14609375 0.028125 0.03203125
0 0.625 0.14609375 0.0234375 0.028125
0 0.60625 0.14609375 0.01875 0.028125
0 0.33828125 0.1484375 0.0234375 0.04140625
0 0.54375 0.15078125 0.0234375 0.028125
0 0.03046875 0.01640625 0.01875 0.03203125
0 0.20625 0.15703125 0.028125 0.03671875
0 0.41171875 0.16171875 0.028125 0.03671875
0 0.44921875 0.16171875 0.028125 0.028125
0 0.22890625 0.1640625 0.01875 0.028125
0 0.3796875 0.16875 0.03203125 0.04140625
0 0.2640625 0.16875 0.0234375 0.03671875
0 0.16640625 0.17109375 0.028125 0.03203125
0 0.284375 0.1734375 0.0234375 0.028125
0 0.303125 0.17578125 0.0234375 0.028125
0 0.15078125 0.178125 0.0234375 0.028125
0 0.696875 0.01875 0.028125 0.028125
0 0.52109375 0.18046875 0.028125 0.03671875
0 0.071875 0.18046875 0.0234375 0.03671875
0 0.10390625 0.1828125 0.0234375 0.03203125
0 0.65703125 0.1828125 0.03203125 0.03671875
0 0.778125 0.1875 0.0234375 0.028125
0 0.2453125 0.1875 0.01875 0.03671875
0 0.59296875 0.18984375 0.028125 0.03203125
0 0.48828125 0.1921875 0.028125 0.028125
0 0.03046875 0.1921875 0.028125 0.03671875
0 0.33125 0.02109375 0.0234375 0.028125
0 0.159375 0.19921875 0.0140625 0.01875
0 0.3078125 0.19921875 0.01875 0.028125
0 0.21953125 0.2015625 0.0234375 0.028125
0 0.33359375 0.2015625 0.028125 0.03203125
0 0.71328125 0.20390625 0.0234375 0.03203125
0 0.125 0.20625 0.028125 0.03671875
0 0.35390625 0.20625 0.0234375 0.04140625
0 0.74296875 0.21796875 0.03203125 0.03671875
0 0.79140625 0.21953125 0.028125 0.03671875
0 0.071875 0.21953125 0.028125 0.03671875
0 0.3171875 0.221875 0.0234375 0.01875
0 0.09453125 0.221875 0.028125 0.03671875
0 0.45390625 0.221875 0.0234375 0.028125
0 0.48828125 0.22421875 0.03203125 0.03671875
0 0.6390625 0.2265625 0.01875 0.028125
0 0.259375 0.2265625 0.0234375 0.03203125
0 0.28046875 0.22890625 0.0234375 0.03203125
0 0.15703125 0.23125 0.0234375 0.04140625
0 0.375 0.23125 0.028125 0.04609375
0 0.5671875 0.23359375 0.028125 0.03671875
0 0.6015625 0.23359375 0.03671875 0.04609375
0 0.53671875 0.23359375 0.028125 0.03671875
0 0.13203125 0.2359375 0.0234375 0.03203125
0 0.18984375 0.24296875 0.0234375 0.03203125
0 0.47421875 0.24296875 0.028125 0.04140625
0 0.66171875 0.25 0.04140625 0.05078125
0 0.21328125 0.2546875 0.028125 0.03203125
0 0.78046875 0.2734375 0.03671875 0.06015625
0 0.471875 0.028125 0.01875 0.0234375
0 0.8609375 0.278125 0.04140625 0.04140625
0 0.009375 0.284375 0.01875 0.05078125
0 0.30078125 0.28671875 0.028125 0.05078125
0 0.01640625 0.2890625 0.0234375 0.04609375
0 0.13671875 0.29140625 0.028125 0.05078125
0 0.81484375 0.29140625 0.028125 0.04140625
0 0.4609375 0.29375 0.03671875 0.05546875
0 0.73828125 0.29375 0.03203125 0.028125
0 0.56015625 0.30078125 0.04140625 0.05078125
0 0.91875 0.30078125 0.0234375 0.0234375
0 0.27578125 0.303125 0.028125 0.05078125
0 0.39140625 0.303125 0.03203125 0.03203125
0 0.51171875 0.303125 0.03671875 0.05078125
0 0.24765625 0.3078125 0.028125 0.04609375
0 0.6109375 0.31015625 0.03671875 0.05546875
0 0.6875 0.31953125 0.04609375 0.05078125
0 0.1640625 0.31953125 0.028125 0.04609375
0 0.93515625 0.31953125 0.01875 0.028125
0 0.33828125 0.31953125 0.03671875 0.05546875
0 0.22421875 0.321875 0.03203125 0.05078125
0 0.5765625 0.321875 0.04140625 0.04140625
0 0.85859375 0.3265625 0.03671875 0.04609375
0 0.721875 0.3359375 0.04140625 0.04609375
0 0.965625 0.33828125 0.04140625 0.04140625
0 0.3796875 0.33828125 0.03671875 0.04609375
0 0.63671875 0.33828125 0.05078125 0.04140625
0 0.81484375 0.340625 0.03671875 0.04140625
0 0.41875 0.340625 0.028125 0.028125
0 0.903125 0.340625 0.04140625 0.06484375
0 0.303125 0.340625 0.028125 0.03671875
0 0.09296875 0.3515625 0.03203125 0.06015625
0 0.50234375 0.35390625 0.03203125 0.03671875
0 0.52578125 0.35859375 0.0234375 0.03671875
0 0.784375 0.03671875 0.01875 0.028125
0 0.509375 0.03671875 0.0234375 0.028125
0 0.928125 0.36328125 0.028125 0.06015625
0 0.41640625 0.36328125 0.03671875 0.028125
0 0.8359375 0.365625 0.03671875 0.028125
0 0.9859375 0.3703125 0.01875 0.03671875
0 0.28671875 0.3703125 0.04140625 0.04609375
0 0.55546875 0.03671875 0.01875 0.028125
0 0.7546875 0.37734375 0.05078125 0.05546875
0 0.678125 0.3796875 0.04140625 0.04609375
0 0.2265625 0.384375 0.04140625 0.03671875
0 0.22421875 0.0390625 0.0140625 0.01875
0 0.375 0.38671875 0.04140625 0.06015625
0 0.41640625 0.3890625 0.0234375 0.04140625
0 0.14375 0.39375 0.04140625 0.05546875
0 0.4515625 0.0390625 0.01875 0.028125
0 0.41875 0.0390625 0.0234375 0.028125
0 0.9515625 0.39375 0.03671875 0.07421875
0 0.721875 0.39609375 0.03203125 0.04140625
0 0.625 0.3984375 0.04609375 0.06484375
0 0.803125 0.3984375 0.03671875 0.04140625
0 0.65546875 0.40546875 0.03203125 0.05078125
0 0.284375 0.41171875 0.03203125 0.04140625
0 0.76875 0.04140625 0.0234375 0.0234375
0 0.4953125 0.4140625 0.028125 0.06484375
0 0.98125 0.41875 0.03671875 0.07890625
0 0.6734375 0.42109375 0.03671875 0.05078125
0 0.2109375 0.42578125 0.03671875 0.06015625
0 0.909375 0.42578125 0.03671875 0.06015625
0 0.53203125 0.4328125 0.04140625 0.07421875
0 0.82421875 0.4328125 0.04609375 0.06953125
0 0.08359375 0.4328125 0.028125 0.05078125
0 0.7734375 0.43984375 0.04140625 0.06484375
0 0.35859375 0.4421875 0.03203125 0.05546875
0 0.2546875 0.446875 0.03203125 0.04609375
0 0.86796875 0.45390625 0.03671875 0.03203125
0 0.70625 0.45390625 0.03671875 0.06015625
0 0.18515625 0.465625 0.04140625 0.07421875
0 0.40078125 0.465625 0.04140625 0.07421875
0 0.57890625 0.46953125 0.03203125 0.06015625
0 0.32890625 0.46953125 0.03671875 0.05546875
0 0.446875 0.47421875 0.04609375 0.06953125
0 0.74765625 0.48125 0.05078125 0.07890625
0 0.2984375 0.48125 0.04609375 0.06953125
0 0.5046875 0.490625 0.04140625 0.06015625
0 0.14375 0.05078125 0.028125 0.04140625
0 0.88671875 0.5046875 0.05078125 0.08828125
0 0.6203125 0.5046875 0.04609375 0.06953125
0 0.66171875 0.51171875 0.03671875 0.06484375
0 0.18984375 0.05078125 0.01875 0.03203125
0 0.2359375 0.05078125 0.01875 0.0234375
0 0.70390625 0.52109375 0.04609375 0.04609375
0 0.5484375 0.5390625 0.04140625 0.06484375
0 0.43046875 0.55546875 0.05078125 0.06015625
0 0.715625 0.56484375 0.05078125 0.04140625
0 0.98125 0.58125 0.03671875 0.07421875
0 0.11328125 0.0578125 0.0234375 0.03671875
0 0.03203125 0.0578125 0.0234375 0.028125
0 0.71328125 0.06015625 0.01875 0.028125
0 0.590625 0.59921875 0.05546875 0.06015625
0 0.6015625 0.06015625 0.01875 0.03203125
0 0.8609375 0.6015625 0.05078125 0.07890625
0 0.0234375 0.60390625 0.04609375 0.115625
0 0.6734375 0.62265625 0.03671875 0.05546875
0 0.42109375 0.625 0.05078125 0.08828125
0 0.45625 0.0625 0.0234375 0.03203125
0 0.6203125 0.06484375 0.01875 0.03203125
0 0.340625 0.66171875 0.05078125 0.08828125
0 0.8890625 0.66640625 0.05078125 0.06953125
0 0.22890625 0.66640625 0.06484375 0.1109375
0 0.07421875 0.6734375 0.05546875 0.10625
0 0.60390625 0.69921875 0.05078125 0.1015625
0 0.75234375 0.7015625 0.06484375 0.1203125
0 0.32421875 0.071875 0.028125 0.03671875
0 0.98125 0.70625 0.028125 0.153125
0 0.509375 0.71328125 0.06953125 0.1015625
0 0.67109375 0.715625 0.06484375 0.09296875
0 0.56953125 0.07421875 0.01875 0.03203125
0 0.89609375 0.74765625 0.06015625 0.07421875
0 0.52578125 0.0859375 0.0234375 0.03203125