0 0.6640625 0.18984375 0.0234375 0.028125
0 0.64609375 0.19453125 0.0140625 0.01875
0 0.7984375 0.196875 0.01875 0.0234375
0 0.41875 0.20390625 0.009375 0.01875
0 0.75234375 0.20390625 0.01875 0.028125
0 0.634375 0.20859375 0.01875 0.01875
0 0.4375 0.2109375 0.01875 0.028125
0 0.6828125 0.21328125 0.01875 0.0234375
0 0.76171875 0.21796875 0.01875 0.028125
0 0.15078125 0.21953125 0.0140625 0.028125
0 0.48828125 0.2265625 0.0234375 0.028125
0 0.67578125 0.23125 0.01875 0.028125
0 0.784375 0.23828125 0.0234375 0.03671875
0 0.21953125 0.23828125 0.0140625 0.0234375
0 0.64375 0.240625 0.0234375 0.03671875
0 0.89375 0.24296875 0.0234375 0.03203125
0 0.18984375 0.2453125 0.0140625 0.0234375
0 0.31484375 0.2453125 0.01875 0.028125
0 0.384375 0.2453125 0.01875 0.04140625
0 0.44921875 0.25 0.01875 0.03203125
0 0.75 0.25 0.0234375 0.03671875
0 0.471875 0.25703125 0.0140625 0.0234375
0 0.66875 0.259375 0.028125 0.03671875
0 0.7109375 0.2640625 0.0234375 0.03671875
0 0.3515625 0.26875 0.0140625 0.0234375
0 0.92578125 0.2734375 0.03203125 0.04609375
0 0.81484375 0.27578125 0.028125 0.03671875
0 0.8515625 0.27578125 0.028125 0.03671875
0 0.4609375 0.28046875 0.028125 0.03671875
0 0.40078125 0.28203125 0.0234375 0.03671875
0 0.31484375 0.28203125 0.0234375 0.028125
0 0.6484375 0.284375 0.01875 0.028125
0 0.346875 0.28671875 0.01875 0.0234375
0 0.11328125 0.28671875 0.0234375 0.0234375
0 0.62734375 0.29375 0.028125 0.03671875
0 0.8890625 0.3125 0.01875 0.03203125
0 0.7265625 0.31484375 0.0234375 0.03671875
0 0.33125 0.3171875 0.0234375 0.03671875
0 0.69453125 0.3171875 0.0234375 0.04609375
0 0.29375 0.3265625 0.0234375 0.03671875
0 0.90703125 0.33125 0.0234375 0.028125
0 0.3171875 0.35390625 0.03203125 0.04609375
0 0.40703125 0.3796875 0.028125 0.05078125
0 0.51171875 0.384375 0.028125 0.04140625
0 0.83828125 0.39609375 0.03671875 0.05078125
0 0.15703125 0.3984375 0.0234375 0.03671875
0 0.56015625 0.40078125 0.0234375 0.03671875
0 0.58359375 0.403125 0.028125 0.04140625
0 0.29609375 0.41875 0.03203125 0.04609375
0 0.715625 0.4234375 0.03203125 0.03671875
0 0.16875 0.4328125 0.028125 0.03671875
0 0.47890625 0.4328125 0.028125 0.04609375
0 0.09453125 0.43515625 0.03671875 0.05078125
0 0.1921875 0.43515625 0.028125 0.03671875
0 0.6390625 0.4421875 0.04140625 0.0234375
0 0.3609375 0.446875 0.03671875 0.06953125
0 0.7453125 0.446875 0.03203125 0.04609375
0 0.51171875 0.45625 0.03671875 0.04140625
0 0.69921875 0.46953125 0.03203125 0.05078125
0 0.8890625 0.471875 0.03671875 0.05546875
0 0.23828125 0.47421875 0.0234375 0.04609375
0 0.134375 0.47421875 0.028125 0.028125
0 0.6484375 0.47421875 0.03203125 0.04609375
0 0.1734375 0.47890625 0.04140625 0.05078125
0 0.115625 0.48359375 0.03203125 0.0234375
0 0.971875 0.490625 0.05078125 0.06015625
0 0.846875 0.4953125 0.04140625 0.06484375
0 0.8125 0.5 0.03671875 0.06015625
0 0.25703125 0.50703125 0.04140625 0.05078125
0 0.5234375 0.51640625 0.03671875 0.05546875
0 0.4859375 0.51875 0.03671875 0.04609375
0 0.11328125 0.53046875 0.04609375 0.04609375
0 0.38671875 0.53203125 0.04609375 0.06015625
0 0.346875 0.54140625 0.04609375 0.06015625
0 0.01875 0.55078125 0.03203125 0.06015625
0 0.2109375 0.553125 0.04140625 0.05078125
0 0.43515625 0.553125 0.04140625 0.05546875
0 0.51640625 0.6015625 0.04609375 0.06484375
0 0.06015625 0.60859375 0.04140625 0.03671875
0 0.85625 0.615625 0.05078125 0.08828125
0 0.64375 0.6203125 0.04140625 0.07890625
0 0.6109375 0.625 0.05078125 0.08359375
0 0.55078125 0.66640625 0.06015625 0.096875
0 0.05078125 0.67578125 0.04609375 0.07890625
0 0.19921875 0.6828125 0.04609375 0.05078125
0 0.16640625 0.68984375 0.03203125 0.06953125
0 0.409375 0.71328125 0.06015625 0.08828125
0 0.465625 0.76640625 0.03203125 0.06953125
0 0.384375 0.76875 0.04609375 0.08359375
0 0.20625 0.77109375 0.06015625 0.1015625
0 0.3359375 0.79375 0.05546875 0.06484375
0 0.92109375 0.7984375 0.05546875 0.1015625
0 0.59296875 0.803125 0.06484375 0.10625
0 0.73125 0.82421875 0.05546875 0.096875
0 0.778125 0.84296875 0.03671875 0.08359375
0 0.303125 0.8609375 0.06484375 0.096875
0 0.6734375 0.865625 0.05078125 0.06484375
0 0.803125 0.09296875 0.009375 0.0140625
0 0.884375 0.9328125 0.06484375 0.1203125
0 0.20859375 0.9375 0.06953125 0.115625
0 0.03671875 0.9421875 0.06953125 0.1015625
0 0.36328125 0.9421875 0.07890625 0.10625
0 0.82890625 0.09453125 0.009375 0.0140625
0 0.72578125 0.96484375 0.0796875 0.0703125
0 0.7546875 0.09921875 0.0140625 0.01875
0 0.84921875 0.09921875 0.0140625 0.0140625
0 0.7359375 0.1015625 0.009375 0.0140625
0 0.78671875 0.1015625 0.009375 0.0140625
0 0.721875 0.1109375 0.009375 0.0140625
0 0.634375 0.1203125 0.0140625 0.0140625
0 0.784375 0.1296875 0.009375 0.0140625
0 0.8515625 0.14375 0.0140625 0.01875
0 0.76171875 0.14375 0.0140625 0.01875
0 0.8171875 0.14609375 0.0140625 0.0234375
0 0.65546875 0.1484375 0.01875 0.01875
0 0.784375 0.15078125 0.0140625 0.01875
0 0.80546875 0.15078125 0.0140625 0.0234375
0 0.7453125 0.15703125 0.0140625 0.01875
0 0.84296875 0.159375 0.0140625 0.01875
0 0.89609375 0.1640625 0.0140625 0.01875
0 0.77109375 0.17109375 0.0140625 0.01875
0 0.6921875 0.1734375 0.01875 0.0234375
0 0.78671875 0.178125 0.0140625 0.01875
0 0.69921875 0.18046875 0.0140625 0.0234375
0 0.76171875 0.18046875 0.01875 0.0234375
0 0.721875 0.1875 0.01875 0.0234375
0 0.52109375 0.1875 0.009375 0.01875