0 0.3703125 0.6484375 0.009375 0.0140625
0 0.51875 0.65078125 0.0046875 0.009375
0 0.2640625 0.653125 0.009375 0.009375
0 0.45859375 0.653125 0.009375 0.0140625
0 0.2453125 0.653125 0.009375 0.009375
0 0.534375 0.65546875 0.0140625 0.01875
0 0.35390625 0.65546875 0.0140625 0.01875
0 0.471875 0.65546875 0.009375 0.009375
0 0.22890625 0.65703125 0.0046875 0.009375
0 0.20625 0.65703125 0.009375 0.0140625
0 0.14140625 0.659375 0.009375 0.0140625
0 0.5046875 0.659375 0.0046875 0.009375
0 0.1734375 0.659375 0.0046875 0.009375
0 0.4421875 0.659375 0.009375 0.009375
0 0.553125 0.659375 0.0046875 0.009375
0 0.15078125 0.659375 0.0046875 0.0140625
0 0.2546875 0.659375 0.0046875 0.009375
0 0.403125 0.659375 0.009375 0.0140625
0 0.16171875 0.659375 0.0046875 0.0140625
0 0.54140625 0.659375 0.0046875 0.009375
0 0.56015625 0.659375 0.009375 0.0140625
0 0.16875 0.66171875 0.009375 0.0140625
0 0.2359375 0.66171875 0.0046875 0.009375
0 0.41875 0.66171875 0.0046875 0.009375
0 0.4515625 0.66171875 0.009375 0.009375
0 0.5671875 0.66171875 0.009375 0.0140625
0 0.29375 0.66171875 0.0140625 0.01875
0 0.4328125 0.66171875 0.0046875 0.0140625
0 0.196875 0.66171875 0.009375 0.01875
0 0.03046875 0.6640625 0.009375 0.0140625
0 0.33359375 0.6640625 0.0140625 0.0140625
0 0.5765625 0.6640625 0.009375 0.0140625
0 0.39140625 0.6640625 0.009375 0.0140625
0 0.1296875 0.66640625 0.009375 0.01875
0 0.490625 0.66640625 0.009375 0.01875
0 0.22890625 0.66640625 0.0046875 0.0140625
0 0.58828125 0.66875 0.009375 0.01875
0 0.31484375 0.66875 0.0140625 0.0140625
0 0.47421875 0.66875 0.009375 0.0140625
0 0.409375 0.67109375 0.0140625 0.01875
0 0.00234375 0.67109375 0.0046875 0.0140625
0 0.37265625 0.6734375 0.0140625 0.01875
0 0.4234375 0.67578125 0.009375 0.0140625
0 0.46796875 0.678125 0.0046875 0.009375
0 0.00703125 0.6828125 0.0046875 0.0140625
0 0.28671875 0.6921875 0.0140625 0.0140625
0 0.44921875 0.69453125 0.01875 0.028125
0 0.3515625 0.69453125 0.0140625 0.028125
0 0.25234375 0.696875 0.0140625 0.01875
0 0.35859375 0.696875 0.0140625 0.0140625
0 0.51640625 0.696875 0.01875 0.028125
0 0.09921875 0.696875 0.01875 0.03203125
0 0.3265625 0.69921875 0.0140625 0.01875
0 0.0484375 0.69921875 0.0140625 0.03203125
0 0.071875 0.7109375 0.01875 0.028125
0 0.284375 0.71953125 0.0140625 0.01875
0 0.29140625 0.75 0.0140625 0.01875