0 0.659375 0.1484375 0.01875 0.0234375
0 0.2453125 0.1484375 0.0140625 0.0234375
0 0.59296875 0.15546875 0.01875 0.028125
0 0.6828125 0.1640625 0.0140625 0.0234375
0 0.56015625 0.01640625 0.0046875 0.0140625
0 0.625 0.18046875 0.0234375 0.028125
0 0.5765625 0.18515625 0.01875 0.0234375
0 0.26640625 0.1875 0.009375 0.0234375
0 0.5578125 0.18984375 0.01875 0.0234375
0 0.60859375 0.18984375 0.0140625 0.0234375
0 0.53671875 0.2015625 0.01875 0.028125
0 0.43515625 0.2015625 0.01875 0.028125
0 0.68984375 0.2015625 0.01875 0.028125
0 0.66171875 0.20625 0.0140625 0.0234375
0 0.5 0.02109375 0.009375 0.0140625
0 0.32421875 0.2109375 0.01875 0.0234375
0 0.5859375 0.215625 0.0140625 0.01875
0 0.2109375 0.215625 0.0140625 0.0234375
0 0.61328125 0.215625 0.0140625 0.0234375
0 0.3125 0.21796875 0.01875 0.028125
0 0.5578125 0.21953125 0.01875 0.0234375
0 0.39140625 0.2265625 0.0234375 0.028125
0 0.52109375 0.2265625 0.01875 0.01875
0 0.64375 0.22890625 0.01875 0.0234375
0 0.72421875 0.23125 0.01875 0.028125
0 0.23359375 0.23125 0.01875 0.0234375
0 0.47890625 0.0234375 0.009375 0.0140625
0 0.49765625 0.240625 0.0140625 0.0234375
0 0.6203125 0.02578125 0.0140625 0.0140625
0 0.19453125 0.2546875 0.01875 0.0234375
0 0.55078125 0.2546875 0.01875 0.028125
0 0.2890625 0.259375 0.0140625 0.0234375
0 0.46328125 0.0046875 0.009375 0.009375
0 0.465625 0.028125 0.009375 0.009375
0 0.36796875 0.26171875 0.01875 0.0234375
0 0.1734375 0.26171875 0.01875 0.0234375
0 0.30078125 0.26171875 0.009375 0.0234375
0 0.59453125 0.26640625 0.01875 0.01875
0 0.134375 0.26640625 0.01875 0.0234375
0 0.6875 0.26875 0.01875 0.0234375
0 0.30546875 0.26875 0.0140625 0.0234375
0 0.24765625 0.2734375 0.01875 0.0234375
0 0.54609375 0.028125 0.009375 0.0140625
0 0.7015625 0.27578125 0.01875 0.0234375
0 0.72421875 0.278125 0.028125 0.0234375
0 0.64140625 0.28046875 0.0140625 0.0234375
0 0.58828125 0.28203125 0.01875 0.0234375
0 0.4328125 0.2890625 0.0234375 0.028125
0 0.2640625 0.2890625 0.01875 0.0234375
0 0.14609375 0.29375 0.028125 0.03671875
0 0.21796875 0.29375 0.01875 0.0234375
0 0.60625 0.03046875 0.0140625 0.0140625
0 0.27578125 0.30078125 0.01875 0.0234375
0 0.29609375 0.30078125 0.0234375 0.0234375
0 0.55546875 0.30078125 0.01875 0.01875
0 0.178125 0.30546875 0.01875 0.0234375
0 0.20859375 0.3125 0.01875 0.028125
0 0.61796875 0.3125 0.01875 0.0234375
0 0.6734375 0.32421875 0.01875 0.028125
0 0.721875 0.32421875 0.0234375 0.03203125
0 0.53046875 0.33359375 0.01875 0.028125
0 0.2359375 0.34296875 0.01875 0.0234375
0 0.59921875 0.346875 0.01875 0.028125
0 0.6109375 0.3515625 0.0140625 0.01875
0 0.24765625 0.3515625 0.01875 0.01875
0 0.58125 0.35625 0.0234375 0.0234375
0 0.65703125 0.03671875 0.0140625 0.01875
0 0.64375 0.36796875 0.03203125 0.028125
0 0.2359375 0.37265625 0.0140625 0.0234375
0 0.38203125 0.375 0.0234375 0.028125
0 0.409375 0.38203125 0.0234375 0.03203125
0 0.28203125 0.3890625 0.0234375 0.028125
0 0.5046875 0.0046875 0.009375 0.009375
0 0.5859375 0.0390625 0.0140625 0.0140625
0 0.25234375 0.39375 0.01875 0.0234375
0 0.19453125 0.3984375 0.0234375 0.03203125
0 0.6203125 0.42109375 0.0234375 0.03203125
0 0.3609375 0.42109375 0.028125 0.03203125
0 0.096875 0.43046875 0.0234375 0.028125
0 0.5625 0.43046875 0.028125 0.03671875
0 0.678125 0.43046875 0.01875 0.03671875
0 0.71328125 0.4375 0.0234375 0.03671875
0 0.52109375 0.04375 0.0140625 0.0140625
0 0.553125 0.465625 0.028125 0.03671875
0 0.27109375 0.47421875 0.028125 0.04140625
0 0.60390625 0.47890625 0.01875 0.028125
0 0.54140625 0.0484375 0.0140625 0.01875
0 0.62734375 0.0484375 0.0140625 0.0140625
0 0.1828125 0.5046875 0.03203125 0.03671875
0 0.4765625 0.51640625 0.0234375 0.028125
0 0.56484375 0.05078125 0.0140625 0.01875
0 0.75234375 0.528125 0.028125 0.03671875
0 0.60390625 0.053125 0.0140625 0.01875
0 0.58359375 0.05546875 0.0140625 0.01875
0 0.471875 0.55078125 0.0234375 0.028125
0 0.65546875 0.0578125 0.0140625 0.01875
0 0.553125 0.57421875 0.028125 0.03671875
0 0.615625 0.5859375 0.03671875 0.04140625
0 0.63671875 0.590625 0.028125 0.03671875
0 0.75 0.60390625 0.028125 0.03671875
0 0.63671875 0.0625 0.0140625 0.0234375
0 0.6015625 0.06484375 0.009375 0.01875
0 0.8078125 0.6390625 0.03203125 0.03671875
0 0.0765625 0.68515625 0.0234375 0.028125
0 0.08125 0.69453125 0.01875 0.03203125
0 0.659375 0.08359375 0.0140625 0.01875
0 0.71328125 0.88671875 0.03671875 0.05546875
0 0.625 0.009375 0.009375 0.0140625
0 0.8171875 0.91875 0.04140625 0.06015625
0 0.8703125 0.92109375 0.03203125 0.04140625
0 0.60625 0.98125 0.04140625 0.03671875
0 0.534375 0.98828125 0.03203125 0.0140625
0 0.65703125 0.1015625 0.0140625 0.0140625