0 0.1484375 0.34453125 0.04140625 0.07421875
0 0.659375 0.38671875 0.0234375 0.01875
0 0.7546875 0.38671875 0.0234375 0.03203125
0 0.96328125 0.39375 0.028125 0.028125
0 0.58359375 0.39609375 0.03203125 0.05078125
0 0.278125 0.39609375 0.03671875 0.04609375
0 0.528125 0.39609375 0.03671875 0.04609375
0 0.4953125 0.3984375 0.03671875 0.03203125
0 0.82421875 0.40078125 0.03203125 0.05078125
0 0.115625 0.40703125 0.03203125 0.04140625
0 0.85625 0.40703125 0.028125 0.05546875
0 0.3609375 0.40703125 0.028125 0.028125
0 0.0625 0.41171875 0.05546875 0.10625
0 0.64140625 0.41171875 0.028125 0.03203125
0 0.259375 0.41171875 0.03203125 0.04140625
0 0.3515625 0.41171875 0.01875 0.01875
0 0.93984375 0.4140625 0.028125 0.03203125
0 0.70859375 0.41640625 0.03671875 0.05546875
0 0.2015625 0.41640625 0.06015625 0.09296875
0 0.67109375 0.41640625 0.028125 0.03671875
0 0.759375 0.41640625 0.03203125 0.05078125
0 0.3171875 0.41640625 0.0234375 0.03671875
0 0.42578125 0.41640625 0.03671875 0.06015625
0 0.45625 0.41640625 0.04140625 0.06953125
0 0.48828125 0.41875 0.03203125 0.03203125
0 0.96328125 0.4234375 0.04140625 0.05546875
0 0.61796875 0.42578125 0.028125 0.03203125
0 0.91171875 0.43046875 0.028125 0.028125
0 0.821875 0.4375 0.04140625 0.06484375
0 0.73828125 0.4375 0.03671875 0.04609375
0 0.77578125 0.43984375 0.028125 0.04609375
0 0.03046875 0.43984375 0.03671875 0.05546875
0 0.3515625 0.44453125 0.04140625 0.05546875
0 0.009375 0.44453125 0.01875 0.05078125
0 0.53203125 0.44453125 0.03671875 0.05078125
0 0.6484375 0.446875 0.03671875 0.04609375
0 0.2453125 0.446875 0.03671875 0.05078125
0 0.57890625 0.446875 0.028125 0.04609375
0 0.39609375 0.44921875 0.04609375 0.07421875
0 0.303125 0.45625 0.04140625 0.06484375
0 0.92109375 0.45625 0.03203125 0.05078125
0 0.60625 0.46953125 0.03203125 0.05078125
0 0.26171875 0.4765625 0.03671875 0.05078125
0 0.49765625 0.4765625 0.05546875 0.06484375