0 0.44921875 0.653125 0.0046875 0.009375
0 0.44453125 0.653125 0.0046875 0.009375
0 0.46328125 0.65546875 0.0046875 0.0046875
0 0.47421875 0.65546875 0.0046875 0.0046875
0 0.48125 0.65546875 0.0046875 0.009375
0 0.45625 0.65546875 0.0046875 0.0046875
0 0.42109375 0.659375 0.0140625 0.01875
0 0.33828125 0.659375 0.0140625 0.01875
0 0.49296875 0.66171875 0.0046875 0.009375
0 0.490625 0.6640625 0.0046875 0.0046875
0 0.403125 0.66875 0.0140625 0.01875
0 0.634375 0.66875 0.01875 0.03203125
0 0.99296875 0.6734375 0.0046875 0.05078125
0 0.965625 0.67109375 0.028125 0.05546875
0 0.53203125 0.6734375 0.0140625 0.0140625
0 0.3703125 0.6734375 0.009375 0.01875
0 0.553125 0.67578125 0.009375 0.009375
0 0.8984375 0.678125 0.028125 0.04140625
0 0.35625 0.678125 0.009375 0.01875
0 0.5046875 0.678125 0.0140625 0.0234375
0 0.5140625 0.678125 0.009375 0.0140625
0 0.47890625 0.68046875 0.0140625 0.0140625
0 0.57421875 0.68046875 0.009375 0.0140625
0 0.53671875 0.6828125 0.0140625 0.0140625
0 0.46328125 0.6828125 0.009375 0.009375
0 0.48828125 0.6828125 0.009375 0.009375
0 0.365625 0.6828125 0.009375 0.01875
0 0.55546875 0.68515625 0.009375 0.009375
0 0.59921875 0.68515625 0.009375 0.0140625
0 0.5625 0.6875 0.009375 0.0140625
0 0.528125 0.6875 0.009375 0.0140625
0 0.43046875 0.68984375 0.009375 0.0140625
0 0.78046875 0.6921875 0.03203125 0.03671875
0 0.43515625 0.6921875 0.0140625 0.0140625
0 0.596875 0.69453125 0.0140625 0.0234375
0 0.53671875 0.69453125 0.009375 0.0140625
0 0.55078125 0.696875 0.0140625 0.0140625
0 0.47421875 0.69921875 0.009375 0.0234375
0 0.58359375 0.69921875 0.0140625 0.028125
0 0.56015625 0.69921875 0.009375 0.0140625
0 0.375 0.69921875 0.0046875 0.0140625
0 0.56953125 0.69921875 0.0140625 0.0140625
0 0.6109375 0.7015625 0.009375 0.01875
0 0.33828125 0.70390625 0.0234375 0.03671875
0 0.409375 0.70390625 0.009375 0.0140625
0 0.6734375 0.70390625 0.03203125 0.03671875
0 0.83359375 0.70625 0.03203125 0.03671875
0 0.48828125 0.70625 0.0234375 0.03203125
0 0.45625 0.70859375 0.028125 0.04140625
0 0.52109375 0.7109375 0.01875 0.028125
0 0.42109375 0.715625 0.01875 0.028125
0 0.8984375 0.71796875 0.03203125 0.06484375
0 0.534375 0.71953125 0.01875 0.03671875
0 0.39140625 0.721875 0.0234375 0.03671875
0 0.65546875 0.72421875 0.03203125 0.05078125
0 0.93984375 0.7265625 0.03671875 0.06953125
0 0.803125 0.73125 0.01875 0.04140625
0 0.5484375 0.73125 0.01875 0.04140625
0 0.23828125 0.73125 0.03671875 0.05078125
0 0.30546875 0.740625 0.0234375 0.05078125
0 0.57421875 0.740625 0.04140625 0.06484375
0 0.47890625 0.74765625 0.04140625 0.06015625
0 0.71328125 0.75 0.01875 0.028125
0 0.7015625 0.7546875 0.0140625 0.0234375
0 0.13671875 0.7640625 0.03203125 0.05078125
0 0.86796875 0.8515625 0.05546875 0.09296875
0 0.696875 0.8796875 0.03671875 0.05078125
0 0.9421875 0.91171875 0.03671875 0.06484375