0 0.49765625 0.1296875 0.03671875 0.05078125
0 0.58828125 0.134375 0.03671875 0.03203125
0 0.8359375 0.0140625 0.03203125 0.028125
0 0.46328125 0.14140625 0.03671875 0.03671875
0 0.39140625 0.14375 0.03671875 0.03203125
0 0.6875 0.14375 0.05078125 0.05078125
0 0.534375 0.15078125 0.0234375 0.05546875
0 0.89375 0.15546875 0.05078125 0.06953125
0 0.92578125 0.1734375 0.04140625 0.06953125
0 0.16875 0.01875 0.03671875 0.03671875
0 0.77578125 0.17578125 0.05078125 0.05078125
0 0.178125 0.17578125 0.03203125 0.05078125
0 0.34921875 0.18515625 0.03203125 0.05546875
0 0.471875 0.02109375 0.028125 0.04140625
0 0.08828125 0.18984375 0.03203125 0.05078125
0 0.41875 0.18984375 0.05078125 0.06953125
0 0.4859375 0.18984375 0.04609375 0.06953125
0 0.59921875 0.1921875 0.03671875 0.06015625
0 0.278125 0.196875 0.03203125 0.03203125
0 0.221875 0.2015625 0.04140625 0.07421875
0 0.65703125 0.20390625 0.05546875 0.07421875
0 0.97890625 0.20859375 0.03203125 0.07421875
0 0.57421875 0.0234375 0.04609375 0.04609375
0 0.653125 0.0234375 0.03671875 0.04609375
0 0.36796875 0.215625 0.04140625 0.06484375
0 0.8609375 0.22890625 0.04609375 0.06015625
0 0.071875 0.23125 0.04140625 0.05078125
0 0.26171875 0.2359375 0.03671875 0.06015625
0 0.9234375 0.02578125 0.03203125 0.05078125
0 0.33828125 0.02578125 0.03671875 0.05078125
0 0.77578125 0.240625 0.04140625 0.05546875
0 0.5484375 0.24296875 0.06015625 0.07421875
0 0.30546875 0.2453125 0.05078125 0.06015625
0 0.19921875 0.2546875 0.06015625 0.05546875
0 0.7015625 0.2546875 0.03203125 0.04609375
0 0.96953125 0.25703125 0.05078125 0.06953125
0 0.43046875 0.26171875 0.05078125 0.05546875
0 0.09296875 0.278125 0.03203125 0.05546875
0 0.659375 0.28203125 0.05546875 0.07421875
0 0.58828125 0.284375 0.05078125 0.06484375
0 0.34921875 0.28671875 0.04140625 0.08359375
0 0.17109375 0.29140625 0.04609375 0.08359375
0 0.784375 0.03046875 0.03203125 0.05546875
0 0.2984375 0.30078125 0.04609375 0.04609375
0 0.840625 0.3078125 0.05078125 0.06015625
0 0.88671875 0.3078125 0.03203125 0.06015625
0 0.23125 0.3078125 0.05078125 0.08828125
0 0.3984375 0.31015625 0.05546875 0.05546875
0 0.78203125 0.3125 0.04140625 0.06484375
0 0.428125 0.03203125 0.03203125 0.05546875
0 0.03671875 0.3125 0.06484375 0.08359375
0 0.1296875 0.321875 0.05546875 0.07421875
0 0.715625 0.32421875 0.04140625 0.06953125
0 0.9234375 0.34453125 0.04140625 0.07890625
0 0.5578125 0.346875 0.05078125 0.07421875
0 0.6921875 0.3515625 0.03671875 0.08359375
0 0.971875 0.35625 0.05078125 0.1203125
0 0.26875 0.3609375 0.06953125 0.08359375
0 0.83125 0.36328125 0.05546875 0.05546875
0 0.88203125 0.37265625 0.04609375 0.07421875
0 0.07890625 0.384375 0.06484375 0.09296875
0 0.97890625 0.0390625 0.04140625 0.06953125
0 0.403125 0.39375 0.03671875 0.06953125
0 0.45859375 0.39609375 0.04609375 0.06953125
0 0.1734375 0.3984375 0.05546875 0.03671875
0 0.61796875 0.04140625 0.04609375 0.06484375
0 0.7890625 0.4234375 0.03203125 0.09296875
0 0.75 0.42578125 0.04609375 0.09296875
0 0.5234375 0.428125 0.04609375 0.08828125
0 0.59296875 0.43515625 0.05078125 0.06484375
0 0.56015625 0.4421875 0.028125 0.05078125
0 0.84453125 0.446875 0.07890625 0.06015625
0 0.69453125 0.44921875 0.04609375 0.05078125
0 0.16640625 0.45390625 0.04140625 0.05546875
0 0.05546875 0.46953125 0.03203125 0.07421875
0 0.8359375 0.0484375 0.03203125 0.05078125
0 0.409375 0.4765625 0.04609375 0.07890625
0 0.02109375 0.48359375 0.04140625 0.08828125
0 0.2109375 0.48828125 0.06953125 0.08828125
0 0.96328125 0.490625 0.04140625 0.06953125
0 0.27109375 0.490625 0.05078125 0.08359375
0 0.346875 0.490625 0.05078125 0.07890625
0 0.446875 0.490625 0.03203125 0.06015625
0 0.81953125 0.50234375 0.06953125 0.06015625
0 0.90546875 0.50703125 0.07421875 0.1296875
0 0.3796875 0.05078125 0.03671875 0.04609375
0 0.49296875 0.05078125 0.03671875 0.05546875
0 0.69921875 0.51875 0.05546875 0.096875
0 0.53046875 0.5234375 0.03203125 0.06015625
0 0.1921875 0.053125 0.05078125 0.06015625
0 0.57421875 0.53046875 0.06015625 0.09296875
0 0.06484375 0.053125 0.05078125 0.04140625
0 0.840625 0.57890625 0.07421875 0.096875
0 0.17109375 0.57890625 0.06953125 0.10625
0 0.740625 0.0578125 0.03671875 0.06015625
0 0.375 0.590625 0.05546875 0.09296875
0 0.715625 0.596875 0.05546875 0.05078125
0 0.9765625 0.6015625 0.03671875 0.1390625
0 0.23125 0.60390625 0.07421875 0.08828125
0 0.02578125 0.60390625 0.05078125 0.096875
0 0.53671875 0.61328125 0.06015625 0.08359375
0 0.45625 0.625 0.07421875 0.1015625
0 0.63203125 0.64140625 0.05546875 0.1015625
0 0.9859375 0.659375 0.0234375 0.1109375
0 0.88671875 0.0671875 0.04609375 0.06953125
0 0.1015625 0.67578125 0.06953125 0.10625
0 0.28046875 0.67578125 0.07421875 0.07421875
0 0.696875 0.6875 0.06015625 0.09296875
0 0.90078125 0.70390625 0.07421875 0.08359375
0 0.24765625 0.721875 0.06015625 0.05546875
0 0.534375 0.7265625 0.07421875 0.096875
0 0.028125 0.740625 0.05546875 0.08828125
0 0.16171875 0.75 0.07421875 0.1203125
0 0.2640625 0.78203125 0.06484375 0.07890625
0 0.40703125 0.78671875 0.06484375 0.10625
0 0.90703125 0.79140625 0.06484375 0.08359375
0 0.971875 0.821875 0.05546875 0.08828125
0 0.64375 0.821875 0.06484375 0.1203125
0 0.07890625 0.84921875 0.06015625 0.07421875
0 0.32421875 0.090625 0.04609375 0.06484375
0 0.51171875 0.090625 0.04140625 0.04140625
0 0.74765625 0.90703125 0.06484375 0.115625
0 0.24296875 0.91640625 0.08359375 0.1203125
0 0.03671875 0.91875 0.06484375 0.125
0 0.93984375 0.928125 0.08828125 0.14375
0 0.928125 0.09453125 0.04140625 0.05078125
0 0.73828125 0.9765625 0.1015625 0.04609375
0 0.05546875 0.10390625 0.05078125 0.06953125
0 0.72421875 0.10859375 0.05078125 0.06015625
0 0.8796875 0.01171875 0.03671875 0.0234375
0 0.740625 0.01171875 0.04140625 0.0234375
0 0.78203125 0.115625 0.03671875 0.06484375
0 0.21953125 0.115625 0.03203125 0.05546875
0 0.409375 0.115625 0.04609375 0.03671875
0 0.75703125 0.115625 0.03203125 0.07421875
0 0.61328125 0.11796875 0.04140625 0.03671875
0 0.1203125 0.1203125 0.04140625 0.07421875
0 0.26640625 0.12265625 0.04609375 0.07890625
0 0.35859375 0.12265625 0.01875 0.05078125
0 0.821875 0.12265625 0.04140625 0.06953125
0 0.9515625 0.125 0.04140625 0.05078125