0 0.31015625 0.27109375 0.009375 0.009375
0 0.3890625 0.27109375 0.009375 0.009375
0 0.41171875 0.27109375 0.009375 0.009375
0 0.625 0.27109375 0.009375 0.009375
0 0.33828125 0.2734375 0.009375 0.009375
0 0.34453125 0.2734375 0.009375 0.0046875
0 0.42578125 0.27578125 0.009375 0.009375
0 0.27578125 0.27578125 0.01875 0.0140625
0 0.4328125 0.27578125 0.0046875 0.009375
0 0.33125 0.27578125 0.009375 0.009375
0 0.45625 0.278125 0.0046875 0.0046875
0 0.01171875 0.28046875 0.01875 0.03203125
0 0.25 0.28046875 0.01875 0.0234375
0 0.490625 0.28046875 0.009375 0.0046875
0 0.50234375 0.28046875 0.0046875 0.009375
0 0.02578125 0.28046875 0.028125 0.04609375
0 0.35859375 0.28046875 0.0140625 0.01875
0 0.4421875 0.28046875 0.009375 0.009375
0 0.48359375 0.28203125 0.0046875 0.009375
0 0.39609375 0.28203125 0.009375 0.0140625
0 0.52578125 0.28203125 0.009375 0.009375
0 0.4953125 0.284375 0.009375 0.0140625
0 0.46328125 0.284375 0.009375 0.009375
0 0.375 0.284375 0.01875 0.0234375
0 0.4234375 0.28671875 0.009375 0.0140625
0 0.1484375 0.28671875 0.01875 0.03203125
0 0.346875 0.28671875 0.009375 0.009375
0 0.534375 0.28671875 0.009375 0.0140625
0 0.55546875 0.28671875 0.0046875 0.0046875
0 0.41171875 0.2890625 0.009375 0.0046875
0 0.46953125 0.2890625 0.0046875 0.009375
0 0.54140625 0.29140625 0.0046875 0.009375
0 0.38671875 0.29140625 0.009375 0.009375
0 0.50234375 0.29140625 0.0046875 0.0046875
0 0.284375 0.29375 0.0234375 0.028125
0 0.48125 0.29375 0.0046875 0.0140625
0 0.528125 0.29609375 0.0046875 0.009375
0 0.31953125 0.29609375 0.0140625 0.0234375
0 0.653125 0.29609375 0.009375 0.009375
0 0.58359375 0.29609375 0.0046875 0.009375
0 0.44921875 0.2984375 0.0234375 0.028125
0 0.64140625 0.2984375 0.009375 0.009375
0 0.30078125 0.30078125 0.0140625 0.0234375
0 0.11796875 0.303125 0.01875 0.03203125
0 0.2453125 0.3078125 0.0234375 0.028125
0 0.53671875 0.3078125 0.0140625 0.0140625
0 0.5578125 0.3078125 0.0046875 0.009375
0 0.5765625 0.3078125 0.009375 0.0140625
0 0.93984375 0.31015625 0.0140625 0.0140625
0 0.59296875 0.31015625 0.009375 0.009375
0 0.1640625 0.3125 0.01875 0.04140625
0 0.52578125 0.3125 0.009375 0.0140625
0 0.403125 0.31484375 0.01875 0.0234375
0 0.56953125 0.3171875 0.009375 0.0140625
0 0.17578125 0.3171875 0.0234375 0.04140625
0 0.0578125 0.31953125 0.06015625 0.07890625
0 0.43046875 0.31953125 0.0140625 0.0234375
0 0.971875 0.32421875 0.04609375 0.04609375
0 0.67109375 0.321875 0.01875 0.0234375
0 0.64609375 0.321875 0.01875 0.0234375
0 0.70859375 0.32421875 0.028125 0.04140625
0 0.32890625 0.3265625 0.01875 0.0234375
0 0.51875 0.3265625 0.009375 0.009375
0 0.46328125 0.3265625 0.0234375 0.028125
0 0.625 0.32890625 0.01875 0.0234375
0 0.2015625 0.32890625 0.028125 0.04140625
0 0.590625 0.33125 0.01875 0.0234375
0 0.49765625 0.33359375 0.0234375 0.0234375
0 0.61328125 0.33828125 0.01875 0.03203125
0 0.73359375 0.33828125 0.01875 0.028125
0 0.68984375 0.340625 0.01875 0.0234375
0 0.37265625 0.35625 0.06953125 0.096875
0 0.8171875 0.35625 0.03671875 0.04609375
0 0.12265625 0.36328125 0.03671875 0.05078125
0 0.29609375 0.36796875 0.04609375 0.08359375
0 0.553125 0.38203125 0.05078125 0.07890625
0 0.490625 0.3890625 0.03671875 0.06015625
0 0.64140625 0.39375 0.04140625 0.06953125
0 0.68984375 0.3984375 0.05078125 0.08359375
0 0.93984375 0.40703125 0.1109375 0.1296875
0 0.028125 0.53046875 0.05546875 0.134375
0 0.696875 0.55078125 0.08828125 0.14375