0 0.134375 0.19921875 0.03203125 0.06953125
0 0.6734375 0.20390625 0.01875 0.04609375
0 0.79140625 0.20390625 0.0234375 0.05078125
0 0.534375 0.21328125 0.0140625 0.03671875
0 0.3125 0.215625 0.0234375 0.04609375
0 0.39375 0.215625 0.0234375 0.04609375
0 0.99296875 0.21953125 0.009375 0.05546875
0 0.221875 0.21796875 0.0140625 0.04140625
0 0.778125 0.21796875 0.0234375 0.04609375
0 0.1921875 0.221875 0.028125 0.06953125
0 0.64609375 0.22421875 0.0234375 0.04609375
0 0.29609375 0.2265625 0.01875 0.01875
0 0.33828125 0.23125 0.01875 0.03671875
0 0.23828125 0.2359375 0.01875 0.028125
0 0.509375 0.23828125 0.0140625 0.03671875
0 0.84296875 0.24296875 0.01875 0.05546875
0 0.12265625 0.2453125 0.0234375 0.06953125
0 0.28046875 0.2453125 0.0234375 0.04140625
0 0.903125 0.24765625 0.03203125 0.05546875
0 0.25703125 0.25234375 0.0140625 0.028125
0 0.46328125 0.25234375 0.0140625 0.04140625
0 0.52578125 0.25234375 0.01875 0.03203125
0 0.403125 0.2546875 0.0140625 0.028125
0 0.3125 0.2546875 0.01875 0.05078125
0 0.490625 0.2546875 0.009375 0.01875
0 0.44921875 0.25703125 0.01875 0.04140625
0 0.33828125 0.259375 0.0140625 0.0234375
0 0.38671875 0.2640625 0.01875 0.03671875
0 0.47890625 0.2640625 0.009375 0.03203125
0 0.240625 0.26875 0.01875 0.03671875
0 0.5 0.27109375 0.0140625 0.03203125
0 0.30078125 0.27109375 0.0234375 0.05078125
0 0.3609375 0.2734375 0.0234375 0.03671875
0 0.553125 0.2734375 0.0140625 0.028125
0 0.32890625 0.2734375 0.0234375 0.0234375
0 0.58125 0.2734375 0.01875 0.03671875
0 0.2640625 0.27578125 0.01875 0.04140625
0 0.27578125 0.27578125 0.0140625 0.04609375
0 0.6640625 0.27578125 0.01875 0.04140625
0 0.64140625 0.27578125 0.01875 0.03203125
0 0.72421875 0.27578125 0.0140625 0.03671875
0 0.54140625 0.278125 0.01875 0.04140625
0 0.68046875 0.28046875 0.01875 0.03671875
0 0.446875 0.28046875 0.0140625 0.03671875
0 0.01875 0.03046875 0.01875 0.04140625
0 0.153125 0.28203125 0.03203125 0.08359375
0 0.6296875 0.284375 0.0140625 0.01875
0 0.4328125 0.284375 0.01875 0.03203125
0 0.409375 0.28671875 0.0140625 0.04140625
0 0.53046875 0.29140625 0.0140625 0.03671875
0 0.46796875 0.29375 0.0234375 0.028125
0 0.87734375 0.29375 0.03203125 0.06953125
0 0.70625 0.29375 0.01875 0.03671875
0 0.78203125 0.29375 0.01875 0.05078125
0 0.3890625 0.2984375 0.0234375 0.03671875
0 0.221875 0.2984375 0.0234375 0.06015625
0 0.7546875 0.30078125 0.01875 0.05546875
0 0.9140625 0.303125 0.01875 0.04609375
0 0.51875 0.303125 0.0140625 0.03203125
0 0.56953125 0.30546875 0.01875 0.05546875
0 0.7359375 0.30546875 0.01875 0.04609375
0 0.31484375 0.30546875 0.0234375 0.03203125
0 0.23828125 0.3078125 0.01875 0.04609375
0 0.36328125 0.3078125 0.01875 0.03671875
0 0.26171875 0.31015625 0.0234375 0.06953125
0 0.340625 0.31015625 0.0234375 0.05546875
0 0.51171875 0.3125 0.01875 0.03671875
0 0.59921875 0.3171875 0.0234375 0.05546875
0 0.659375 0.32421875 0.01875 0.04140625
0 0.6296875 0.3265625 0.0234375 0.04140625
0 0.4421875 0.32890625 0.0234375 0.04609375
0 0.54140625 0.32890625 0.01875 0.04609375
0 0.68515625 0.32890625 0.0140625 0.03671875
0 0.33359375 0.33125 0.01875 0.04140625
0 0.96796875 0.3359375 0.03203125 0.06953125
0 0.4859375 0.340625 0.0234375 0.06015625
0 0.70390625 0.340625 0.01875 0.03203125
0 0.75234375 0.34296875 0.01875 0.05078125
0 0.3890625 0.34453125 0.01875 0.05078125
0 0.28203125 0.346875 0.01875 0.07421875
0 0.375 0.3515625 0.028125 0.06484375
0 0.821875 0.3515625 0.03671875 0.08828125
0 0.85625 0.35390625 0.028125 0.07421875
0 0.59296875 0.35390625 0.028125 0.04140625
0 0.8890625 0.35859375 0.03203125 0.06484375
0 0.34453125 0.3609375 0.0234375 0.05546875
0 0.534375 0.36328125 0.028125 0.06953125
0 0.7359375 0.36796875 0.028125 0.06484375
0 0.93984375 0.36796875 0.03203125 0.07421875
0 0.46953125 0.36796875 0.0234375 0.04140625
0 0.56484375 0.36796875 0.01875 0.05546875
0 0.24765625 0.375 0.0234375 0.07421875
0 0.82421875 0.0390625 0.0234375 0.04140625
0 0.71328125 0.37734375 0.028125 0.03671875
0 0.3171875 0.37734375 0.03671875 0.08359375
0 0.3703125 0.3796875 0.0234375 0.04609375
0 0.6484375 0.38203125 0.028125 0.06484375
0 0.44453125 0.3890625 0.01875 0.05078125
0 0.9859375 0.40703125 0.028125 0.07890625
0 0.60390625 0.40546875 0.03203125 0.06015625
0 0.7984375 0.40546875 0.03671875 0.04609375
0 0.70859375 0.41171875 0.03203125 0.05078125
0 0.41875 0.4140625 0.0234375 0.05546875
0 0.528125 0.41640625 0.03203125 0.06015625
0 0.2984375 0.41875 0.03203125 0.07421875
0 0.1640625 0.42578125 0.03671875 0.07890625
0 0.85390625 0.4328125 0.03203125 0.06953125
0 0.0390625 0.04375 0.028125 0.05546875
0 0.4765625 0.43515625 0.0234375 0.07421875
0 0.38203125 0.43984375 0.028125 0.08828125
0 0.25703125 0.4421875 0.03203125 0.07421875
0 0.90703125 0.44453125 0.04140625 0.07890625
0 0.74765625 0.4515625 0.04140625 0.08359375
0 0.821875 0.4515625 0.04140625 0.06953125
0 0.45625 0.46328125 0.028125 0.08828125
0 0.5140625 0.465625 0.028125 0.08828125
0 0.2109375 0.46796875 0.03203125 0.04140625
0 0.36328125 0.47421875 0.03203125 0.09296875
0 0.79375 0.4765625 0.05078125 0.06015625
0 0.14609375 0.48359375 0.04140625 0.08828125
0 0.6484375 0.48359375 0.03671875 0.08359375
0 0.70390625 0.48359375 0.04609375 0.08828125
0 0.60390625 0.49296875 0.03203125 0.07890625
0 0.54609375 0.4953125 0.03203125 0.08828125
0 0.4328125 0.49765625 0.03203125 0.08828125
0 0.01640625 0.50703125 0.03203125 0.08828125
0 0.29375 0.51171875 0.03671875 0.08828125
0 0.10390625 0.51171875 0.06015625 0.06015625
0 0.23359375 0.53671875 0.03671875 0.08828125
0 0.7890625 0.5390625 0.03203125 0.08828125
0 0.571875 0.05546875 0.01875 0.0234375
0 0.596875 0.05546875 0.01875 0.01875
0 0.65546875 0.5671875 0.03671875 0.07421875
0 0.821875 0.5765625 0.03203125 0.07890625
0 0.70390625 0.57890625 0.04140625 0.1109375
0 0.72421875 0.0578125 0.0140625 0.0234375
0 0.77578125 0.06015625 0.009375 0.03203125
0 0.1109375 0.59296875 0.04140625 0.096875
0 0.3359375 0.596875 0.04609375 0.096875
0 0.965625 0.596875 0.06015625 0.1296875
0 0.43046875 0.6296875 0.05078125 0.096875
0 0.70390625 0.06484375 0.01875 0.03671875
0 0.08125 0.0671875 0.01875 0.03671875
0 0.625 0.0671875 0.0140625 0.0234375
0 0.53203125 0.66875 0.05078125 0.10625
0 0.30546875 0.06953125 0.0140625 0.04609375
0 0.19453125 0.06953125 0.0234375 0.06015625
0 0.74296875 0.70390625 0.03671875 0.08828125
0 0.278125 0.70390625 0.05078125 0.115625
0 0.28671875 0.071875 0.01875 0.05078125
0 0.02109375 0.071875 0.03671875 0.06953125
0 0.36796875 0.071875 0.009375 0.0234375
0 0.01875 0.71796875 0.03671875 0.09296875
0 0.6828125 0.07421875 0.0234375 0.04609375
0 0.24765625 0.07421875 0.0140625 0.03203125
0 0.93046875 0.7453125 0.06015625 0.1390625
0 0.5578125 0.0765625 0.0140625 0.028125
0 0.32421875 0.0765625 0.0140625 0.028125
0 0.2015625 0.76640625 0.06484375 0.134375
0 0.59296875 0.0765625 0.0140625 0.0234375
0 0.17109375 0.07890625 0.03203125 0.07421875
0 0.3890625 0.07890625 0.0140625 0.03203125
0 0.81484375 0.7890625 0.06015625 0.14375
0 0.340625 0.08125 0.0140625 0.028125
0 0.51171875 0.08125 0.01875 0.04140625
0 0.48125 0.82890625 0.06015625 0.17578125
0 0.1203125 0.08359375 0.0234375 0.07421875
0 0.54375 0.0859375 0.0140625 0.028125
0 0.571875 0.0859375 0.01875 0.04140625
0 0.79375 0.0859375 0.01875 0.04609375
0 0.06015625 0.0859375 0.03203125 0.07890625
0 0.64609375 0.0859375 0.0140625 0.03671875
0 0.72421875 0.0859375 0.01875 0.04140625
0 0.67109375 0.08828125 0.01875 0.03203125
0 0.7453125 0.86796875 0.05546875 0.1296875
0 0.05546875 0.86796875 0.05078125 0.1296875
0 0.9765625 0.884375 0.04609375 0.221875
0 0.5234375 0.08828125 0.0140625 0.028125
0 0.659375 0.08828125 0.0140625 0.04140625
0 0.215625 0.090625 0.01875 0.04140625
0 0.27578125 0.090625 0.01875 0.04609375
0 0.465625 0.090625 0.0140625 0.03671875
0 0.75 0.090625 0.01875 0.05078125
0 0.38203125 0.09296875 0.0140625 0.03203125
0 0.4859375 0.09296875 0.0140625 0.028125
0 0.33828125 0.90703125 0.05546875 0.134375
0 0.96328125 0.09296875 0.028125 0.06953125
0 0.10859375 0.09296875 0.0234375 0.06953125
0 0.41171875 0.09296875 0.01875 0.04609375
0 0.625 0.9328125 0.05546875 0.1296875
0 0.14375 0.09453125 0.028125 0.06953125
0 0.49765625 0.096875 0.0140625 0.0234375
0 0.73359375 0.096875 0.0140625 0.03671875
0 0.77578125 0.096875 0.0140625 0.03671875
0 0.184375 0.96484375 0.09375 0.0703125
0 0.83359375 0.096875 0.03203125 0.07890625
0 0.259375 0.1015625 0.0140625 0.04140625
0 0.35625 0.1015625 0.01875 0.04140625
0 0.6296875 0.1015625 0.0140625 0.04140625
0 0.43984375 0.1015625 0.0140625 0.03671875
0 0.60625 0.1015625 0.01875 0.04609375
0 0.29609375 0.10390625 0.01875 0.05078125
0 0.53203125 0.10390625 0.01875 0.04609375
0 0.45390625 0.10390625 0.01875 0.04609375
0 0.7015625 0.10625 0.01875 0.03671875
0 0.7640625 0.10625 0.0140625 0.03203125
0 0.37265625 0.10625 0.01875 0.03671875
0 0.43046875 0.10625 0.0140625 0.04140625
0 0.221875 0.10625 0.009375 0.03671875
0 0.33125 0.1109375 0.0140625 0.03203125
0 0.346875 0.1109375 0.0140625 0.028125
0 0.2109375 0.1109375 0.009375 0.04140625
0 0.52109375 0.11328125 0.0140625 0.0234375
0 0.09453125 0.11328125 0.028125 0.07421875
0 0.3171875 0.11328125 0.01875 0.04609375
0 0.40546875 0.11328125 0.0140625 0.03203125
0 0.240625 0.11796875 0.01875 0.05078125
0 0.48125 0.1203125 0.01875 0.03671875
0 0.22890625 0.12734375 0.009375 0.03203125
0 0.01640625 0.14140625 0.03203125 0.10625
0 0.0484375 0.15546875 0.03203125 0.08828125
0 0.409375 0.1640625 0.0234375 0.04140625
0 0.446875 0.16875 0.0234375 0.04140625
0 0.8125 0.01875 0.0234375 0.03671875
0 0.70390625 0.17109375 0.0234375 0.05078125
0 0.73828125 0.17109375 0.0234375 0.05546875
0 0.7640625 0.1734375 0.01875 0.05546875
0 0.4765625 0.17578125 0.0234375 0.04140625
0 0.10390625 0.1828125 0.03203125 0.04140625