0 0.4234375 0.31015625 0.009375 0.009375
0 0.54140625 0.32890625 0.009375 0.01875
0 0.784375 0.33359375 0.009375 0.0140625
0 0.53203125 0.33359375 0.0046875 0.0140625
0 0.6828125 0.33828125 0.009375 0.0140625
0 0.596875 0.34296875 0.009375 0.009375
0 0.634375 0.34296875 0.009375 0.0140625
0 0.6875 0.34296875 0.0140625 0.01875
0 0.67578125 0.34296875 0.009375 0.0140625
0 0.81015625 0.34296875 0.0046875 0.0140625
0 0.59296875 0.34296875 0.0046875 0.0046875
0 0.6203125 0.34453125 0.009375 0.0046875
0 0.6296875 0.346875 0.009375 0.009375
0 0.7453125 0.34921875 0.009375 0.0140625
0 0.73828125 0.34921875 0.009375 0.0140625
0 0.72421875 0.35859375 0.01875 0.028125
0 0.59921875 0.35859375 0.009375 0.0140625
0 0.58359375 0.36328125 0.01875 0.03203125
0 0.9328125 0.365625 0.01875 0.0234375
0 0.43046875 0.365625 0.03671875 0.05078125
0 0.875 0.3703125 0.028125 0.04609375
0 0.9234375 0.37265625 0.01875 0.0234375
0 0.490625 0.37265625 0.0140625 0.01875
0 0.60390625 0.37265625 0.009375 0.0140625
0 0.5671875 0.375 0.01875 0.0234375
0 0.6390625 0.375 0.009375 0.0140625
0 0.54375 0.375 0.009375 0.0140625
0 0.36328125 0.37734375 0.0140625 0.009375
0 0.653125 0.37734375 0.009375 0.0140625
0 0.6296875 0.3796875 0.009375 0.0140625
0 0.528125 0.3796875 0.009375 0.0140625
0 0.38203125 0.3796875 0.0046875 0.009375
0 0.5140625 0.3796875 0.0140625 0.01875
0 0.596875 0.3796875 0.0140625 0.0140625
0 0.5484375 0.38203125 0.0140625 0.01875
0 0.29609375 0.38203125 0.009375 0.0140625
0 0.62265625 0.384375 0.0140625 0.01875
0 0.68515625 0.384375 0.01875 0.0234375
0 0.3984375 0.384375 0.0140625 0.01875
0 0.47890625 0.384375 0.009375 0.0140625
0 0.54140625 0.384375 0.0140625 0.0140625
0 0.31484375 0.38671875 0.009375 0.0140625
0 0.3515625 0.3890625 0.0046875 0.009375
0 0.31953125 0.39140625 0.0046875 0.0140625
0 0.346875 0.39140625 0.0046875 0.009375
0 0.52109375 0.39140625 0.01875 0.0234375
0 0.64609375 0.39375 0.01875 0.0234375
0 0.36328125 0.39375 0.0140625 0.0140625
0 0.35625 0.39609375 0.0140625 0.01875
0 0.26640625 0.39609375 0.0234375 0.03203125
0 0.33359375 0.39609375 0.0140625 0.01875
0 0.62734375 0.39609375 0.0140625 0.0234375
0 0.23828125 0.39609375 0.01875 0.028125
0 0.2984375 0.39609375 0.009375 0.0140625
0 0.3078125 0.3984375 0.009375 0.0140625
0 0.48125 0.3984375 0.0140625 0.0140625
0 0.37734375 0.3984375 0.01875 0.0234375
0 0.965625 0.40078125 0.028125 0.04609375
0 0.34296875 0.40078125 0.0140625 0.01875
0 0.3125 0.40703125 0.0140625 0.0140625
0 0.29609375 0.41171875 0.0140625 0.01875
0 0.11328125 0.428125 0.04140625 0.05546875
0 0.321875 0.43984375 0.0140625 0.0234375
0 0.29609375 0.52578125 0.0234375 0.04140625
0 0.1109375 0.64140625 0.03203125 0.05078125