0 0.35390625 0.23359375 0.06953125 0.08359375
0 0.44921875 0.23359375 0.06015625 0.07890625
0 0.17109375 0.2359375 0.06953125 0.06953125
0 0.0625 0.2453125 0.07890625 0.06015625
0 0.534375 0.2546875 0.05546875 0.09296875
0 0.596875 0.2546875 0.06484375 0.09296875
0 0.68046875 0.28046875 0.05546875 0.06015625
0 0.2890625 0.28671875 0.04609375 0.06484375
0 0.09921875 0.28671875 0.07890625 0.06953125
0 0.34453125 0.31015625 0.05078125 0.07890625
0 0.15703125 0.31953125 0.06484375 0.09296875
0 0.50234375 0.321875 0.06015625 0.06953125
0 0.428125 0.3265625 0.04609375 0.05546875
0 0.6484375 0.3265625 0.05546875 0.08828125
0 0.259375 0.33125 0.06015625 0.08828125
0 0.57421875 0.346875 0.04140625 0.06953125
0 0.77109375 0.346875 0.03671875 0.05078125
0 0.69921875 0.35390625 0.05078125 0.07890625
0 0.096875 0.3796875 0.096875 0.1015625
0 0.39140625 0.39140625 0.07421875 0.096875
0 0.6484375 0.3984375 0.05546875 0.06953125
0 0.73828125 0.3984375 0.06484375 0.07890625
0 0.54140625 0.40078125 0.06484375 0.1015625
0 0.79140625 0.40078125 0.05078125 0.06484375
0 0.91640625 0.40078125 0.06484375 0.08359375
0 0.02109375 0.403125 0.04140625 0.05546875
0 0.23125 0.4140625 0.07421875 0.08828125
0 0.48125 0.41640625 0.05078125 0.08359375
0 0.29609375 0.4234375 0.06953125 0.1109375
0 0.5859375 0.45390625 0.06015625 0.08828125
0 0.97890625 0.45625 0.03203125 0.06953125
0 0.6640625 0.4609375 0.06953125 0.08828125
0 0.45859375 0.46328125 0.06953125 0.08359375
0 0.76171875 0.471875 0.06015625 0.08359375
0 0.82421875 0.4765625 0.06015625 0.07890625
0 0.90703125 0.47890625 0.06484375 0.08359375
0 0.13203125 0.48125 0.07890625 0.096875
0 0.0390625 0.4828125 0.078125 0.096875
0 0.40546875 0.490625 0.05078125 0.07421875
0 0.21953125 0.4953125 0.06953125 0.06484375
0 0.31015625 0.50234375 0.06953125 0.08828125
0 0.96953125 0.54609375 0.06015625 0.08359375
0 0.90546875 0.56015625 0.06015625 0.08828125
0 0.84296875 0.571875 0.07421875 0.096875
0 0.26171875 0.5765625 0.08828125 0.1296875
0 0.6109375 0.58125 0.06484375 0.10625
0 0.759375 0.58125 0.05546875 0.08828125
0 0.69921875 0.58359375 0.07421875 0.1296875
0 0.45859375 0.590625 0.07421875 0.10625
0 0.36796875 0.59453125 0.08359375 0.115625
0 0.553125 0.596875 0.06015625 0.1015625
0 0.07890625 0.596875 0.09296875 0.1109375
0 0.1875 0.6015625 0.07421875 0.1109375