0 0.34296875 0.278125 0.07421875 0.115625
0 0.0484375 0.32890625 0.096875 0.1484375
0 0.96328125 0.33359375 0.06953125 0.1296875
0 0.61328125 0.33359375 0.05546875 0.08828125
0 0.47890625 0.3359375 0.04609375 0.09296875
0 0.84921875 0.37265625 0.06015625 0.09296875
0 0.3796875 0.39609375 0.06484375 0.096875
0 0.26171875 0.4140625 0.07421875 0.1109375
0 0.68515625 0.4234375 0.07421875 0.1015625
0 0.784375 0.46796875 0.06953125 0.1015625
0 0.53046875 0.48828125 0.05078125 0.08828125
0 0.18984375 0.49296875 0.06953125 0.1296875
0 0.965625 0.56015625 0.06484375 0.08359375
0 0.65703125 0.60625 0.08828125 0.1296875
0 0.39375 0.721875 0.07890625 0.125
0 0.79140625 0.21953125 0.06015625 0.10625