0 0.96796875 0.1828125 0.01875 0.01875
0 0.803125 0.18984375 0.01875 0.0234375
0 0.78203125 0.1921875 0.0140625 0.01875
0 0.85625 0.196875 0.0234375 0.03203125
0 0.00703125 0.196875 0.0140625 0.028125
0 0.54609375 0.196875 0.0140625 0.01875
0 0.7640625 0.19921875 0.0140625 0.03203125
0 0.884375 0.19921875 0.01875 0.028125
0 0.18046875 0.2015625 0.0234375 0.01875
0 0.8125 0.20390625 0.009375 0.009375
0 0.8171875 0.20625 0.0140625 0.01875
0 0.75 0.20625 0.03203125 0.04140625
0 0.6296875 0.2109375 0.0140625 0.01875
0 0.590625 0.21328125 0.01875 0.0140625
0 0.91640625 0.215625 0.01875 0.04609375
0 0.7984375 0.21953125 0.0234375 0.028125
0 0.0765625 0.21953125 0.028125 0.04140625
0 0.034375 0.221875 0.04140625 0.03203125
0 0.9515625 0.221875 0.01875 0.03671875
0 0.71328125 0.221875 0.01875 0.01875
0 0.21796875 0.22421875 0.03671875 0.03671875
0 0.509375 0.22421875 0.028125 0.03671875
0 0.66171875 0.22421875 0.01875 0.0234375
0 0.2890625 0.22890625 0.0140625 0.01875
0 0.27578125 0.23359375 0.01875 0.028125
0 0.17578125 0.2359375 0.0234375 0.03203125
0 0.3078125 0.2359375 0.0140625 0.028125
0 0.13203125 0.23828125 0.028125 0.028125
0 0.9953125 0.23828125 0.009375 0.06015625
0 0.41640625 0.24296875 0.028125 0.0234375
0 0.34453125 0.24296875 0.0234375 0.0234375
0 0.8703125 0.25 0.028125 0.04140625
0 0.83828125 0.2546875 0.03203125 0.04609375
0 0.80078125 0.25703125 0.01875 0.028125
0 0.678125 0.2640625 0.03671875 0.04609375
0 0.715625 0.2734375 0.03671875 0.03671875
0 0.04140625 0.2734375 0.04140625 0.04140625
0 0.21953125 0.278125 0.04140625 0.05078125
0 0.31015625 0.278125 0.0234375 0.03203125
0 0.43984375 0.28046875 0.03671875 0.03671875
0 0.41640625 0.28203125 0.0234375 0.04609375
0 0.38671875 0.2890625 0.03671875 0.05546875
0 0.51640625 0.2890625 0.01875 0.03671875
0 0.1203125 0.29140625 0.0234375 0.04609375
0 0.34453125 0.29375 0.0234375 0.05078125
0 0.5765625 0.2984375 0.03203125 0.0234375
0 0.68046875 0.303125 0.03203125 0.028125
0 0.95625 0.30546875 0.028125 0.04609375
0 0.8609375 0.31015625 0.05078125 0.05546875
0 0.2546875 0.31015625 0.04140625 0.04609375
0 0.625 0.3171875 0.0234375 0.03203125
0 0.9859375 0.3171875 0.0234375 0.05078125
0 0.81484375 0.32421875 0.05078125 0.07421875
0 0.48359375 0.33359375 0.06484375 0.06015625
0 0.58828125 0.34296875 0.028125 0.04140625
0 0.03203125 0.34296875 0.03671875 0.05078125
0 0.39609375 0.34921875 0.04140625 0.03671875
0 0.66640625 0.3515625 0.04140625 0.05078125
0 0.14375 0.35390625 0.04609375 0.04609375
0 0.14140625 0.38671875 0.05078125 0.0234375
0 0.75 0.409375 0.03671875 0.08828125
0 0.509375 0.4140625 0.05078125 0.08359375
0 0.403125 0.41640625 0.05546875 0.08359375
0 0.278125 0.41875 0.05546875 0.07890625
0 0.62734375 0.41875 0.04140625 0.07890625
0 0.721875 0.43046875 0.04609375 0.09296875
0 0.03203125 0.44921875 0.05546875 0.08359375
0 0.18984375 0.45390625 0.06953125 0.06953125
0 0.47421875 0.49296875 0.05078125 0.08359375
0 0.80078125 0.6203125 0.04140625 0.05546875