0 0.59921875 0.55078125 0.028125 0.03671875
0 0.22890625 0.5671875 0.03203125 0.03671875
0 0.59921875 0.58359375 0.028125 0.04140625
0 0.125 0.590625 0.0234375 0.04140625
0 0.09921875 0.60390625 0.028125 0.04609375
0 0.50703125 0.60625 0.03203125 0.05546875
0 0.7265625 0.60859375 0.0234375 0.03671875
0 0.25703125 0.61796875 0.028125 0.04609375
0 0.01171875 0.6203125 0.0234375 0.04609375
0 0.32421875 0.62265625 0.0234375 0.03203125
0 0.8125 0.625 0.0140625 0.0234375
0 0.64609375 0.62734375 0.01875 0.01875
0 0.68515625 0.6296875 0.028125 0.04140625
0 0.39609375 0.6296875 0.028125 0.04609375
0 0.43984375 0.63203125 0.0140625 0.0234375
0 0.82890625 0.63203125 0.0234375 0.04140625
0 0.85390625 0.63203125 0.03671875 0.05078125
0 0.134375 0.63203125 0.028125 0.04609375
0 0.159375 0.634375 0.0234375 0.04140625
0 0.66875 0.63671875 0.0234375 0.04609375
0 0.65546875 0.6390625 0.0140625 0.028125
0 0.284375 0.64140625 0.03671875 0.04140625
0 0.3796875 0.64140625 0.0140625 0.028125
0 0.7546875 0.64140625 0.028125 0.04609375
0 0.34453125 0.64140625 0.0140625 0.028125
0 0.6015625 0.64140625 0.028125 0.03671875
0 0.7109375 0.64140625 0.0234375 0.04140625
0 0.55078125 0.64375 0.028125 0.04609375
0 0.41640625 0.64609375 0.0234375 0.04140625
0 0.3125 0.64609375 0.028125 0.04140625
0 0.64140625 0.64609375 0.0234375 0.0234375
0 0.45390625 0.6484375 0.0234375 0.04140625
0 0.36796875 0.6484375 0.028125 0.04140625
0 0.23828125 0.65078125 0.028125 0.03671875
0 0.83828125 0.65078125 0.01875 0.03671875
0 0.56015625 0.65078125 0.028125 0.04140625
0 0.8125 0.65546875 0.03203125 0.04140625
0 0.18984375 0.65703125 0.028125 0.04140625
0 0.7734375 0.659375 0.0140625 0.03203125
0 0.78671875 0.659375 0.028125 0.03671875
0 0.92578125 0.659375 0.03203125 0.04140625
0 0.04140625 0.66171875 0.01875 0.03203125
0 0.73359375 0.66171875 0.028125 0.04140625