0 0.58125 0.240625 0.06953125 0.06484375
0 0.0234375 0.24296875 0.04609375 0.07421875
0 0.1015625 0.24765625 0.06015625 0.04140625
0 0.33359375 0.25703125 0.08359375 0.06484375
0 0.23359375 0.2640625 0.07421875 0.06953125
0 0.778125 0.26640625 0.08359375 0.04609375
0 0.465625 0.29140625 0.06484375 0.06015625
0 0.428125 0.31484375 0.08359375 0.06953125
0 0.0765625 0.31953125 0.07421875 0.06484375
0 0.61796875 0.32890625 0.08828125 0.06953125
0 0.7734375 0.32890625 0.08828125 0.07421875
0 0.9609375 0.33359375 0.06953125 0.08359375
0 0.10859375 0.409375 0.1015625 0.08828125
0 0.78046875 0.43046875 0.10625 0.09296875
0 0.5484375 0.4421875 0.08828125 0.09296875
0 0.32421875 0.44453125 0.10625 0.07421875
0 0.259375 0.52109375 0.09296875 0.09296875
0 0.98125 0.5578125 0.03671875 0.06953125
0 0.50234375 0.57421875 0.10625 0.096875
0 0.43046875 0.57890625 0.1015625 0.07421875
0 0.03203125 0.5984375 0.0640625 0.096875
0 0.6390625 0.68515625 0.1203125 0.096875
0 0.25703125 0.72890625 0.125 0.08828125
0 0.75703125 0.73828125 0.096875 0.08359375
0 0.034375 0.7703125 0.06875 0.10625
0 0.03046875 0.903125 0.06015625 0.1296875
0 0.909375 0.90703125 0.17109375 0.17578125
0 0.69921875 0.9375 0.115625 0.125
0 0.51171875 0.94921875 0.134375 0.09296875
0 0.3359375 0.94921875 0.19921875 0.09296875
0 0.10390625 0.965625 0.18046875 0.06015625
0 0.16171875 0.10390625 0.06015625 0.04140625
0 0.01875 0.125 0.03671875 0.04609375
0 0.571875 0.1296875 0.06015625 0.04609375
0 0.41171875 0.13203125 0.05078125 0.04609375
0 0.8265625 0.13203125 0.06484375 0.05078125
0 0.30078125 0.134375 0.04140625 0.03203125
0 0.73125 0.1390625 0.06484375 0.05546875
0 0.26875 0.15078125 0.03671875 0.03203125
0 0.471875 0.16640625 0.06484375 0.05546875
0 0.909375 0.16640625 0.04609375 0.03203125
0 0.32890625 0.17109375 0.05546875 0.04609375
0 0.58828125 0.178125 0.05546875 0.05546875
0 0.196875 0.18046875 0.06484375 0.03671875
0 0.75703125 0.1921875 0.06484375 0.06015625
0 0.06953125 0.19453125 0.04609375 0.04609375
0 0.9609375 0.2109375 0.06953125 0.06015625
0 0.8984375 0.215625 0.06484375 0.06015625
0 0.18515625 0.21953125 0.05546875 0.04609375