0 0.65703125 0.3078125 0.028125 0.04140625
0 0.340625 0.321875 0.028125 0.03671875
0 0.49765625 0.321875 0.0234375 0.04140625
0 0.72421875 0.3359375 0.028125 0.04140625
0 0.16875 0.346875 0.0234375 0.03671875
0 0.32421875 0.3703125 0.028125 0.03671875
0 0.346875 0.4953125 0.0234375 0.04140625
0 0.553125 0.49765625 0.01875 0.03203125
0 0.759375 0.5 0.0234375 0.03671875
0 0.659375 0.50234375 0.0234375 0.04140625
0 0.8125 0.509375 0.0234375 0.028125
0 0.45859375 0.5140625 0.0234375 0.04140625
0 0.259375 0.51640625 0.0234375 0.03671875
0 0.721875 0.5234375 0.0234375 0.04140625
0 0.54375 0.528125 0.028125 0.03671875
0 0.384375 0.53203125 0.0234375 0.03671875
0 0.60625 0.534375 0.028125 0.04140625
0 0.3078125 0.53671875 0.0234375 0.03671875
0 0.20390625 0.55078125 0.028125 0.04609375
0 0.696875 0.56484375 0.028125 0.04140625
0 0.7890625 0.571875 0.028125 0.03671875
0 0.85859375 0.57421875 0.0234375 0.03671875
0 0.46328125 0.58125 0.028125 0.04140625
0 0.24765625 0.5859375 0.028125 0.05078125
0 0.84921875 0.59296875 0.028125 0.04140625
0 0.54375 0.59921875 0.0140625 0.03671875
0 0.778125 0.59921875 0.028125 0.03671875
0 0.53046875 0.59921875 0.028125 0.05078125
0 0.39609375 0.60390625 0.0234375 0.04140625
0 0.3171875 0.60625 0.0234375 0.04140625
0 0.1640625 0.60625 0.028125 0.04140625
0 0.18984375 0.60625 0.01875 0.03671875
0 0.7265625 0.6109375 0.01875 0.0234375
0 0.509375 0.6109375 0.028125 0.05078125
0 0.82421875 0.6109375 0.0234375 0.04609375
0 0.66640625 0.615625 0.01875 0.05078125
0 0.93984375 0.6203125 0.028125 0.04609375
0 0.61328125 0.6203125 0.028125 0.05078125
0 0.64140625 0.62265625 0.028125 0.04140625
0 0.409375 0.6296875 0.0234375 0.04140625
0 0.4328125 0.63203125 0.0234375 0.03671875
0 0.71953125 0.64140625 0.028125 0.03671875
0 0.23125 0.65703125 0.028125 0.04140625
0 0.3171875 0.6640625 0.0234375 0.04140625
0 0.81015625 0.29609375 0.028125 0.04609375