0 0.49296875 0.43046875 0.0234375 0.028125
0 0.55078125 0.4609375 0.0046875 0.009375
0 0.6109375 0.4609375 0.0046875 0.0046875
0 0.60625 0.46328125 0.0046875 0.0046875
0 0.59453125 0.46328125 0.0046875 0.0046875
0 0.596875 0.46328125 0.0046875 0.0046875
0 0.51875 0.46796875 0.009375 0.0046875
0 0.3125 0.46796875 0.0046875 0.009375
0 0.34921875 0.46953125 0.0046875 0.0046875
0 0.2984375 0.471875 0.0046875 0.0046875
0 0.21328125 0.471875 0.0046875 0.009375
0 0.5578125 0.471875 0.0046875 0.009375
0 0.22421875 0.47421875 0.0046875 0.0046875
0 0.20859375 0.47421875 0.0046875 0.009375
0 0.509375 0.47421875 0.0046875 0.0046875
0 0.21796875 0.4765625 0.0046875 0.0046875
0 0.19921875 0.4765625 0.0046875 0.0046875
0 0.384375 0.4765625 0.009375 0.0140625
0 0.409375 0.4765625 0.009375 0.0140625
0 0.1875 0.47890625 0.0046875 0.0046875
0 0.39609375 0.47890625 0.009375 0.0140625
0 0.375 0.47890625 0.0140625 0.0140625
0 0.365625 0.48125 0.009375 0.0140625
0 0.93984375 0.48125 0.0140625 0.0140625
0 0.16171875 0.48125 0.0046875 0.009375
0 0.9515625 0.48125 0.009375 0.0140625
0 0.91640625 0.48359375 0.0140625 0.01875
0 0.35625 0.48359375 0.0140625 0.01875
0 0.09453125 0.4859375 0.0140625 0.0140625
0 0.971875 0.4859375 0.0140625 0.01875
0 0.12734375 0.48828125 0.009375 0.01875
0 0.14609375 0.48828125 0.0046875 0.009375
0 0.31953125 0.48828125 0.0140625 0.01875
0 0.259375 0.49296875 0.01875 0.028125
0 0.3359375 0.49296875 0.009375 0.01875
0 0.59453125 0.5046875 0.01875 0.03203125
0 0.56484375 0.51171875 0.0234375 0.028125
0 0.53046875 0.5140625 0.01875 0.028125
0 0.6390625 0.528125 0.01875 0.028125
0 0.4609375 0.53203125 0.0234375 0.028125
0 0.6640625 0.5390625 0.028125 0.04140625
0 0.68984375 0.54140625 0.01875 0.03203125
0 0.715625 0.54375 0.03203125 0.05078125
0 0.11328125 0.5578125 0.028125 0.03671875
0 0.74765625 0.5625 0.028125 0.04140625
0 0.13203125 0.571875 0.03671875 0.05546875
0 0.36796875 0.571875 0.04609375 0.06953125
0 0.23125 0.57421875 0.028125 0.03671875
0 0.284375 0.57421875 0.03671875 0.05546875
0 0.784375 0.5859375 0.04609375 0.07890625
0 0.20859375 0.58828125 0.03203125 0.04140625
0 0.68984375 0.590625 0.04140625 0.05546875
0 0.26640625 0.59296875 0.03671875 0.05546875
0 0.4859375 0.625 0.04609375 0.05546875
0 0.0625 0.62734375 0.06015625 0.08828125
0 0.62265625 0.6390625 0.05078125 0.07421875
0 0.25234375 0.64609375 0.05078125 0.07421875
0 0.39140625 0.6484375 0.04140625 0.06015625
0 0.58828125 0.6640625 0.07421875 0.10625
0 0.4234375 0.71953125 0.1015625 0.125