0 0.59453125 0.2359375 0.028125 0.05078125
0 0.63203125 0.26171875 0.0234375 0.04609375
0 0.50234375 0.2734375 0.03203125 0.04609375
0 0.69453125 0.278125 0.03203125 0.05078125
0 0.72890625 0.29375 0.03203125 0.05078125
0 0.59921875 0.29375 0.028125 0.05546875
0 0.34921875 0.29375 0.04140625 0.05078125
0 0.78203125 0.29375 0.03203125 0.06484375
0 0.278125 0.29609375 0.028125 0.06015625
0 0.10390625 0.31015625 0.03671875 0.06015625
0 0.21328125 0.3125 0.03671875 0.05078125
0 0.65703125 0.31953125 0.028125 0.05546875
0 0.86328125 0.31953125 0.03203125 0.05546875
0 0.5671875 0.32421875 0.03203125 0.05546875
0 0.471875 0.32890625 0.03671875 0.06015625
0 0.321875 0.33125 0.03203125 0.05078125
0 0.39375 0.33359375 0.04140625 0.06015625
0 0.509375 0.33359375 0.028125 0.06015625
0 0.35625 0.35390625 0.028125 0.06015625
0 0.696875 0.35390625 0.03203125 0.05078125
0 0.4234375 0.35859375 0.03203125 0.05546875
0 0.25 0.35859375 0.03203125 0.06015625
0 0.12734375 0.3609375 0.03203125 0.06015625
0 0.596875 0.365625 0.03671875 0.05078125
0 0.80546875 0.38203125 0.028125 0.05546875
0 0.50234375 0.49296875 0.03671875 0.06015625
0 0.31953125 0.528125 0.03203125 0.06015625