0 0.5484375 0.3703125 0.0234375 0.07421875
0 0.61328125 0.37734375 0.03203125 0.06953125
0 0.43515625 0.384375 0.03203125 0.06953125
0 0.65703125 0.38671875 0.03203125 0.07890625
0 0.88203125 0.38671875 0.028125 0.07421875
0 0.39140625 0.3890625 0.0234375 0.05078125
0 0.1828125 0.3890625 0.028125 0.08828125
0 0.82421875 0.39140625 0.03203125 0.07421875
0 0.04375 0.403125 0.0234375 0.07421875
0 0.00703125 0.40546875 0.0140625 0.096875
0 0.53671875 0.40546875 0.0234375 0.09296875
0 0.125 0.40546875 0.0234375 0.06953125
0 0.3078125 0.40703125 0.0234375 0.05546875
0 0.47421875 0.40703125 0.03203125 0.06953125
0 0.5859375 0.428125 0.028125 0.08359375
0 0.0859375 0.4328125 0.0234375 0.06953125
0 0.51640625 0.446875 0.03203125 0.08828125
0 0.7265625 0.44921875 0.028125 0.08828125
0 0.36328125 0.4515625 0.028125 0.06953125
0 0.23125 0.45390625 0.028125 0.07421875
0 0.42578125 0.48125 0.03203125 0.06953125
0 0.32421875 0.4953125 0.028125 0.06484375
0 0.659375 0.196875 0.028125 0.06953125
0 0.73125 0.2109375 0.0234375 0.07890625
0 0.29140625 0.21328125 0.028125 0.06015625
0 0.46796875 0.221875 0.01875 0.06484375
0 0.06015625 0.23359375 0.0234375 0.06953125
0 0.81484375 0.2359375 0.0234375 0.06953125
0 0.3796875 0.2546875 0.0234375 0.07421875
0 0.87265625 0.2546875 0.0234375 0.07421875
0 0.18984375 0.25703125 0.03203125 0.06484375
0 0.43984375 0.25703125 0.0234375 0.06953125
0 0.615625 0.2640625 0.028125 0.07890625
0 0.5765625 0.27109375 0.01875 0.05546875
0 0.778125 0.278125 0.03203125 0.05078125
0 0.278125 0.28046875 0.028125 0.05078125
0 0.48125 0.28046875 0.0234375 0.07890625
0 0.40546875 0.29140625 0.0234375 0.06953125
0 0.08125 0.29140625 0.03203125 0.06953125
0 0.54609375 0.29609375 0.03203125 0.06953125
0 0.99296875 0.303125 0.009375 0.096875
0 0.115625 0.303125 0.028125 0.06015625
0 0.821875 0.3125 0.03671875 0.05078125
0 0.95859375 0.3171875 0.0234375 0.07421875
0 0.32421875 0.31953125 0.01875 0.07421875
0 0.17578125 0.3265625 0.03671875 0.06953125
0 0.68984375 0.33125 0.03203125 0.08359375
0 0.7453125 0.346875 0.0234375 0.06953125
0 0.91171875 0.346875 0.028125 0.07421875
0 0.23828125 0.3515625 0.03203125 0.06953125
0 0.28203125 0.35859375 0.0234375 0.06015625
0 0.778125 0.3609375 0.028125 0.096875