0 0.9515625 0.17578125 0.05078125 0.08828125
0 0.3890625 0.18984375 0.07890625 0.1296875
0 0.76640625 0.2015625 0.06015625 0.10625
0 0.221875 0.22421875 0.06015625 0.08359375
0 0.715625 0.23125 0.06953125 0.1296875
0 0.65546875 0.23828125 0.07890625 0.08828125
0 0.16875 0.23828125 0.04609375 0.125
0 0.284375 0.26875 0.06953125 0.096875
0 0.46953125 0.27578125 0.06484375 0.1390625
0 0.51875 0.28671875 0.08359375 0.1390625
0 0.9328125 0.30546875 0.05546875 0.134375
0 0.60625 0.3359375 0.06015625 0.1484375
0 0.8359375 0.34296875 0.08828125 0.14375
0 0.20625 0.384375 0.06015625 0.125
0 0.81015625 0.0390625 0.04140625 0.06953125
0 0.28671875 0.403125 0.09296875 0.16171875
0 0.65546875 0.43046875 0.06484375 0.153125
0 0.73125 0.43984375 0.096875 0.20859375
0 0.91875 0.46328125 0.08828125 0.115625
0 0.0390625 0.4671875 0.078125 0.21875
0 0.5046875 0.509375 0.09296875 0.20859375
0 0.10859375 0.51171875 0.09296875 0.17109375
0 0.778125 0.05546875 0.06484375 0.10625
0 0.19453125 0.64609375 0.115625 0.1015625
0 0.9625 0.665625 0.075 0.26875
0 0.6828125 0.68984375 0.1109375 0.2359375
0 0.82421875 0.6921875 0.134375 0.2359375
0 0.51640625 0.071875 0.04609375 0.1015625
0 0.29375 0.7984375 0.125 0.259375
0 0.715625 0.08359375 0.07421875 0.096875
0 0.86328125 0.08359375 0.06015625 0.115625
0 0.4765625 0.0859375 0.06484375 0.096875
0 0.55078125 0.0859375 0.05546875 0.1109375
0 0.971875 0.090625 0.05546875 0.10625
0 0.2265625 0.09921875 0.05546875 0.06953125
0 0.43046875 0.1296875 0.06015625 0.115625
0 0.19921875 0.13671875 0.07421875 0.06484375
0 0.2734375 0.14375 0.04140625 0.07421875
0 0.51875 0.1640625 0.08828125 0.06953125