0 0.09453125 0.01171875 0.03203125 0.0234375
0 0.71796875 0.01171875 0.028125 0.0234375
0 0.79609375 0.01171875 0.0234375 0.0234375
0 0.928125 0.01171875 0.028125 0.0234375
0 0.16640625 0.01171875 0.028125 0.0234375
0 0.09921875 0.10390625 0.03203125 0.04140625
0 0.2546875 0.10625 0.03203125 0.03671875
0 0.96796875 0.10625 0.03671875 0.04609375
0 0.8890625 0.10625 0.028125 0.04140625
0 0.7640625 0.1109375 0.03203125 0.03203125
0 0.29140625 0.11328125 0.03203125 0.04140625
0 0.153125 0.11796875 0.03203125 0.04140625
0 0.35625 0.1203125 0.028125 0.03203125
0 0.1296875 0.1203125 0.03203125 0.04140625
0 0.54609375 0.0140625 0.028125 0.028125
0 0.05078125 0.12734375 0.03671875 0.04609375
0 0.86328125 0.12734375 0.028125 0.03671875
0 0.43515625 0.12734375 0.04609375 0.03203125
0 0.67578125 0.0140625 0.0234375 0.028125
0 0.48125 0.134375 0.03671875 0.03203125
0 0.1015625 0.13671875 0.03203125 0.03203125
0 0.17109375 0.14140625 0.028125 0.03203125
0 0.9375 0.14140625 0.028125 0.04140625
0 0.5390625 0.14140625 0.03203125 0.04609375
0 0.3796875 0.14375 0.03671875 0.03671875
0 0.971875 0.14375 0.028125 0.03671875
0 0.2109375 0.14375 0.028125 0.03671875
0 0.7453125 0.14375 0.03671875 0.05546875
0 0.01875 0.0140625 0.028125 0.028125
0 0.3703125 0.01640625 0.028125 0.03203125
0 0.03203125 0.14609375 0.028125 0.04140625
0 0.51875 0.14609375 0.028125 0.04609375
0 0.62734375 0.15078125 0.03671875 0.06015625
0 0.5859375 0.15078125 0.03203125 0.04140625
0 0.24765625 0.153125 0.0234375 0.04609375
0 0.5625 0.153125 0.04140625 0.05546875
0 0.83125 0.01640625 0.0234375 0.03203125
0 0.57421875 0.01640625 0.01875 0.0234375
0 0.62734375 0.01640625 0.01875 0.03203125
0 0.6921875 0.15546875 0.0234375 0.028125
0 0.821875 0.159375 0.028125 0.04140625
0 0.78046875 0.16171875 0.03671875 0.06484375
0 0.31015625 0.01640625 0.0234375 0.028125
0 0.759375 0.01640625 0.028125 0.028125
0 0.7265625 0.01875 0.028125 0.03671875
0 0.34921875 0.1640625 0.03203125 0.05078125
0 0.278125 0.16640625 0.03203125 0.05546875
0 0.43984375 0.16640625 0.03203125 0.03203125
0 0.71328125 0.16640625 0.028125 0.05078125
0 0.42109375 0.16875 0.028125 0.04609375
0 0.909375 0.16875 0.028125 0.05078125
0 0.39609375 0.16875 0.03203125 0.05078125
0 0.071875 0.16875 0.028125 0.04140625
0 0.09921875 0.17109375 0.03671875 0.05078125
0 0.34921875 0.01875 0.0234375 0.03671875
0 0.446875 0.01875 0.028125 0.03671875
0 0.0578125 0.01875 0.03203125 0.03671875
0 0.8609375 0.17578125 0.03203125 0.05078125
0 0.31015625 0.17578125 0.03203125 0.05078125
0 0.01171875 0.178125 0.0234375 0.05546875
0 0.47421875 0.178125 0.03203125 0.05078125
0 0.21328125 0.178125 0.028125 0.03671875
0 0.1296875 0.1828125 0.03671875 0.06015625
0 0.94921875 0.18515625 0.028125 0.04609375
0 0.9859375 0.18515625 0.028125 0.05546875
0 0.60859375 0.1875 0.03671875 0.05546875
0 0.1640625 0.1921875 0.03203125 0.04609375
0 0.5234375 0.02109375 0.028125 0.04140625
0 0.7015625 0.02109375 0.01875 0.0234375
0 0.05546875 0.196875 0.03203125 0.05078125
0 0.6875 0.196875 0.03671875 0.04609375
0 0.85859375 0.02109375 0.028125 0.03671875
0 0.4375 0.20625 0.04140625 0.05078125
0 0.21953125 0.20859375 0.03671875 0.04140625
0 0.80546875 0.20859375 0.03671875 0.05546875
0 0.89140625 0.0234375 0.028125 0.04140625
0 0.20625 0.0234375 0.03203125 0.04609375
0 0.965625 0.22890625 0.03203125 0.04609375
0 0.09453125 0.2359375 0.03671875 0.05546875
0 0.965625 0.0234375 0.03671875 0.04609375
0 0.98359375 0.23828125 0.0234375 0.06015625
0 0.9328125 0.240625 0.03671875 0.04609375
0 0.38671875 0.24296875 0.03671875 0.06015625
0 0.90546875 0.24296875 0.028125 0.05078125
0 0.33828125 0.2453125 0.03671875 0.05078125
0 0.41875 0.02578125 0.028125 0.04140625
0 0.4953125 0.25 0.03671875 0.06484375
0 0.5578125 0.25234375 0.03671875 0.05078125
0 0.87265625 0.2546875 0.03671875 0.06015625
0 0.16640625 0.26171875 0.03671875 0.04609375
0 0.21328125 0.2640625 0.03671875 0.05546875
0 0.2359375 0.26640625 0.03671875 0.05546875
0 0.7546875 0.26640625 0.04140625 0.05546875
0 0.68046875 0.26640625 0.03671875 0.04609375
0 0.9421875 0.028125 0.01875 0.03671875
0 0.009375 0.27109375 0.01875 0.05546875
0 0.99296875 0.27578125 0.0140625 0.03671875
0 0.83359375 0.278125 0.03671875 0.06484375
0 0.8796875 0.028125 0.0234375 0.03671875
0 0.0671875 0.28046875 0.04140625 0.05078125
0 0.34921875 0.29375 0.04140625 0.05546875
0 0.53203125 0.29609375 0.05078125 0.06953125
0 0.14375 0.2984375 0.03203125 0.03671875
0 0.91640625 0.03046875 0.028125 0.03671875
0 0.625 0.31015625 0.03203125 0.03671875
0 0.59296875 0.3125 0.04140625 0.05078125
0 0.9234375 0.31953125 0.03203125 0.03203125
0 0.69453125 0.321875 0.04609375 0.05078125
0 0.51640625 0.3265625 0.05078125 0.04609375
0 0.39375 0.3265625 0.03671875 0.05546875
0 0.82890625 0.32890625 0.028125 0.01875
0 0.25 0.03203125 0.03203125 0.04609375
0 0.009375 0.33125 0.01875 0.03203125
0 0.86796875 0.33125 0.03203125 0.04140625
0 0.95625 0.33359375 0.0234375 0.03203125
0 0.76171875 0.3359375 0.03671875 0.05078125
0 0.471875 0.3359375 0.0234375 0.04609375
0 0.4375 0.33828125 0.04140625 0.06484375
0 0.91875 0.34453125 0.03203125 0.03203125
0 0.5859375 0.034375 0.0234375 0.03671875
0 0.28203125 0.3515625 0.04140625 0.05078125
0 0.215625 0.35390625 0.03671875 0.04609375
0 0.62265625 0.35859375 0.04140625 0.06015625
0 0.840625 0.35859375 0.03203125 0.05078125
0 0.5 0.03671875 0.028125 0.04609375
0 0.65546875 0.03671875 0.03203125 0.04609375
0 0.12734375 0.36328125 0.04140625 0.04140625
0 0.5046875 0.36328125 0.03671875 0.05078125
0 0.346875 0.365625 0.03671875 0.04609375
0 0.39140625 0.03671875 0.03203125 0.03671875
0 0.94453125 0.37265625 0.04140625 0.06484375
0 0.8125 0.375 0.03671875 0.05546875
0 0.7453125 0.37734375 0.03203125 0.04609375
0 0.01875 0.37734375 0.03671875 0.06015625
0 0.76640625 0.384375 0.03203125 0.06953125
0 0.68046875 0.38671875 0.03203125 0.04140625
0 0.09453125 0.0390625 0.03203125 0.03671875
0 0.55546875 0.39375 0.04140625 0.06015625
0 0.8703125 0.39609375 0.03203125 0.06484375
0 0.18984375 0.39609375 0.03671875 0.05078125
0 0.1296875 0.3984375 0.04140625 0.028125
0 0.90078125 0.403125 0.04609375 0.06953125
0 0.07890625 0.403125 0.03671875 0.04609375
0 0.29375 0.403125 0.03671875 0.05546875
0 0.8359375 0.40546875 0.0234375 0.04609375
0 0.23359375 0.40546875 0.03671875 0.05546875
0 0.971875 0.40703125 0.03203125 0.06015625
0 0.471875 0.40703125 0.04609375 0.07421875
0 0.34453125 0.4140625 0.03671875 0.06484375
0 0.803125 0.4234375 0.04140625 0.04609375
0 0.98828125 0.4234375 0.0234375 0.05546875
0 0.60625 0.428125 0.03671875 0.06015625
0 0.26171875 0.4421875 0.03671875 0.06953125
0 0.68046875 0.4421875 0.03203125 0.06484375
0 0.14140625 0.44453125 0.04140625 0.06484375
0 0.715625 0.446875 0.04140625 0.05546875
0 0.096875 0.45859375 0.04140625 0.07890625
0 0.76640625 0.46328125 0.03671875 0.06484375
0 0.28046875 0.04609375 0.03671875 0.03671875
0 0.40546875 0.46328125 0.03671875 0.06015625
0 0.8125 0.471875 0.04140625 0.06484375
0 0.32890625 0.0484375 0.03671875 0.04609375
0 0.32890625 0.47421875 0.04140625 0.06953125
0 0.465625 0.48125 0.03671875 0.06015625
0 0.86796875 0.48125 0.04140625 0.06484375
0 0.94921875 0.48125 0.04609375 0.05078125
0 0.0625 0.0484375 0.03203125 0.04609375
0 0.01875 0.05078125 0.03671875 0.05078125
0 0.61328125 0.05078125 0.028125 0.04140625
0 0.63203125 0.52109375 0.05078125 0.08359375
0 0.98359375 0.5234375 0.03203125 0.06015625
0 0.43046875 0.5234375 0.04140625 0.05546875
0 0.7359375 0.53203125 0.04140625 0.06953125
0 0.928125 0.534375 0.04140625 0.06015625
0 0.23359375 0.54375 0.05078125 0.07421875
0 0.53203125 0.54609375 0.04140625 0.06484375
0 0.3265625 0.55546875 0.04609375 0.06015625
0 0.090625 0.05546875 0.03203125 0.03671875
0 0.6875 0.0578125 0.028125 0.03671875
0 0.1875 0.5671875 0.04609375 0.07421875
0 0.7453125 0.0578125 0.03203125 0.03671875
0 0.659375 0.5859375 0.03671875 0.06484375
0 0.79609375 0.58828125 0.04609375 0.08359375
0 0.096875 0.59296875 0.04609375 0.06015625
0 0.43046875 0.59921875 0.04609375 0.06484375
0 0.35859375 0.61328125 0.04609375 0.07890625
0 0.96328125 0.615625 0.04609375 0.06484375
0 0.56015625 0.62265625 0.04140625 0.06953125
0 0.04375 0.63203125 0.04140625 0.06484375
0 0.50703125 0.63203125 0.05078125 0.07890625
0 0.8796875 0.63671875 0.05078125 0.06953125
0 0.31953125 0.63671875 0.04140625 0.06484375
0 0.64140625 0.6390625 0.04140625 0.07421875
0 0.69921875 0.66875 0.03203125 0.03203125
0 0.47421875 0.0671875 0.0234375 0.028125
0 0.78046875 0.6734375 0.03671875 0.06484375
0 0.740625 0.6734375 0.04140625 0.07421875
0 0.07421875 0.67578125 0.05078125 0.06953125
0 0.81953125 0.69921875 0.04609375 0.07890625
0 0.1640625 0.06953125 0.028125 0.03203125
0 0.9859375 0.70390625 0.01875 0.07421875
0 0.80546875 0.071875 0.028125 0.03671875
0 0.1640625 0.715625 0.03671875 0.06953125
0 0.52578125 0.715625 0.04140625 0.06953125
0 0.68984375 0.71796875 0.05078125 0.07421875
0 0.403125 0.071875 0.03203125 0.04140625
0 0.98125 0.0765625 0.03671875 0.04609375
0 0.4328125 0.76640625 0.04140625 0.07421875
0 0.571875 0.77578125 0.05078125 0.08828125
0 0.340625 0.778125 0.04609375 0.07421875
0 0.63203125 0.78046875 0.05546875 0.08828125
0 0.01875 0.78046875 0.03671875 0.08828125
0 0.9375 0.07890625 0.028125 0.04140625
0 0.115625 0.8125 0.06953125 0.07890625
0 0.596875 0.009375 0.028125 0.01875
0 0.9609375 0.82890625 0.05546875 0.07421875
0 0.70859375 0.08359375 0.028125 0.04609375
0 0.115625 0.08359375 0.01875 0.0234375
0 0.83125 0.0859375 0.03671875 0.03671875
0 0.3265625 0.0859375 0.03203125 0.04140625
0 0.98125 0.87265625 0.03671875 0.05546875
0 0.91875 0.09296875 0.028125 0.04609375
0 0.18984375 0.09296875 0.03671875 0.04609375
0 0.56953125 0.09296875 0.028125 0.04140625
0 0.134375 0.009375 0.01875 0.01875
0 0.47890625 0.009375 0.0234375 0.01875
0 0.01171875 0.09296875 0.0234375 0.05546875
0 0.0484375 0.09453125 0.0234375 0.03203125
0 0.0765625 0.09453125 0.028125 0.03203125
0 0.4859375 0.096875 0.0234375 0.028125
0 0.6484375 0.09921875 0.03203125 0.04609375