0 0.01875 0.375 0.028125 0.05546875
0 0.4859375 0.03671875 0.01875 0.028125
0 0.93984375 0.409375 0.01875 0.03671875
0 0.62265625 0.04140625 0.01875 0.028125
0 0.46328125 0.4234375 0.0234375 0.04609375
0 0.284375 0.4328125 0.0234375 0.04140625
0 0.2546875 0.4375 0.0234375 0.03671875
0 0.65546875 0.43984375 0.028125 0.04140625
0 0.70625 0.4953125 0.0234375 0.04140625
0 0.66875 0.5046875 0.0234375 0.05078125
0 0.59921875 0.5046875 0.028125 0.03671875
0 0.553125 0.50703125 0.01875 0.05078125
0 0.15078125 0.52109375 0.01875 0.03671875
0 0.6390625 0.053125 0.01875 0.028125
0 0.72421875 0.55078125 0.0234375 0.05078125
0 0.62265625 0.58828125 0.0234375 0.05078125
0 0.90703125 0.0625 0.01875 0.03203125
0 0.740625 0.6484375 0.01875 0.04609375
0 0.5046875 0.65078125 0.028125 0.05546875
0 0.596875 0.06484375 0.01875 0.028125
0 0.134375 0.659375 0.028125 0.04140625
0 0.88671875 0.0671875 0.0140625 0.0234375
0 0.67109375 0.00703125 0.0140625 0.0140625
0 0.12265625 0.00703125 0.0140625 0.0140625
0 0.25 0.06953125 0.0140625 0.028125
0 0.57421875 0.73359375 0.028125 0.05078125
0 0.22421875 0.83125 0.0234375 0.03671875
0 0.49765625 0.85390625 0.03203125 0.05078125
0 0.8984375 0.009375 0.01875 0.01875
0 0.30078125 0.85625 0.03203125 0.05546875
0 0.18515625 0.86796875 0.028125 0.05546875
0 0.0859375 0.89140625 0.0234375 0.03671875
0 0.97890625 0.090625 0.01875 0.04609375
0 0.88671875 0.09453125 0.01875 0.03203125
0 0.12734375 0.94921875 0.028125 0.05078125
0 0.24765625 0.96328125 0.03671875 0.06015625
0 0.64375 0.97421875 0.03671875 0.04140625
0 0.43515625 0.98359375 0.03203125 0.028125
0 0.840625 0.98125 0.04140625 0.028125
0 0.89375 0.98359375 0.028125 0.03203125
0 0.81484375 0.10625 0.01875 0.03671875
0 0.73359375 0.1109375 0.01875 0.03203125
0 0.7734375 0.1203125 0.01875 0.028125
0 0.196875 0.125 0.01875 0.03671875
0 0.86796875 0.13671875 0.01875 0.028125
0 0.68984375 0.0140625 0.01875 0.028125
0 0.01640625 0.14375 0.01875 0.04140625
0 0.05078125 0.16875 0.01875 0.04609375
0 0.903125 0.16875 0.0140625 0.028125
0 0.18046875 0.01875 0.01875 0.028125
0 0.221875 0.1875 0.01875 0.03671875
0 0.33359375 0.1875 0.01875 0.03671875
0 0.51875 0.19453125 0.01875 0.03671875
0 0.01171875 0.20625 0.01875 0.03203125
0 0.10625 0.0234375 0.01875 0.04140625
0 0.1875 0.22421875 0.01875 0.03203125
0 0.69453125 0.22890625 0.01875 0.0234375
0 0.1390625 0.23125 0.028125 0.03671875
0 0.34921875 0.23828125 0.01875 0.03671875
0 0.84296875 0.24296875 0.01875 0.03203125
0 0.58125 0.02578125 0.01875 0.03203125
0 0.44921875 0.25234375 0.01875 0.03203125
0 0.79609375 0.259375 0.01875 0.03671875
0 0.40078125 0.2734375 0.01875 0.028125
0 0.8984375 0.028125 0.009375 0.0234375
0 0.7109375 0.284375 0.01875 0.03203125
0 0.81953125 0.31015625 0.01875 0.03203125
0 0.22421875 0.03203125 0.0140625 0.0234375
0 0.9234375 0.32421875 0.0234375 0.03671875
0 0.46953125 0.32421875 0.01875 0.03671875
0 0.06953125 0.32890625 0.028125 0.05078125
0 0.85859375 0.034375 0.01875 0.0234375