0 0.7734375 0.15078125 0.0234375 0.01875
0 0.4375 0.16640625 0.0046875 0.0046875
0 0.465625 0.1734375 0.0046875 0.0046875
0 0.43984375 0.178125 0.0046875 0.0046875
0 0.45390625 0.18046875 0.009375 0.009375
0 0.78671875 0.1828125 0.01875 0.01875
0 0.46796875 0.18515625 0.0046875 0.0046875
0 0.4609375 0.18515625 0.0046875 0.0046875
0 0.778125 0.196875 0.0140625 0.01875
0 0.43984375 0.196875 0.009375 0.009375
0 0.44921875 0.2015625 0.0046875 0.0046875
0 0.7640625 0.2015625 0.01875 0.028125
0 0.428125 0.2015625 0.0046875 0.0046875
0 0.4328125 0.2015625 0.0046875 0.0046875
0 0.45625 0.2015625 0.0046875 0.0046875
0 0.36796875 0.20390625 0.0046875 0.0046875
0 0.3609375 0.20625 0.009375 0.009375
0 0.509375 0.20625 0.0046875 0.0046875
0 0.9328125 0.20625 0.04140625 0.04609375
0 0.46796875 0.20625 0.0046875 0.009375
0 0.5 0.20625 0.0046875 0.009375
0 0.45859375 0.20859375 0.009375 0.0046875
0 0.4328125 0.21328125 0.0046875 0.009375
0 0.4421875 0.215625 0.0046875 0.0046875
0 0.3796875 0.215625 0.009375 0.0046875
0 0.3890625 0.215625 0.009375 0.009375
0 0.61328125 0.21953125 0.0140625 0.0140625
0 0.4609375 0.221875 0.009375 0.009375
0 0.4421875 0.22421875 0.009375 0.009375
0 0.70859375 0.2265625 0.05078125 0.05078125
0 0.4515625 0.2265625 0.009375 0.0046875
0 0.48359375 0.2265625 0.0234375 0.028125
0 0.365625 0.22890625 0.009375 0.0046875
0 0.60390625 0.22890625 0.0140625 0.0140625
0 0.54140625 0.23125 0.009375 0.0140625
0 0.31484375 0.23359375 0.009375 0.009375
0 0.41640625 0.23359375 0.009375 0.009375
0 0.29609375 0.2359375 0.009375 0.0140625
0 0.3984375 0.2359375 0.009375 0.0046875
0 0.528125 0.2359375 0.009375 0.009375
0 0.37734375 0.23828125 0.009375 0.009375
0 0.4375 0.240625 0.009375 0.0046875
0 0.3359375 0.240625 0.0140625 0.0140625
0 0.44453125 0.240625 0.0046875 0.0046875
0 0.471875 0.240625 0.009375 0.009375
0 0.28203125 0.240625 0.009375 0.0140625
0 0.384375 0.240625 0.009375 0.0046875
0 0.34453125 0.24296875 0.009375 0.0140625
0 0.35859375 0.24296875 0.009375 0.009375
0 0.23359375 0.24765625 0.0140625 0.01875
0 0.26875 0.25 0.0140625 0.0140625
0 0.09921875 0.25 0.01875 0.0234375
0 0.43984375 0.25234375 0.009375 0.009375
0 0.20390625 0.25234375 0.01875 0.01875
0 0.35625 0.25234375 0.009375 0.0140625
0 0.58125 0.25234375 0.03203125 0.03671875
0 0.40078125 0.25234375 0.009375 0.0140625
0 0.46328125 0.25234375 0.009375 0.009375
0 0.56015625 0.25234375 0.0140625 0.028125
0 0.365625 0.2546875 0.0140625 0.0140625
0 0.32890625 0.25703125 0.0140625 0.0140625
0 0.3125 0.25703125 0.0140625 0.01875
0 0.221875 0.259375 0.01875 0.0234375
0 0.46328125 0.26875 0.0140625 0.0140625
0 0.13671875 0.27109375 0.028125 0.0234375
0 0.29375 0.2734375 0.01875 0.0234375
0 0.4234375 0.27578125 0.0140625 0.0140625
0 0.34296875 0.278125 0.0234375 0.0234375
0 0.43984375 0.284375 0.009375 0.0140625
0 0.53671875 0.3125 0.04609375 0.04609375
0 0.40078125 0.31484375 0.05546875 0.05078125
0 0.86796875 0.37265625 0.05546875 0.06953125
0 0.27109375 0.384375 0.03203125 0.03671875
0 0.1828125 0.446875 0.04140625 0.04140625