0 0.92109375 0.14140625 0.028125 0.03203125
0 0.6015625 0.14375 0.028125 0.04140625
0 0.56484375 0.15078125 0.04140625 0.04140625
0 0.4765625 0.15078125 0.05078125 0.04609375
0 0.78671875 0.153125 0.028125 0.03203125
0 0.196875 0.153125 0.0234375 0.03203125
0 0.11796875 0.153125 0.0234375 0.04140625
0 0.87734375 0.153125 0.03671875 0.04609375
0 0.1390625 0.15546875 0.028125 0.04140625
0 0.26875 0.16171875 0.03203125 0.03203125
0 0.42109375 0.16171875 0.0234375 0.04609375
0 0.69921875 0.16171875 0.03671875 0.03203125
0 0.2359375 0.16875 0.028125 0.04609375
0 0.17109375 0.17109375 0.01875 0.03203125
0 0.909375 0.17109375 0.03203125 0.04140625
0 0.81953125 0.1734375 0.03203125 0.03203125
0 0.77578125 0.1734375 0.028125 0.03203125
0 0.63203125 0.17578125 0.028125 0.04140625
0 0.73359375 0.17578125 0.028125 0.03671875
0 0.56484375 0.18515625 0.03203125 0.05078125
0 0.44453125 0.196875 0.04609375 0.05546875
0 0.9859375 0.20625 0.028125 0.06484375
0 0.70390625 0.21328125 0.04140625 0.04609375
0 0.20390625 0.23125 0.03203125 0.05078125
0 0.62265625 0.23359375 0.03671875 0.06015625
0 0.778125 0.23359375 0.04609375 0.06953125
0 0.24296875 0.23828125 0.03671875 0.05546875
0 0.571875 0.23828125 0.05078125 0.06484375
0 0.9609375 0.25 0.04140625 0.06015625
0 0.02109375 0.26171875 0.04140625 0.096875
0 0.9234375 0.278125 0.05078125 0.06953125
0 0.071875 0.28671875 0.06484375 0.07421875
0 0.715625 0.2890625 0.05078125 0.07421875
0 0.5046875 0.29140625 0.04609375 0.06015625
0 0.45625 0.29375 0.05546875 0.08828125
0 0.81015625 0.29609375 0.06015625 0.08828125
0 0.19921875 0.30078125 0.04140625 0.05078125
0 0.66875 0.3078125 0.04609375 0.06953125
0 0.14375 0.31484375 0.06015625 0.05078125
0 0.28046875 0.31953125 0.04609375 0.05546875
0 0.5578125 0.321875 0.03671875 0.06484375
0 0.90078125 0.32890625 0.05078125 0.07890625
0 0.5046875 0.33359375 0.05078125 0.08359375
0 0.16640625 0.33359375 0.04609375 0.05078125
0 0.0234375 0.35390625 0.04609375 0.05078125
0 0.95390625 0.365625 0.05078125 0.08828125
0 0.14140625 0.365625 0.05546875 0.05078125
0 0.98828125 0.365625 0.0234375 0.07421875
0 0.77109375 0.38203125 0.06015625 0.07890625
0 0.20625 0.384375 0.05546875 0.06953125
0 0.82421875 0.39140625 0.07421875 0.09296875
0 0.5484375 0.39609375 0.06015625 0.08359375
0 0.3171875 0.403125 0.05546875 0.08359375
0 0.46796875 0.40546875 0.06015625 0.08828125
0 0.125 0.4140625 0.04140625 0.04609375
0 0.034375 0.41875 0.05546875 0.06953125
0 0.26875 0.4375 0.05546875 0.07890625
0 0.35390625 0.44453125 0.07890625 0.096875
0 0.84453125 0.446875 0.08359375 0.06953125
0 0.65078125 0.44921875 0.05078125 0.07890625
0 0.946875 0.465625 0.06015625 0.07890625
0 0.1296875 0.46796875 0.05546875 0.07421875
0 0.21796875 0.46953125 0.07421875 0.1015625
0 0.90546875 0.471875 0.05078125 0.07421875
0 0.44453125 0.4765625 0.06484375 0.09296875
0 0.07421875 0.490625 0.06015625 0.08828125
0 0.84296875 0.50234375 0.06484375 0.096875
0 0.56484375 0.51640625 0.07421875 0.1109375
0 0.17578125 0.51640625 0.07890625 0.1109375
0 0.25 0.51875 0.04609375 0.06484375
0 0.2984375 0.5234375 0.06015625 0.08828125
0 0.63671875 0.5234375 0.05546875 0.08828125
0 0.69453125 0.528125 0.06015625 0.096875
0 0.03203125 0.53046875 0.06015625 0.08828125
0 0.9234375 0.55078125 0.06484375 0.1109375
0 0.51875 0.55546875 0.05078125 0.08828125
0 0.46796875 0.571875 0.06015625 0.08828125
0 0.9859375 0.6296875 0.028125 0.096875
0 0.8265625 0.6296875 0.07421875 0.1203125
0 0.03203125 0.6359375 0.0640625 0.115625
0 0.778125 0.67109375 0.08359375 0.1203125
0 0.63203125 0.69921875 0.09296875 0.1015625