0 0.428125 0.41640625 0.009375 0.0140625
0 0.446875 0.42578125 0.009375 0.009375
0 0.4953125 0.428125 0.009375 0.009375
0 0.57421875 0.428125 0.0046875 0.0046875
0 0.56484375 0.43046875 0.0046875 0.0046875
0 0.46328125 0.43046875 0.009375 0.009375
0 0.59453125 0.43046875 0.0046875 0.009375
0 0.47421875 0.43046875 0.009375 0.0046875
0 0.5578125 0.43046875 0.009375 0.0046875
0 0.5859375 0.43046875 0.009375 0.0046875
0 0.4421875 0.43046875 0.009375 0.009375
0 0.5390625 0.43046875 0.0046875 0.0046875
0 0.47890625 0.4328125 0.0046875 0.009375
0 0.50234375 0.4328125 0.0046875 0.0140625
0 0.42578125 0.4328125 0.0046875 0.0046875
0 0.52578125 0.43515625 0.0046875 0.009375
0 0.53046875 0.43515625 0.0046875 0.009375
0 0.5140625 0.4375 0.009375 0.0140625
0 0.51875 0.4375 0.0046875 0.009375
0 0.5859375 0.4375 0.009375 0.009375
0 0.471875 0.4375 0.0046875 0.009375
0 0.6015625 0.43984375 0.0046875 0.009375
0 0.55546875 0.43984375 0.0046875 0.009375
0 0.4515625 0.43984375 0.009375 0.0140625
0 0.51171875 0.43984375 0.009375 0.0140625
0 0.41640625 0.43984375 0.0140625 0.0140625
0 0.50234375 0.4421875 0.009375 0.0140625
0 0.54375 0.4421875 0.0046875 0.009375
0 0.5390625 0.4421875 0.009375 0.0140625
0 0.5765625 0.4421875 0.0046875 0.009375
0 0.4328125 0.4421875 0.009375 0.0140625
0 0.55078125 0.4421875 0.009375 0.009375
0 0.678125 0.44453125 0.009375 0.009375
0 0.490625 0.44453125 0.009375 0.009375
0 0.58828125 0.44453125 0.009375 0.009375
0 0.46953125 0.446875 0.0046875 0.0046875
0 0.4765625 0.446875 0.0046875 0.0046875
0 0.64375 0.446875 0.009375 0.009375
0 0.5671875 0.446875 0.009375 0.0046875
0 0.625 0.44921875 0.009375 0.009375
0 0.45859375 0.4515625 0.009375 0.0140625
0 0.44453125 0.4515625 0.009375 0.0140625
0 0.61328125 0.4515625 0.0140625 0.01875
0 0.5234375 0.4515625 0.009375 0.009375
0 0.54375 0.45390625 0.009375 0.0140625
0 0.53671875 0.45390625 0.009375 0.0140625
0 0.66640625 0.45390625 0.009375 0.009375
0 0.39609375 0.45625 0.0140625 0.0140625
0 0.47890625 0.45625 0.009375 0.009375
0 0.59453125 0.45625 0.0046875 0.0140625
0 0.55078125 0.45859375 0.009375 0.01875
0 0.4859375 0.4609375 0.009375 0.0140625
0 0.45390625 0.4609375 0.0140625 0.01875
0 0.46953125 0.4609375 0.009375 0.0140625
0 0.5 0.46328125 0.009375 0.0140625
0 0.571875 0.46328125 0.009375 0.0140625
0 0.41171875 0.46328125 0.0140625 0.01875
0 0.4328125 0.46328125 0.009375 0.01875
0 0.72421875 0.46328125 0.009375 0.01875
0 0.5234375 0.46328125 0.009375 0.009375
0 0.62734375 0.46328125 0.009375 0.0140625
0 0.534375 0.46796875 0.0046875 0.0046875
0 0.50703125 0.46796875 0.009375 0.0140625
0 0.678125 0.46796875 0.0140625 0.01875
0 0.7453125 0.46796875 0.0140625 0.01875
0 0.4421875 0.46796875 0.0140625 0.01875
0 0.59921875 0.46796875 0.0140625 0.0140625
0 0.66875 0.46796875 0.009375 0.01875
0 0.6109375 0.46953125 0.009375 0.0140625
0 0.6390625 0.46953125 0.0140625 0.0140625
0 0.40078125 0.471875 0.01875 0.0234375
0 0.47421875 0.471875 0.009375 0.0140625
0 0.38203125 0.471875 0.0140625 0.0140625
0 0.5234375 0.47421875 0.009375 0.0140625
0 0.46328125 0.47421875 0.009375 0.0140625
0 0.41640625 0.4765625 0.0140625 0.009375
0 0.48359375 0.4765625 0.009375 0.0140625
0 0.75234375 0.4765625 0.0140625 0.0140625
0 0.5390625 0.4765625 0.0140625 0.0234375
0 0.62265625 0.4765625 0.0140625 0.0140625
0 0.50234375 0.47890625 0.009375 0.0140625
0 0.5484375 0.47890625 0.009375 0.01875
0 0.534375 0.48125 0.009375 0.0140625
0 0.6640625 0.48125 0.009375 0.009375
0 0.67578125 0.48125 0.009375 0.009375
0 0.59296875 0.48359375 0.0140625 0.0140625
0 0.6875 0.4859375 0.01875 0.01875
0 0.37265625 0.48828125 0.0140625 0.01875
0 0.428125 0.48828125 0.0140625 0.0140625
0 0.5046875 0.48828125 0.009375 0.0140625
0 0.340625 0.490625 0.0234375 0.0234375
0 0.4515625 0.490625 0.01875 0.01875
0 0.40703125 0.490625 0.0140625 0.01875
0 0.571875 0.490625 0.0140625 0.0234375
0 0.6015625 0.49296875 0.0140625 0.01875
0 0.58828125 0.49296875 0.0140625 0.01875
0 0.5484375 0.49296875 0.0140625 0.0234375
0 0.42109375 0.49296875 0.0140625 0.01875
0 0.5140625 0.49296875 0.0140625 0.01875
0 0.39609375 0.4953125 0.009375 0.0140625
0 0.73828125 0.4953125 0.01875 0.028125
0 0.56484375 0.49765625 0.0140625 0.01875
0 0.48359375 0.49765625 0.0140625 0.0140625
0 0.53671875 0.5 0.01875 0.01875
0 0.384375 0.50234375 0.01875 0.01875
0 0.4421875 0.50234375 0.0140625 0.01875
0 0.6203125 0.50234375 0.03203125 0.03671875
0 0.71953125 0.5046875 0.03203125 0.03671875
0 0.32890625 0.5046875 0.0234375 0.0234375
0 0.653125 0.5046875 0.01875 0.028125
0 0.596875 0.50703125 0.01875 0.01875
0 0.46953125 0.50703125 0.0234375 0.03203125
0 0.41875 0.509375 0.01875 0.0234375
0 0.66640625 0.51171875 0.03203125 0.03203125
0 0.3078125 0.51171875 0.0234375 0.0234375
0 0.22890625 0.5140625 0.028125 0.03203125
0 0.340625 0.5140625 0.01875 0.028125
0 0.40546875 0.5140625 0.01875 0.0140625
0 0.43984375 0.5140625 0.0234375 0.01875
0 0.54609375 0.5140625 0.028125 0.0234375
0 0.3609375 0.51640625 0.03203125 0.03203125
0 0.5 0.51875 0.03203125 0.03671875
0 0.528125 0.52109375 0.009375 0.0140625
0 0.70625 0.52109375 0.01875 0.028125
0 0.58828125 0.52109375 0.0234375 0.01875
0 0.69453125 0.52109375 0.01875 0.028125
0 0.82421875 0.52109375 0.1484375 0.2546875
0 0.4328125 0.5234375 0.01875 0.01875
0 0.45390625 0.5234375 0.01875 0.0140625
0 0.64375 0.528125 0.01875 0.01875
0 0.01875 0.528125 0.03671875 0.05546875
0 0.125 0.53203125 0.03671875 0.06015625
0 0.375 0.534375 0.04140625 0.04140625
0 0.52109375 0.534375 0.01875 0.028125
0 0.3171875 0.5390625 0.01875 0.03671875
0 0.47890625 0.5390625 0.0234375 0.03671875
0 0.16875 0.54375 0.04609375 0.06484375
0 0.4421875 0.54375 0.0234375 0.028125
0 0.54375 0.55078125 0.028125 0.03671875
0 0.409375 0.553125 0.03203125 0.03671875
0 0.04609375 0.553125 0.028125 0.028125
0 0.09453125 0.55546875 0.04609375 0.06484375
0 0.678125 0.5578125 0.03671875 0.05078125
0 0.57421875 0.56015625 0.0234375 0.05078125
0 0.3265625 0.56015625 0.0140625 0.04140625
0 0.2265625 0.56484375 0.05546875 0.08828125
0 0.35390625 0.5671875 0.04140625 0.05078125
0 0.60390625 0.56953125 0.04140625 0.03671875
0 0.28671875 0.571875 0.06015625 0.08359375
0 0.384375 0.57890625 0.028125 0.04140625
0 0.51640625 0.58828125 0.03203125 0.05078125
0 0.02109375 0.58828125 0.03203125 0.06015625
0 0.4421875 0.59296875 0.0234375 0.04140625
0 0.05078125 0.59921875 0.028125 0.03671875
0 0.159375 0.6015625 0.04609375 0.05546875
0 0.6109375 0.634375 0.04140625 0.06484375
0 0.70390625 0.63671875 0.04609375 0.096875
0 0.7546875 0.68984375 0.09296875 0.1390625
0 0.471875 0.74765625 0.07890625 0.1109375
0 0.1203125 0.80546875 0.07421875 0.096875