0 0.88671875 0.01171875 0.04140625 0.0234375
0 0.68984375 0.096875 0.03671875 0.028125
0 0.10859375 0.10859375 0.04609375 0.05078125
0 0.7734375 0.1109375 0.04140625 0.03203125
0 0.48125 0.115625 0.04609375 0.03203125
0 0.8078125 0.01171875 0.03203125 0.0234375
0 0.4421875 0.0140625 0.03203125 0.028125
0 0.62265625 0.11796875 0.03671875 0.04140625
0 0.84296875 0.11796875 0.03671875 0.04140625
0 0.2265625 0.0140625 0.028125 0.028125
0 0.278125 0.0140625 0.0234375 0.028125
0 0.20859375 0.1296875 0.04140625 0.04140625
0 0.7015625 0.13203125 0.03671875 0.04140625
0 0.30078125 0.0140625 0.03671875 0.028125
0 0.1015625 0.0140625 0.03671875 0.028125
0 0.54375 0.13671875 0.04140625 0.04609375
0 0.06015625 0.14140625 0.05546875 0.04609375
0 0.33828125 0.14375 0.05546875 0.028125
0 0.965625 0.14375 0.03671875 0.04140625
0 0.95625 0.01640625 0.03203125 0.0234375
0 0.60390625 0.15703125 0.04140625 0.04140625
0 0.75703125 0.16171875 0.05078125 0.03671875
0 0.178125 0.16640625 0.04140625 0.03671875
0 0.6640625 0.16640625 0.04609375 0.04609375
0 0.4234375 0.16640625 0.03671875 0.03203125
0 0.465625 0.17109375 0.05078125 0.04140625
0 0.34296875 0.17109375 0.03203125 0.01875
0 0.91640625 0.17109375 0.03671875 0.04140625
0 0.18515625 0.01875 0.04140625 0.028125
0 0.59921875 0.01875 0.03671875 0.03671875
0 0.14375 0.02109375 0.04609375 0.04140625
0 0.821875 0.20390625 0.04140625 0.04140625
0 0.60390625 0.20390625 0.06484375 0.04140625
0 0.74296875 0.20625 0.03671875 0.03671875
0 0.15078125 0.21953125 0.04609375 0.04140625
0 0.25234375 0.221875 0.05078125 0.028125
0 0.35859375 0.23125 0.04609375 0.05078125
0 0.55546875 0.23828125 0.03671875 0.04140625
0 0.028125 0.24296875 0.05546875 0.05078125
0 0.39375 0.02578125 0.04609375 0.03671875
0 0.4421875 0.2453125 0.04609375 0.03671875
0 0.7015625 0.2453125 0.04140625 0.04609375
0 0.95625 0.25703125 0.05546875 0.05078125
0 0.62734375 0.26171875 0.05546875 0.05078125
0 0.52578125 0.028125 0.03203125 0.03671875
0 0.74765625 0.27578125 0.06015625 0.05546875
0 0.1203125 0.278125 0.05078125 0.05078125
0 0.2984375 0.278125 0.04609375 0.04609375
0 0.24765625 0.28046875 0.05546875 0.05078125
0 0.67109375 0.03046875 0.028125 0.03671875
0 0.87265625 0.29375 0.05546875 0.05078125
0 0.38203125 0.31015625 0.04609375 0.05078125
0 0.509375 0.31015625 0.04140625 0.04140625
0 0.86328125 0.03203125 0.03203125 0.03671875
0 0.4328125 0.321875 0.06015625 0.05078125
0 0.59921875 0.33125 0.04609375 0.05078125
0 0.696875 0.03203125 0.04140625 0.03671875
0 0.740625 0.034375 0.03671875 0.0234375
0 0.93984375 0.03671875 0.03671875 0.04140625
0 0.98359375 0.37265625 0.028125 0.08828125
0 0.84296875 0.37265625 0.06015625 0.05546875
0 0.6921875 0.38203125 0.06484375 0.06015625
0 0.25 0.41640625 0.06015625 0.05078125
0 0.15546875 0.41640625 0.08359375 0.06484375
0 0.4953125 0.04140625 0.04609375 0.04140625
0 0.79375 0.4234375 0.06953125 0.05546875
0 0.4140625 0.43046875 0.06015625 0.05546875
0 0.59453125 0.43984375 0.06953125 0.04609375
0 0.95390625 0.48125 0.06015625 0.06015625
0 0.653125 0.0046875 0.0234375 0.009375
0 0.73359375 0.00703125 0.0234375 0.0140625
0 0.1828125 0.0484375 0.03671875 0.0234375
0 0.97890625 0.0484375 0.03203125 0.04140625
0 0.30546875 0.4953125 0.07421875 0.06484375
0 0.571875 0.52109375 0.06953125 0.06953125
0 0.06015625 0.53203125 0.08828125 0.06015625
0 0.090625 0.05546875 0.04140625 0.04140625
0 0.79609375 0.5625 0.06484375 0.06484375
0 0.3171875 0.0578125 0.028125 0.03203125
0 0.83359375 0.06015625 0.03203125 0.03671875
0 0.6015625 0.0625 0.03671875 0.03671875
0 0.259375 0.0625 0.03203125 0.03203125
0 0.428125 0.06484375 0.04140625 0.03671875
0 0.903125 0.06484375 0.04140625 0.04609375
0 0.75234375 0.06484375 0.03671875 0.03671875
0 0.653125 0.0671875 0.04140625 0.04140625
0 0.54375 0.715625 0.096875 0.07421875
0 0.79609375 0.07421875 0.03671875 0.04609375
0 0.865625 0.07421875 0.03671875 0.03203125
0 0.04609375 0.76796875 0.0921875 0.0890625
0 0.98359375 0.821875 0.03203125 0.08828125
0 0.303125 0.8359375 0.1015625 0.08828125
0 0.1828125 0.08359375 0.03671875 0.028125
0 0.5140625 0.08828125 0.04140625 0.04140625
0 0.4953125 0.009375 0.028125 0.01875
0 0.64609375 0.9140625 0.115625 0.08828125
0 0.34921875 0.09296875 0.04140625 0.03671875
0 0.971875 0.09453125 0.03671875 0.03671875
0 0.28671875 0.09453125 0.04140625 0.04140625
0 0.83828125 0.946875 0.1203125 0.09296875