0 0.125 0.028125 0.04140625 0.05546875
0 0.76171875 0.28046875 0.06484375 0.1109375
0 0.028125 0.03046875 0.05546875 0.06015625
0 0.07890625 0.2890625 0.06484375 0.096875
0 0.37734375 0.30546875 0.06015625 0.1015625
0 0.67578125 0.3171875 0.05546875 0.1015625
0 0.971875 0.321875 0.04609375 0.096875
0 0.26875 0.3265625 0.05078125 0.1109375
0 0.60625 0.34296875 0.06484375 0.1109375
0 0.3484375 0.03671875 0.059375 0.0734375
0 0.92109375 0.3609375 0.08359375 0.1296875
0 0.115625 0.38671875 0.06015625 0.09296875
0 0.91796875 0.04140625 0.0421875 0.0828125
0 0.66796875 0.04140625 0.0515625 0.0828125
0 0.46953125 0.43046875 0.06953125 0.115625
0 0.8171875 0.4328125 0.07421875 0.1203125
0 0.340625 0.45625 0.06953125 0.1296875
0 0.21484375 0.04609375 0.0546875 0.0921875
0 0.6921875 0.5 0.07421875 0.1296875
0 0.134375 0.5390625 0.07421875 0.1296875
0 0.56015625 0.5578125 0.08359375 0.153125
0 0.6015625 0.06015625 0.05546875 0.096875
0 0.82421875 0.06484375 0.06015625 0.10625
0 0.465625 0.06953125 0.05078125 0.08828125
0 0.33125 0.71328125 0.08359375 0.134375
0 0.8515625 0.715625 0.06953125 0.1296875
0 0.96796875 0.0765625 0.06015625 0.1015625
0 0.18046875 0.821875 0.08359375 0.1203125
0 0.73359375 0.86328125 0.09296875 0.1484375
0 0.721875 0.10390625 0.05546875 0.10625
0 0.08359375 0.17578125 0.06015625 0.08828125
0 0.340625 0.18046875 0.05546875 0.08828125
0 0.91171875 0.2015625 0.05078125 0.096875
0 0.43515625 0.0234375 0.03671875 0.04609375
0 0.5859375 0.221875 0.06484375 0.10625
0 0.8609375 0.22421875 0.06484375 0.096875
0 0.76640625 0.02578125 0.03671875 0.05078125
0 0.23125 0.2546875 0.05546875 0.10625
0 0.47421875 0.25703125 0.06484375 0.1109375