0 0.0671875 0.03203125 0.04140625 0.05546875
0 0.625 0.33359375 0.07421875 0.134375
0 0.490625 0.33828125 0.07890625 0.134375
0 0.31015625 0.384375 0.08359375 0.134375
0 0.125 0.39140625 0.07421875 0.134375
0 0.02578125 0.403125 0.05078125 0.153125
0 0.96015625 0.49453125 0.0796875 0.1671875
0 0.375 0.52578125 0.07890625 0.153125
0 0.784375 0.5578125 0.07421875 0.1390625
0 0.2265625 0.59296875 0.07421875 0.134375
0 0.58828125 0.61796875 0.08828125 0.14375
0 0.06015625 0.7109375 0.08359375 0.134375
0 0.86796875 0.78671875 0.08828125 0.15703125
0 0.71328125 0.86796875 0.08359375 0.15703125
0 0.50234375 0.90078125 0.08828125 0.16640625
0 0.278125 0.928125 0.10625 0.134375
0 0.8890625 0.10390625 0.07421875 0.10625
0 0.94921875 0.10625 0.05546875 0.1015625
0 0.4953125 0.115625 0.04609375 0.096875
0 0.70859375 0.1203125 0.06484375 0.134375
0 0.78046875 0.13671875 0.05546875 0.09296875
0 0.63671875 0.1484375 0.04609375 0.09296875
0 0.54609375 0.16171875 0.06484375 0.125
0 0.3796875 0.16640625 0.06953125 0.10625
0 0.23359375 0.18984375 0.04140625 0.07890625
0 0.35390625 0.2015625 0.03671875 0.07421875
0 0.17578125 0.0234375 0.05546875 0.04609375
0 0.1203125 0.21796875 0.05078125 0.10625
0 0.1875 0.2359375 0.05546875 0.1203125
0 0.03046875 0.25 0.06015625 0.125
0 0.86328125 0.28203125 0.06953125 0.14375