0 0.20390625 0.240625 0.028125 0.05078125
0 0.4609375 0.2453125 0.0234375 0.04609375
0 0.31015625 0.25 0.0234375 0.04609375
0 0.2453125 0.27109375 0.03203125 0.05078125
0 0.75 0.2984375 0.0234375 0.04609375
0 0.0484375 0.303125 0.028125 0.04609375
0 0.1015625 0.31015625 0.03203125 0.05078125
0 0.6875 0.3125 0.03671875 0.04140625
0 0.18984375 0.31953125 0.03203125 0.05078125
0 0.5 0.32421875 0.028125 0.05078125
0 0.43984375 0.32890625 0.03203125 0.06484375
0 0.41640625 0.34921875 0.028125 0.04609375
0 0.56484375 0.35625 0.028125 0.05546875
0 0.5234375 0.36328125 0.03671875 0.04140625
0 0.6828125 0.365625 0.028125 0.04609375
0 0.625 0.3703125 0.03203125 0.05078125
0 0.2890625 0.38203125 0.03203125 0.05546875
0 0.8890625 0.38203125 0.0234375 0.04609375
0 0.80078125 0.384375 0.0234375 0.04140625
0 0.34453125 0.38671875 0.03203125 0.06015625
0 0.26875 0.38671875 0.03671875 0.05078125
0 0.74296875 0.3890625 0.03203125 0.04140625
0 0.85390625 0.3890625 0.028125 0.05078125
0 0.23125 0.3890625 0.04140625 0.05546875
0 0.51171875 0.40546875 0.028125 0.05078125
0 0.11796875 0.409375 0.04609375 0.05546875
0 0.9421875 0.41171875 0.03203125 0.05546875
0 0.97421875 0.41171875 0.04140625 0.07421875
0 0.77109375 0.42109375 0.03203125 0.04609375
0 0.715625 0.428125 0.028125 0.04140625
0 0.028125 0.43046875 0.04609375 0.06484375
0 0.36328125 0.43046875 0.0234375 0.05078125
0 0.409375 0.4375 0.03671875 0.05078125
0 0.82890625 0.4375 0.028125 0.05078125
0 0.340625 0.43984375 0.0234375 0.05546875
0 0.43984375 0.4421875 0.03203125 0.06484375
0 0.66640625 0.446875 0.03671875 0.07421875
0 0.215625 0.45625 0.04140625 0.06953125
0 0.26875 0.45625 0.05546875 0.07890625
0 0.490625 0.4609375 0.03671875 0.06953125
0 0.7265625 0.4765625 0.03203125 0.05078125
0 0.56015625 0.48125 0.07421875 0.1109375
0 0.803125 0.4859375 0.04140625 0.06953125
0 0.90546875 0.48828125 0.04609375 0.07890625
0 0.36796875 0.50234375 0.04140625 0.06015625
0 0.41171875 0.51171875 0.04140625 0.07421875
0 0.0234375 0.51640625 0.04140625 0.06015625
0 0.84921875 0.528125 0.028125 0.07421875
0 0.071875 0.53046875 0.04140625 0.08359375
0 0.76640625 0.53046875 0.04140625 0.07890625
0 0.125 0.53046875 0.03671875 0.06484375
0 0.9765625 0.54140625 0.03671875 0.09296875
0 0.73828125 0.5390625 0.04609375 0.06484375
0 0.19921875 0.5390625 0.04609375 0.07421875
0 0.6921875 0.5484375 0.05078125 0.04609375
0 0.16171875 0.571875 0.05546875 0.05546875
0 0.3515625 0.590625 0.05078125 0.07890625
0 0.86328125 0.6015625 0.04140625 0.06484375
0 0.24765625 0.6015625 0.04609375 0.07421875
0 0.40078125 0.625 0.06015625 0.08828125
0 0.01875 0.64140625 0.03671875 0.08359375
0 0.2984375 0.6640625 0.05546875 0.09296875
0 0.17578125 0.67578125 0.04609375 0.07421875
0 0.0765625 0.70859375 0.05078125 0.08828125
0 0.4765625 0.721875 0.1015625 0.16171875
0 0.8796875 0.76875 0.1109375 0.153125
0 0.3609375 0.10390625 0.0234375 0.03671875
0 0.38671875 0.11796875 0.028125 0.04140625
0 0.365625 0.15703125 0.0234375 0.04140625
0 0.2890625 0.16640625 0.01875 0.03671875
0 0.03203125 0.16640625 0.03671875 0.05546875
0 0.24765625 0.16875 0.0234375 0.03671875
0 0.625 0.1734375 0.01875 0.03671875
0 0.31015625 0.17578125 0.0234375 0.04140625
0 0.5859375 0.17578125 0.0234375 0.04140625
0 0.52109375 0.1875 0.028125 0.04609375
0 0.44453125 0.19453125 0.0234375 0.03671875
0 0.18984375 0.196875 0.01875 0.028125
0 0.6390625 0.20390625 0.028125 0.03203125
0 0.153125 0.20859375 0.03203125 0.04609375
0 0.60390625 0.20859375 0.01875 0.03671875
0 0.56015625 0.21796875 0.028125 0.04609375
0 0.73359375 0.21796875 0.03203125 0.05078125