0 0.13203125 0.115625 0.03203125 0.05546875
0 0.5140625 0.12265625 0.028125 0.03671875
0 0.73359375 0.125 0.0234375 0.04140625
0 0.17578125 0.12734375 0.028125 0.01875
0 0.1296875 0.0140625 0.01875 0.028125
0 0.90078125 0.14140625 0.028125 0.04140625
0 0.678125 0.14140625 0.03203125 0.04140625
0 0.34296875 0.01640625 0.03671875 0.03203125
0 0.365625 0.153125 0.03203125 0.04609375
0 0.840625 0.15546875 0.028125 0.04140625
0 0.18046875 0.16171875 0.03671875 0.04609375
0 0.821875 0.01640625 0.028125 0.03203125
0 0.51171875 0.1734375 0.028125 0.04140625
0 0.96328125 0.1828125 0.028125 0.04140625
0 0.1109375 0.02109375 0.03671875 0.04140625
0 0.5671875 0.18984375 0.028125 0.04140625
0 0.91640625 0.1921875 0.0234375 0.05078125
0 0.9859375 0.20859375 0.028125 0.05546875
0 0.321875 0.20625 0.03671875 0.05078125
0 0.89375 0.0234375 0.03671875 0.04609375
0 0.2640625 0.21796875 0.03203125 0.04140625
0 0.54140625 0.240625 0.028125 0.05078125
0 0.884375 0.24296875 0.03671875 0.05078125
0 0.6390625 0.028125 0.0234375 0.03203125
0 0.615625 0.26171875 0.03203125 0.05078125
0 0.7890625 0.26640625 0.03671875 0.05546875
0 0.57890625 0.028125 0.028125 0.04140625
0 0.47890625 0.278125 0.03203125 0.04609375
0 0.41640625 0.028125 0.028125 0.04609375
0 0.153125 0.29140625 0.04609375 0.05078125
0 0.08359375 0.2984375 0.03671875 0.04609375
0 0.29140625 0.303125 0.03203125 0.05546875
0 0.16875 0.034375 0.03671875 0.06015625
0 0.4515625 0.34921875 0.04140625 0.05546875
0 0.846875 0.03671875 0.028125 0.04609375
0 0.08125 0.3609375 0.04140625 0.06015625
0 0.9859375 0.03671875 0.028125 0.03671875
0 0.79609375 0.37734375 0.03203125 0.05078125
0 0.4859375 0.0390625 0.0234375 0.04140625
0 0.29375 0.0390625 0.01875 0.04609375
0 0.31953125 0.0390625 0.028125 0.05078125
0 0.58359375 0.403125 0.04140625 0.06015625
0 0.43984375 0.4328125 0.03203125 0.04609375
0 0.9765625 0.43515625 0.04140625 0.06015625
0 0.35859375 0.04375 0.0234375 0.04140625
0 0.7734375 0.04609375 0.0234375 0.04140625
0 0.5 0.04609375 0.0234375 0.01875
0 0.22421875 0.47421875 0.03671875 0.06015625
0 0.446875 0.490625 0.03203125 0.05546875
0 0.0671875 0.490625 0.04609375 0.06953125
0 0.71953125 0.528125 0.03203125 0.06015625
0 0.70390625 0.0578125 0.0234375 0.04140625
0 0.66875 0.5859375 0.04140625 0.06484375
0 0.68984375 0.06484375 0.01875 0.03203125
0 0.43984375 0.678125 0.04140625 0.07421875
0 0.20625 0.06953125 0.03203125 0.04609375
0 0.64375 0.06953125 0.028125 0.04140625
0 0.7734375 0.009375 0.028125 0.01875
0 0.50703125 0.0765625 0.03671875 0.04140625
0 0.68984375 0.096875 0.0234375 0.03671875
0 0.59921875 0.1015625 0.028125 0.04140625
0 0.97421875 0.1015625 0.03671875 0.04609375