0 0.46328125 0.16171875 0.06953125 0.153125
0 0.5046875 0.01875 0.028125 0.03671875
0 0.77109375 0.19921875 0.06015625 0.134375
0 0.07421875 0.259375 0.08828125 0.17578125
0 0.865625 0.2734375 0.07890625 0.2453125
0 0.96796875 0.340625 0.05546875 0.2265625
0 0.5390625 0.34453125 0.06484375 0.17109375
0 0.29375 0.3609375 0.06015625 0.16171875
0 0.35546875 0.03671875 0.0640625 0.0734375
0 0.18046875 0.48359375 0.07890625 0.18515625
0 0.7265625 0.509375 0.07890625 0.20859375
0 0.45625 0.52578125 0.07890625 0.19453125
0 0.95390625 0.0578125 0.028125 0.115625
0 0.56953125 0.06484375 0.04609375 0.1296875
0 0.2640625 0.0671875 0.07421875 0.134375
0 0.07890625 0.071875 0.07890625 0.1109375
0 0.98125 0.08828125 0.028125 0.16640625