0 0.0859375 0.1484375 0.0234375 0.06953125
0 0.45859375 0.15078125 0.0234375 0.04609375
0 0.8984375 0.01640625 0.0234375 0.03203125
0 0.60390625 0.01640625 0.01875 0.03203125
0 0.53203125 0.01875 0.01875 0.03671875
0 0.24296875 0.17578125 0.03203125 0.05546875
0 0.50234375 0.178125 0.01875 0.06015625
0 0.0625 0.1828125 0.0234375 0.03671875
0 0.1296875 0.1828125 0.0234375 0.06484375
0 0.3359375 0.1875 0.0234375 0.06953125
0 0.17109375 0.18984375 0.01875 0.06015625
0 0.15703125 0.1921875 0.01875 0.05546875
0 0.21953125 0.19453125 0.01875 0.07421875
0 0.57421875 0.196875 0.0234375 0.05546875
0 0.02578125 0.196875 0.0234375 0.06953125
0 0.3171875 0.19921875 0.01875 0.06484375
0 0.4515625 0.19921875 0.028125 0.06484375
0 0.00703125 0.215625 0.0140625 0.05078125
0 0.99296875 0.0234375 0.0140625 0.03671875
0 0.6640625 0.221875 0.01875 0.06484375
0 0.21953125 0.02578125 0.0140625 0.05078125
0 0.59453125 0.2546875 0.028125 0.06484375
0 0.29609375 0.26171875 0.0234375 0.07421875
0 0.42109375 0.26171875 0.01875 0.06953125
0 0.4375 0.028125 0.01875 0.05546875
0 0.7453125 0.26875 0.01875 0.05546875
0 0.875 0.2734375 0.0234375 0.07421875
0 0.9765625 0.27578125 0.01875 0.06015625
0 0.81015625 0.27578125 0.0234375 0.07890625
0 0.37734375 0.28046875 0.01875 0.05546875
0 0.07421875 0.28046875 0.0234375 0.06015625
0 0.18984375 0.28046875 0.028125 0.03203125
0 0.00703125 0.28671875 0.0140625 0.05546875
0 0.34921875 0.29140625 0.028125 0.06953125
0 0.20390625 0.03046875 0.01875 0.05546875
0 0.77578125 0.30546875 0.028125 0.07421875
0 0.4140625 0.31015625 0.0234375 0.06953125
0 0.59453125 0.31015625 0.0234375 0.07890625
0 0.25703125 0.3125 0.0234375 0.06015625
0 0.99296875 0.3171875 0.0140625 0.08359375
0 0.696875 0.321875 0.01875 0.06953125
0 0.65546875 0.321875 0.028125 0.07421875
0 0.66640625 0.03203125 0.0234375 0.0640625
0 0.83046875 0.03203125 0.0234375 0.0640625
0 0.39609375 0.03203125 0.0140625 0.04609375
0 0.71953125 0.3265625 0.028125 0.07421875
0 0.928125 0.3265625 0.03203125 0.06015625
0 0.16875 0.3265625 0.0234375 0.03671875
0 0.846875 0.32890625 0.0234375 0.07421875
0 0.5765625 0.33125 0.028125 0.07890625
0 0.1921875 0.33359375 0.028125 0.08828125
0 0.32421875 0.33828125 0.0234375 0.05546875
0 0.534375 0.340625 0.028125 0.08359375
0 0.02578125 0.34296875 0.0234375 0.06953125
0 0.48828125 0.34453125 0.028125 0.07421875
0 0.05078125 0.34921875 0.0234375 0.06953125
0 0.29375 0.35625 0.028125 0.06953125
0 0.8171875 0.35859375 0.028125 0.06953125
0 0.403125 0.35859375 0.03671875 0.07890625
0 0.2265625 0.35859375 0.01875 0.06953125
0 0.12265625 0.36796875 0.0234375 0.05546875
0 0.16640625 0.375 0.0234375 0.06953125
0 0.884375 0.38671875 0.028125 0.07890625
0 0.36328125 0.403125 0.028125 0.06484375
0 0.50234375 0.41171875 0.01875 0.07890625
0 0.33125 0.41171875 0.0234375 0.07890625
0 0.2546875 0.42578125 0.03203125 0.07890625
0 0.0234375 0.4328125 0.028125 0.06015625
0 0.56015625 0.4375 0.0234375 0.07890625
0 0.98359375 0.44453125 0.0234375 0.08359375
0 0.64375 0.04609375 0.0234375 0.06484375
0 0.7359375 0.04609375 0.01875 0.06953125
0 0.52578125 0.45859375 0.03203125 0.07421875
0 0.75703125 0.46796875 0.028125 0.05078125
0 0.42109375 0.4859375 0.028125 0.07421875
0 0.6109375 0.4859375 0.0234375 0.06953125
0 0.17578125 0.48828125 0.03203125 0.06015625
0 0.68984375 0.4953125 0.01875 0.07421875
0 0.259375 0.4953125 0.03203125 0.06484375
0 0.0046875 0.49765625 0.009375 0.04609375
0 0.11796875 0.50234375 0.028125 0.06015625
0 0.81484375 0.509375 0.04140625 0.07421875
0 0.04609375 0.509375 0.0234375 0.06484375
0 0.9421875 0.52109375 0.028125 0.07890625
0 0.3171875 0.52578125 0.028125 0.07421875
0 0.59453125 0.52578125 0.028125 0.06015625
0 0.14609375 0.528125 0.0140625 0.06015625
0 0.03046875 0.528125 0.03203125 0.05546875
0 0.75703125 0.53046875 0.028125 0.05078125
0 0.19921875 0.53046875 0.028125 0.05078125
0 0.52109375 0.5390625 0.028125 0.06484375
0 0.72421875 0.56015625 0.028125 0.07890625
0 0.009375 0.5671875 0.01875 0.04140625
0 0.15078125 0.57421875 0.028125 0.03203125
0 0.85390625 0.5765625 0.03203125 0.06953125
0 0.571875 0.59921875 0.0234375 0.028125
0 0.4609375 0.59921875 0.03203125 0.06015625
0 0.9328125 0.6015625 0.028125 0.07890625
0 0.0390625 0.60625 0.0234375 0.06015625
0 0.3265625 0.6109375 0.028125 0.07421875
0 0.6921875 0.61328125 0.03671875 0.08359375
0 0.40546875 0.615625 0.0234375 0.06484375
0 0.32890625 0.0625 0.0234375 0.05546875
0 0.06953125 0.0625 0.01875 0.04609375
0 0.553125 0.6203125 0.04140625 0.05546875
0 0.83828125 0.625 0.0234375 0.06953125
0 0.5046875 0.634375 0.03203125 0.08359375
0 0.06953125 0.6484375 0.028125 0.06015625
0 0.24765625 0.6484375 0.028125 0.06953125
0 0.909375 0.65546875 0.03203125 0.08359375
0 0.81484375 0.65703125 0.03203125 0.08828125
0 0.35859375 0.66640625 0.028125 0.07890625
0 0.76640625 0.66640625 0.03203125 0.08828125
0 0.65546875 0.67109375 0.03671875 0.07421875
0 0.9765625 0.68984375 0.028125 0.08828125
0 0.01640625 0.071875 0.0234375 0.05546875
0 0.57421875 0.70859375 0.03671875 0.07421875
0 0.41875 0.071875 0.0234375 0.06953125
0 0.05546875 0.71953125 0.028125 0.06015625
0 0.4375 0.7265625 0.04140625 0.096875
0 0.85390625 0.73125 0.03203125 0.07421875
0 0.6109375 0.73125 0.01875 0.06484375
0 0.26875 0.07421875 0.0234375 0.07890625
0 0.27578125 0.7359375 0.028125 0.06953125
0 0.19921875 0.74296875 0.028125 0.05546875
0 0.7546875 0.759375 0.028125 0.06484375
0 0.5390625 0.759375 0.03203125 0.07421875
0 0.03203125 0.76875 0.0234375 0.05546875
0 0.48125 0.7734375 0.03671875 0.07421875
0 0.1203125 0.07890625 0.0234375 0.05546875
0 0.6734375 0.78671875 0.03203125 0.07890625
0 0.3515625 0.8078125 0.03203125 0.096875
0 0.87734375 0.81015625 0.03671875 0.04140625
0 0.65546875 0.8171875 0.04140625 0.06953125
0 0.96796875 0.81953125 0.03203125 0.08359375
0 0.409375 0.8265625 0.0234375 0.08828125
0 0.446875 0.8359375 0.03203125 0.08359375
0 0.04609375 0.83828125 0.0234375 0.05546875
0 0.26171875 0.846875 0.028125 0.06953125
0 0.78046875 0.8609375 0.028125 0.07421875
0 0.4859375 0.08828125 0.0234375 0.07421875
0 0.7109375 0.87265625 0.028125 0.08359375
0 0.9328125 0.875 0.028125 0.09296875
0 0.34296875 0.8796875 0.04140625 0.06484375
0 0.6109375 0.08828125 0.01875 0.05546875
0 0.8265625 0.88203125 0.03203125 0.06484375
0 0.08125 0.88671875 0.0234375 0.09296875
0 0.75703125 0.8890625 0.0234375 0.07890625
0 0.38671875 0.89375 0.03671875 0.08359375
0 0.509375 0.89609375 0.028125 0.08828125
0 0.64609375 0.8984375 0.03203125 0.115625
0 0.88671875 0.903125 0.03203125 0.08359375
0 0.18515625 0.09296875 0.01875 0.06484375
0 0.85625 0.91171875 0.03671875 0.07421875
0 0.22890625 0.9140625 0.03671875 0.09296875
0 0.5578125 0.91640625 0.03203125 0.06953125
0 0.48828125 0.91640625 0.028125 0.1015625
0 0.61796875 0.91640625 0.03203125 0.08828125
0 0.29140625 0.91875 0.0234375 0.06015625
0 0.69453125 0.93515625 0.028125 0.06484375
0 0.52109375 0.09453125 0.01875 0.06015625
0 0.98359375 0.946875 0.03203125 0.07421875
0 0.4328125 0.9515625 0.04140625 0.09296875
0 0.7890625 0.95625 0.05078125 0.07890625
0 0.5859375 0.096875 0.0234375 0.06015625
0 0.68984375 0.96953125 0.04140625 0.06015625
0 0.33828125 0.971875 0.03671875 0.05546875
0 0.85390625 0.9765625 0.04140625 0.04140625
0 0.0671875 0.98828125 0.028125 0.01875
0 0.259375 0.009375 0.01875 0.01875
0 0.29609375 0.01171875 0.0234375 0.0234375
0 0.38671875 0.1015625 0.0234375 0.07890625
0 0.88203125 0.1109375 0.0234375 0.07421875
0 0.98828125 0.1109375 0.0234375 0.06015625
0 0.90703125 0.115625 0.01875 0.06484375
0 0.78203125 0.1203125 0.01875 0.06953125
0 0.94453125 0.12265625 0.01875 0.07890625
0 0.15078125 0.1296875 0.01875 0.0234375
0 0.1109375 0.0140625 0.01875 0.0234375
0 0.29609375 0.14140625 0.0234375 0.06484375
0 0.009375 0.14375 0.01875 0.07421875
0 0.67578125 0.14609375 0.0234375 0.06015625