0 0.34921875 0.1109375 0.04140625 0.06953125
0 0.215625 0.11328125 0.03203125 0.06484375
0 0.57421875 0.11328125 0.05078125 0.06953125
0 0.1203125 0.12265625 0.04609375 0.05078125
0 0.78671875 0.0140625 0.05078125 0.028125
0 0.81484375 0.1296875 0.05546875 0.08828125
0 0.95859375 0.14609375 0.04609375 0.06484375
0 0.034375 0.1484375 0.04609375 0.05546875
0 0.865625 0.16640625 0.04140625 0.05546875
0 0.115625 0.1734375 0.05546875 0.06953125
0 0.759375 0.1875 0.06015625 0.08828125
0 0.94453125 0.18984375 0.05078125 0.06953125
0 0.41171875 0.2265625 0.06015625 0.07890625
0 0.5859375 0.23125 0.05078125 0.08828125
0 0.31484375 0.23359375 0.04609375 0.07890625
0 0.55546875 0.2546875 0.05078125 0.08359375
0 0.43046875 0.28046875 0.05078125 0.08359375
0 0.9765625 0.28671875 0.04609375 0.07890625
0 0.9375 0.034375 0.06484375 0.06484375
0 0.14375 0.34921875 0.06015625 0.07421875
0 0.25703125 0.35859375 0.05078125 0.06953125
0 0.65546875 0.3703125 0.05078125 0.08359375
0 0.3796875 0.375 0.05546875 0.07421875
0 0.45390625 0.39609375 0.06953125 0.07421875
0 0.2734375 0.41171875 0.05546875 0.07890625
0 0.71328125 0.41171875 0.06484375 0.10625
0 0.98359375 0.42578125 0.0234375 0.09296875
0 0.53671875 0.428125 0.05546875 0.08359375
0 0.3125 0.45390625 0.06484375 0.07421875
0 0.009375 0.4609375 0.0140625 0.096875
0 0.14609375 0.46328125 0.06015625 0.09296875
0 0.80546875 0.465625 0.05546875 0.08828125
0 0.43984375 0.04609375 0.05078125 0.07890625
0 0.24296875 0.5046875 0.06484375 0.08828125
0 0.365625 0.50703125 0.07890625 0.08359375
0 0.80078125 0.509375 0.05078125 0.07890625
0 0.10390625 0.5140625 0.05078125 0.06484375
0 0.37734375 0.5671875 0.06015625 0.08359375
0 0.66171875 0.0578125 0.05078125 0.08359375
0 0.53203125 0.58359375 0.07421875 0.08359375
0 0.01171875 0.0578125 0.0234375 0.06953125
0 0.803125 0.58828125 0.06015625 0.096875
0 0.89375 0.61328125 0.05078125 0.07421875
0 0.7546875 0.62265625 0.07890625 0.10625
0 0.55546875 0.6921875 0.05078125 0.1109375
0 0.4328125 0.71796875 0.06015625 0.1109375
0 0.9515625 0.72421875 0.05078125 0.08828125
0 0.071875 0.75 0.07421875 0.07890625
0 0.82890625 0.75234375 0.07421875 0.096875
0 0.21796875 0.76171875 0.05546875 0.09296875
0 0.6828125 0.7640625 0.06953125 0.10625
0 0.8890625 0.76640625 0.05078125 0.07890625
0 0.29375 0.7890625 0.05546875 0.096875
0 0.8359375 0.840625 0.06953125 0.10625
0 0.715625 0.0859375 0.04140625 0.08359375
0 0.534375 0.85859375 0.07890625 0.096875
0 0.55078125 0.08828125 0.05078125 0.07890625
0 0.31484375 0.865625 0.08359375 0.08359375
0 0.13671875 0.875 0.08828125 0.06953125
0 0.41875 0.88203125 0.07421875 0.05078125
0 0.096875 0.88203125 0.09296875 0.04140625
0 0.18046875 0.090625 0.05078125 0.07421875