0 0.53203125 0.31484375 0.03671875 0.06484375
0 0.35859375 0.3265625 0.04140625 0.06484375
0 0.6296875 0.3359375 0.04609375 0.07890625
0 0.46328125 0.340625 0.03203125 0.05546875
0 0.7546875 0.340625 0.04609375 0.06015625
0 0.56953125 0.34296875 0.03671875 0.06953125
0 0.29140625 0.3796875 0.04140625 0.06953125
0 0.3890625 0.38203125 0.04609375 0.07421875
0 0.6921875 0.384375 0.03671875 0.07890625
0 0.50703125 0.39609375 0.04609375 0.08359375
0 0.240625 0.39609375 0.05078125 0.09296875
0 0.4375 0.403125 0.04609375 0.07890625
0 0.76171875 0.41171875 0.03671875 0.06015625
0 0.321875 0.42109375 0.05078125 0.08359375
0 0.596875 0.4328125 0.05078125 0.07421875
0 0.659375 0.48828125 0.04140625 0.07421875
0 0.7890625 0.52578125 0.04609375 0.08828125
0 0.5390625 0.53203125 0.05078125 0.096875
0 0.3796875 0.56015625 0.04609375 0.06953125
0 0.4609375 0.571875 0.05078125 0.08828125