0 0.60390625 0.071875 0.03203125 0.0234375
0 0.5484375 0.71953125 0.06484375 0.03671875
0 0.0671875 0.72421875 0.06953125 0.01875
0 0.3609375 0.07421875 0.03671875 0.028125
0 0.86796875 0.73125 0.06015625 0.03671875
0 0.3171875 0.73125 0.06015625 0.04140625
0 0.95546875 0.73515625 0.0890625 0.0609375
0 0.0140625 0.74765625 0.028125 0.03203125
0 0.8359375 0.07421875 0.04140625 0.028125
0 0.14140625 0.7546875 0.06953125 0.04609375
0 0.875 0.0765625 0.04140625 0.028125
0 0.071875 0.76171875 0.06953125 0.04140625
0 0.39609375 0.0765625 0.03671875 0.0234375
0 0.84296875 0.7734375 0.06015625 0.04609375
0 0.73359375 0.7734375 0.06953125 0.04609375
0 0.20625 0.78046875 0.06484375 0.04140625
0 0.6390625 0.07890625 0.03671875 0.0234375
0 0.03046875 0.7890625 0.06015625 0.05078125
0 0.1203125 0.79375 0.04609375 0.03203125
0 0.42109375 0.08359375 0.03203125 0.028125
0 0.1734375 0.82890625 0.06953125 0.04140625
0 0.4421875 0.0859375 0.04140625 0.028125
0 0.09296875 0.846875 0.06484375 0.04140625
0 0.79140625 0.8609375 0.06484375 0.05078125
0 0.2453125 0.009375 0.03203125 0.01875
0 0.52578125 0.86796875 0.08828125 0.03671875
0 0.65703125 0.884375 0.07421875 0.04609375
0 0.71796875 0.88671875 0.05546875 0.04609375
0 0.5484375 0.903125 0.08828125 0.05078125
0 0.94453125 0.90703125 0.1015625 0.05546875
0 0.39609375 0.91171875 0.07890625 0.04140625
0 0.46953125 0.9140625 0.07890625 0.04140625
0 0.48125 0.09453125 0.03671875 0.028125
0 0.678125 0.09453125 0.03203125 0.028125
0 0.90703125 0.09921875 0.03203125 0.03203125
0 0.73828125 0.01171875 0.03203125 0.0234375
0 0.03203125 0.1015625 0.03671875 0.01875
0 0.9328125 0.1015625 0.04140625 0.028125
0 0.70859375 0.1015625 0.0234375 0.028125
0 0.009375 0.1015625 0.01875 0.0234375
0 0.528125 0.10390625 0.03203125 0.028125
0 0.93515625 0.01171875 0.04140625 0.0234375
0 0.5484375 0.10859375 0.03203125 0.0234375
0 0.721875 0.1109375 0.03671875 0.03671875
0 0.10625 0.1109375 0.04140625 0.028125
0 0.784375 0.115625 0.03671875 0.0234375
0 0.56953125 0.1203125 0.028125 0.01875
0 0.98359375 0.1203125 0.028125 0.03203125
0 0.196875 0.01171875 0.03203125 0.0234375
0 0.04609375 0.12265625 0.04140625 0.0234375
0 0.60390625 0.125 0.03671875 0.01875
0 0.67109375 0.12734375 0.03671875 0.01875
0 0.24765625 0.1296875 0.04140625 0.01875
0 0.196875 0.13203125 0.03203125 0.028125
0 0.86328125 0.134375 0.03671875 0.01875
0 0.2359375 0.14140625 0.03203125 0.028125
0 0.63203125 0.14140625 0.03671875 0.0234375
0 0.2640625 0.14609375 0.0234375 0.028125
0 0.66875 0.14609375 0.03203125 0.0234375
0 0.93046875 0.14609375 0.03203125 0.028125
0 0.884375 0.15078125 0.04140625 0.0234375
0 0.43046875 0.01640625 0.03203125 0.0140625
0 0.715625 0.15703125 0.03671875 0.028125
0 0.28203125 0.159375 0.03203125 0.028125
0 0.8171875 0.1640625 0.04609375 0.01875
0 0.74765625 0.1640625 0.03671875 0.03203125
0 0.946875 0.1640625 0.04140625 0.03203125
0 0.803125 0.01640625 0.03203125 0.0234375
0 0.39375 0.17109375 0.03671875 0.028125
0 0.778125 0.01875 0.03203125 0.028125
0 0.77109375 0.17578125 0.03671875 0.028125
0 0.98359375 0.178125 0.0234375 0.03203125
0 0.01875 0.1828125 0.03671875 0.028125
0 0.990625 0.1875 0.009375 0.0234375
0 0.82421875 0.1875 0.04609375 0.028125
0 0.846875 0.19921875 0.03671875 0.028125
0 0.06484375 0.2015625 0.03671875 0.03203125
0 0.45859375 0.20390625 0.03671875 0.028125
0 0.375 0.20390625 0.03671875 0.01875
0 0.0390625 0.20625 0.03671875 0.028125
0 0.43515625 0.21328125 0.03203125 0.0234375
0 0.090625 0.21328125 0.04140625 0.028125
0 0.93984375 0.215625 0.05546875 0.01875
0 0.3609375 0.21796875 0.0234375 0.01875
0 0.88203125 0.21796875 0.04140625 0.028125
0 0.93515625 0.23828125 0.04140625 0.03203125
0 0.553125 0.24765625 0.04140625 0.0234375
0 0.22421875 0.25 0.04609375 0.01875
0 0.3703125 0.25 0.04609375 0.0140625
0 0.509375 0.25 0.03203125 0.028125
0 0.5671875 0.02578125 0.01875 0.01875
0 0.6390625 0.2546875 0.04609375 0.028125
0 0.028125 0.25703125 0.03671875 0.0234375
0 0.99296875 0.259375 0.0140625 0.028125
0 0.215625 0.26640625 0.04140625 0.0234375
0 0.05546875 0.27109375 0.028125 0.0234375
0 0.36796875 0.27109375 0.028125 0.0234375
0 0.3984375 0.27578125 0.03671875 0.0234375
0 0.10625 0.27578125 0.04140625 0.0140625
0 0.6015625 0.278125 0.04609375 0.03203125
0 0.43984375 0.28671875 0.03671875 0.0234375
0 0.1203125 0.2890625 0.03203125 0.01875
0 0.153125 0.29140625 0.04140625 0.0046875
0 0.8265625 0.03046875 0.03671875 0.028125
0 0.71953125 0.29609375 0.03671875 0.0234375
0 0.903125 0.2984375 0.04140625 0.03203125
0 0.0859375 0.30078125 0.05078125 0.028125
0 0.48125 0.3078125 0.04609375 0.0234375
0 0.15546875 0.31015625 0.04609375 0.03203125
0 0.73828125 0.31484375 0.03203125 0.0234375
0 0.3890625 0.03203125 0.028125 0.0234375
0 0.58125 0.03203125 0.04140625 0.0234375
0 0.215625 0.321875 0.03203125 0.0140625
0 0.36328125 0.3265625 0.04609375 0.01875
0 0.18515625 0.3265625 0.028125 0.028125
0 0.48359375 0.3359375 0.03671875 0.0234375
0 0.69921875 0.33828125 0.04609375 0.03203125
0 0.215625 0.340625 0.04140625 0.0234375
0 0.63203125 0.034375 0.04140625 0.01875
0 0.1734375 0.34453125 0.04140625 0.01875
0 0.365625 0.346875 0.0234375 0.03203125
0 0.41875 0.034375 0.028125 0.028125
0 0.3984375 0.35625 0.04140625 0.0234375
0 0.2640625 0.35859375 0.04609375 0.01875
0 0.65703125 0.3609375 0.04140625 0.03203125
0 0.70625 0.36796875 0.04140625 0.03203125
0 0.178125 0.36796875 0.04140625 0.0234375
0 0.553125 0.3703125 0.05078125 0.028125
0 0.75234375 0.3796875 0.03671875 0.03671875
0 0.28046875 0.3796875 0.04140625 0.028125
0 0.884375 0.0390625 0.04140625 0.028125
0 0.721875 0.403125 0.03671875 0.03203125
0 0.4421875 0.40703125 0.05078125 0.0234375
0 0.76875 0.40703125 0.05546875 0.0234375
0 0.3078125 0.409375 0.05078125 0.0234375
0 0.23828125 0.04140625 0.03203125 0.028125
0 0.2890625 0.43046875 0.05078125 0.0234375
0 0.6109375 0.4421875 0.04140625 0.028125
0 0.77109375 0.4421875 0.04609375 0.03671875
0 0.95390625 0.04375 0.03671875 0.028125
0 0.73828125 0.446875 0.04609375 0.03203125
0 0.240625 0.44921875 0.03671875 0.01875
0 0.6875 0.45625 0.04609375 0.03203125
0 0.5671875 0.45859375 0.05078125 0.028125
0 0.284375 0.4609375 0.04609375 0.0234375
0 0.93046875 0.04609375 0.0234375 0.028125
0 0.2359375 0.471875 0.04140625 0.0234375
0 0.284375 0.4953125 0.04140625 0.028125
0 0.46953125 0.05078125 0.028125 0.0234375
0 0.590625 0.5 0.05546875 0.028125
0 0.803125 0.50234375 0.05078125 0.03671875
0 0.59296875 0.0046875 0.028125 0.009375
0 0.64140625 0.00703125 0.03203125 0.0140625
0 0.43515625 0.5046875 0.05078125 0.0234375
0 0.27578125 0.05078125 0.028125 0.0234375
0 0.009375 0.5140625 0.01875 0.028125
0 0.24765625 0.51875 0.04140625 0.028125
0 0.29140625 0.5234375 0.05078125 0.01875
0 0.634375 0.528125 0.05546875 0.0234375
0 0.42109375 0.53203125 0.05546875 0.028125
0 0.5765625 0.53671875 0.04140625 0.03671875
0 0.2890625 0.54375 0.04609375 0.028125
0 0.25234375 0.553125 0.05078125 0.028125
0 0.509375 0.553125 0.04609375 0.03671875
0 0.3078125 0.05546875 0.03203125 0.0234375
0 0.64609375 0.56015625 0.06484375 0.028125
0 0.553125 0.05546875 0.04140625 0.028125
0 0.18984375 0.57421875 0.03671875 0.03203125
0 0.23359375 0.57890625 0.05078125 0.01875
0 0.3984375 0.57890625 0.05546875 0.03671875
0 0.44453125 0.0578125 0.0234375 0.01875
0 0.0625 0.58359375 0.03671875 0.028125
0 0.221875 0.596875 0.05546875 0.01875
0 0.990625 0.0625 0.009375 0.03203125
0 0.090625 0.596875 0.04609375 0.03203125
0 0.6203125 0.6015625 0.05546875 0.03203125
0 0.23125 0.61796875 0.04609375 0.03203125
0 0.8078125 0.0625 0.03671875 0.028125
0 0.98828125 0.634375 0.0140625 0.028125
0 0.19921875 0.634375 0.05078125 0.04140625
0 0.60625 0.6390625 0.04609375 0.03671875
0 0.32890625 0.6390625 0.04609375 0.03671875
0 0.04609375 0.64140625 0.04609375 0.028125
0 0.66875 0.6484375 0.06484375 0.03671875
0 0.0140625 0.6484375 0.028125 0.03671875
0 0.15703125 0.653125 0.05546875 0.03671875
0 0.97890625 0.67109375 0.04140625 0.04140625
0 0.25703125 0.67578125 0.05546875 0.03671875
0 0.6296875 0.67578125 0.06484375 0.03671875
0 0.11328125 0.678125 0.05546875 0.03671875
0 0.92578125 0.68984375 0.05546875 0.03671875
0 0.33125 0.06953125 0.03203125 0.028125
0 0.07421875 0.69921875 0.06953125 0.028125