0 0.77109375 0.47421875 0.0046875 0.009375
0 0.5625 0.48828125 0.009375 0.009375
0 0.52109375 0.490625 0.0046875 0.0140625
0 0.553125 0.490625 0.0046875 0.0046875
0 0.653125 0.490625 0.009375 0.01875
0 0.66875 0.490625 0.009375 0.0140625
0 0.76171875 0.4953125 0.009375 0.009375
0 0.6015625 0.4953125 0.009375 0.01875
0 0.34921875 0.49765625 0.0140625 0.0140625
0 0.778125 0.49765625 0.0140625 0.0140625
0 0.38671875 0.5 0.009375 0.0140625
0 0.36796875 0.50234375 0.0046875 0.009375
0 0.471875 0.50234375 0.009375 0.0140625
0 0.40078125 0.5046875 0.009375 0.01875
0 0.509375 0.5046875 0.0140625 0.01875
0 0.590625 0.5046875 0.0046875 0.0140625
0 0.33125 0.5046875 0.0140625 0.0140625
0 0.31953125 0.509375 0.0140625 0.0140625
0 0.00703125 0.509375 0.009375 0.01875
0 0.446875 0.51171875 0.0140625 0.009375
0 0.08125 0.5140625 0.0140625 0.01875
0 0.89140625 0.51640625 0.009375 0.01875
0 0.05078125 0.51640625 0.009375 0.0140625
0 0.49296875 0.51875 0.0140625 0.01875
0 0.06015625 0.51875 0.009375 0.01875
0 0.90703125 0.52109375 0.009375 0.01875
0 0.83125 0.53203125 0.01875 0.01875
0 0.58828125 0.54609375 0.0140625 0.01875
0 0.846875 0.5578125 0.01875 0.028125
0 0.928125 0.5578125 0.01875 0.028125
0 0.6828125 0.5578125 0.0140625 0.0140625
0 0.46796875 0.56484375 0.01875 0.0140625
0 0.51875 0.56484375 0.0140625 0.0140625
0 0.509375 0.5671875 0.0140625 0.0140625
0 0.00703125 0.56953125 0.0046875 0.0140625
0 0.81953125 0.56953125 0.01875 0.028125
0 0.89609375 0.571875 0.01875 0.028125
0 0.5625 0.571875 0.0140625 0.01875
0 0.66875 0.571875 0.01875 0.01875
0 0.4953125 0.57421875 0.0140625 0.0140625
0 0.740625 0.57421875 0.0140625 0.028125
0 0.13203125 0.5765625 0.0046875 0.0140625
0 0.01875 0.5765625 0.009375 0.0140625
0 0.35859375 0.5765625 0.0140625 0.01875
0 0.409375 0.5765625 0.0140625 0.0140625
0 0.7640625 0.5765625 0.0140625 0.0140625
0 0.3265625 0.57890625 0.0140625 0.01875
0 0.54140625 0.57890625 0.0140625 0.01875
0 0.37265625 0.57890625 0.0140625 0.0140625
0 0.45625 0.57890625 0.0140625 0.0140625
0 0.06015625 0.57890625 0.009375 0.01875
0 0.00703125 0.57890625 0.0140625 0.01875
0 0.83828125 0.57890625 0.01875 0.03203125
0 0.34921875 0.58125 0.009375 0.0140625
0 0.4421875 0.58125 0.0140625 0.01875
0 0.928125 0.58359375 0.01875 0.028125
0 0.03671875 0.58359375 0.0140625 0.01875
0 0.68515625 0.5859375 0.01875 0.01875
0 0.69921875 0.5859375 0.01875 0.03203125
0 0.79609375 0.5859375 0.0234375 0.03203125
0 0.125 0.5859375 0.0140625 0.0234375
0 0.05546875 0.58828125 0.009375 0.0140625
0 0.48359375 0.58828125 0.0140625 0.01875
0 0.4953125 0.59296875 0.0140625 0.01875
0 0.5140625 0.59296875 0.0140625 0.01875
0 0.62734375 0.59296875 0.0140625 0.01875
0 0.08125 0.596875 0.0140625 0.0234375
0 0.35625 0.59921875 0.01875 0.01875
0 0.77109375 0.6015625 0.01875 0.03203125
0 0.39375 0.6015625 0.0140625 0.01875
0 0.3171875 0.60390625 0.0140625 0.028125
0 0.33828125 0.60390625 0.01875 0.028125
0 0.54375 0.60390625 0.0140625 0.01875
0 0.0625 0.60625 0.009375 0.0234375
0 0.33125 0.60625 0.01875 0.028125
0 0.428125 0.60625 0.0140625 0.01875
0 0.51640625 0.60859375 0.0140625 0.028125
0 0.1734375 0.60859375 0.01875 0.03203125
0 0.28046875 0.6109375 0.01875 0.01875
0 0.14609375 0.6109375 0.009375 0.01875
0 0.4140625 0.61328125 0.0140625 0.01875
0 0.11328125 0.61328125 0.0140625 0.028125
0 0.09921875 0.615625 0.0140625 0.03203125
0 0.1296875 0.615625 0.01875 0.01875
0 0.29609375 0.61796875 0.0140625 0.01875
0 0.034375 0.625 0.01875 0.03671875
0 0.715625 0.625 0.0234375 0.03671875
0 0.05546875 0.62734375 0.0140625 0.01875
0 0.759375 0.6296875 0.028125 0.04609375
0 0.81015625 0.6296875 0.028125 0.05078125
0 0.8359375 0.63203125 0.028125 0.04140625
0 0.98828125 0.63203125 0.0234375 0.028125
0 0.97890625 0.6390625 0.01875 0.01875
0 0.86796875 0.64140625 0.0234375 0.04609375
0 0.69453125 0.6484375 0.0140625 0.01875
0 0.15546875 0.65703125 0.028125 0.04140625
0 0.115625 0.659375 0.0234375 0.03203125
0 0.36796875 0.66171875 0.0234375 0.028125
0 0.91171875 0.66171875 0.028125 0.04140625
0 0.01171875 0.66640625 0.0234375 0.04609375
0 0.32890625 0.66875 0.0234375 0.03203125
0 0.3890625 0.66875 0.0234375 0.028125
0 0.428125 0.66875 0.03203125 0.04609375
0 0.54609375 0.6734375 0.028125 0.03203125
0 0.08125 0.6734375 0.03203125 0.03203125
0 0.1390625 0.67578125 0.028125 0.05078125
0 0.59921875 0.6828125 0.028125 0.03671875
0 0.43984375 0.721875 0.03203125 0.04140625
0 0.19921875 0.79609375 0.03203125 0.06015625
0 0.48125 0.79609375 0.028125 0.04609375
0 0.08125 0.82890625 0.03671875 0.06015625
0 0.071875 0.89140625 0.05078125 0.06484375