0 0.01875 0.5046875 0.01875 0.028125
0 0.1390625 0.51171875 0.0140625 0.01875
0 0.12265625 0.51171875 0.0140625 0.01875
0 0.18046875 0.5140625 0.01875 0.0140625
0 0.10859375 0.5140625 0.01875 0.0234375
0 0.05078125 0.51640625 0.0140625 0.01875
0 0.29375 0.51640625 0.0140625 0.01875
0 0.221875 0.51875 0.01875 0.01875
0 0.159375 0.51875 0.0140625 0.01875
0 0.56015625 0.52109375 0.0140625 0.01875
0 0.19453125 0.5234375 0.0140625 0.0140625
0 0.1296875 0.5234375 0.01875 0.01875
0 0.4609375 0.5234375 0.0140625 0.01875
0 0.52109375 0.528125 0.0140625 0.01875
0 0.596875 0.528125 0.0140625 0.01875
0 0.409375 0.528125 0.0140625 0.01875
0 0.25234375 0.528125 0.0140625 0.01875
0 0.35625 0.528125 0.0140625 0.01875
0 0.53671875 0.53046875 0.0140625 0.0140625
0 0.4953125 0.53046875 0.0140625 0.01875
0 0.58359375 0.53046875 0.01875 0.01875
0 0.60625 0.53046875 0.0140625 0.0140625
0 0.48125 0.53203125 0.01875 0.01875
0 0.21328125 0.53203125 0.01875 0.028125
0 0.33828125 0.53203125 0.01875 0.028125
0 0.42578125 0.534375 0.0140625 0.01875
0 0.07421875 0.53671875 0.0140625 0.01875
0 0.240625 0.5390625 0.01875 0.01875
0 0.3703125 0.5390625 0.0140625 0.01875
0 0.41875 0.5390625 0.01875 0.01875
0 0.284375 0.54140625 0.01875 0.01875
0 0.39140625 0.54140625 0.0140625 0.0140625
0 0.0390625 0.60859375 0.0234375 0.03203125
0 0.89609375 0.6109375 0.01875 0.03203125
0 0.66875 0.61328125 0.0140625 0.028125
0 0.63203125 0.61328125 0.0234375 0.0234375
0 0.8265625 0.615625 0.0140625 0.0234375
0 0.65546875 0.615625 0.01875 0.01875
0 0.52109375 0.61796875 0.01875 0.03203125
0 0.20390625 0.61796875 0.01875 0.0234375
0 0.259375 0.6203125 0.0234375 0.0234375
0 0.68984375 0.6203125 0.0140625 0.01875
0 0.784375 0.6203125 0.01875 0.028125
0 0.95390625 0.6203125 0.0140625 0.0234375
0 0.2359375 0.6203125 0.0234375 0.028125
0 0.76171875 0.62265625 0.0234375 0.03203125
0 0.56484375 0.62265625 0.0140625 0.0140625
0 0.60390625 0.62265625 0.0140625 0.0140625
0 0.44921875 0.625 0.01875 0.0234375
0 0.9765625 0.625 0.0140625 0.0234375
0 0.26875 0.625 0.01875 0.028125
0 0.5390625 0.625 0.01875 0.0234375
0 0.10625 0.625 0.0234375 0.028125
0 0.40078125 0.625 0.0234375 0.028125
0 0.0671875 0.62734375 0.0234375 0.0234375
0 0.18046875 0.62734375 0.01875 0.0234375
0 0.1640625 0.62734375 0.028125 0.03203125
0 0.384375 0.6296875 0.01875 0.0234375
0 0.803125 0.6296875 0.028125 0.03203125
0 0.990625 0.6296875 0.0140625 0.01875
0 0.41875 0.6296875 0.0140625 0.01875
0 0.490625 0.6296875 0.01875 0.0234375
0 0.4765625 0.63203125 0.01875 0.01875
0 0.3078125 0.634375 0.01875 0.0234375
0 0.7890625 0.634375 0.01875 0.0234375
0 0.59453125 0.634375 0.0140625 0.01875
0 0.15078125 0.63671875 0.028125 0.03203125
0 0.70390625 0.63671875 0.0234375 0.0234375
0 0.85390625 0.63671875 0.04140625 0.06484375
0 0.72890625 0.6390625 0.0140625 0.0234375
0 0.56015625 0.64140625 0.0234375 0.028125
0 0.60625 0.6484375 0.01875 0.028125
0 0.66171875 0.65078125 0.0234375 0.028125
0 0.33828125 0.6875 0.0234375 0.028125