0 0.46328125 0.20390625 0.06015625 0.125
0 0.1640625 0.20859375 0.028125 0.06015625
0 0.18984375 0.24296875 0.028125 0.04609375
0 0.2265625 0.2546875 0.03203125 0.04609375
0 0.68046875 0.2546875 0.04609375 0.08359375
0 0.06953125 0.25703125 0.06953125 0.1203125
0 0.6109375 0.25703125 0.05546875 0.1015625
0 0.35390625 0.26640625 0.028125 0.04609375
0 0.70625 0.27109375 0.028125 0.06015625
0 0.96796875 0.28203125 0.05078125 0.06953125
0 0.4953125 0.28203125 0.04140625 0.06015625
0 0.27578125 0.284375 0.05546875 0.10625
0 0.86796875 0.28671875 0.0234375 0.028125
0 0.6921875 0.29140625 0.01875 0.0234375
0 0.321875 0.29375 0.028125 0.05078125
0 0.55546875 0.29375 0.0234375 0.04140625
0 0.73125 0.29609375 0.0234375 0.028125
0 0.88671875 0.303125 0.0140625 0.0234375
0 0.90703125 0.31484375 0.01875 0.0234375
0 0.80078125 0.3515625 0.06953125 0.115625