0 0.69453125 0.2546875 0.0234375 0.0140625
0 0.615625 0.25703125 0.03203125 0.03671875
0 0.75234375 0.259375 0.028125 0.04140625
0 0.8515625 0.259375 0.0234375 0.03203125
0 0.64375 0.2640625 0.028125 0.03203125
0 0.8078125 0.27109375 0.028125 0.05078125
0 0.89609375 0.27109375 0.03671875 0.04609375
0 0.7265625 0.27578125 0.03203125 0.04140625
0 0.82890625 0.278125 0.028125 0.04140625
0 0.85625 0.28203125 0.0234375 0.03203125
0 0.7890625 0.28203125 0.028125 0.03671875
0 0.590625 0.28203125 0.03671875 0.05546875
0 0.92578125 0.284375 0.03671875 0.05078125
0 0.68515625 0.284375 0.01875 0.03203125
0 0.62265625 0.28671875 0.028125 0.03671875
0 0.659375 0.2890625 0.03203125 0.03671875
0 0.70859375 0.2890625 0.028125 0.03203125
0 0.5484375 0.303125 0.04140625 0.05546875
0 0.659375 0.30546875 0.0234375 0.03671875
0 0.8609375 0.3125 0.03671875 0.04609375
0 0.7265625 0.31953125 0.028125 0.03203125
0 0.75 0.31953125 0.0234375 0.03671875
0 0.67578125 0.33359375 0.03203125 0.04609375
0 0.77578125 0.33359375 0.04140625 0.06484375
0 0.61796875 0.3359375 0.03671875 0.05546875
0 0.95390625 0.3359375 0.05078125 0.07421875
0 0.70390625 0.34921875 0.04609375 0.06953125
0 0.740625 0.34921875 0.03203125 0.028125
0 0.92109375 0.36796875 0.05546875 0.06484375
0 0.678125 0.384375 0.03203125 0.05078125
0 0.45859375 0.384375 0.04609375 0.06015625
0 0.75 0.38671875 0.03203125 0.06484375
0 0.79140625 0.39375 0.04140625 0.06953125
0 0.37734375 0.3984375 0.03671875 0.06015625
0 0.64609375 0.403125 0.04140625 0.06953125
0 0.5625 0.41171875 0.04140625 0.03671875
0 0.17578125 0.41640625 0.05546875 0.07421875
0 0.50234375 0.41875 0.03671875 0.06484375
0 0.884375 0.4234375 0.05078125 0.08359375
0 0.85859375 0.43984375 0.04609375 0.07890625
0 0.71796875 0.4421875 0.04140625 0.06484375
0 0.125 0.446875 0.04140625 0.06953125
0 0.3359375 0.44921875 0.03671875 0.05546875
0 0.83125 0.44921875 0.03203125 0.06953125
0 0.35625 0.45625 0.05078125 0.06484375
0 0.58828125 0.4609375 0.04140625 0.04140625
0 0.7890625 0.4609375 0.04609375 0.03203125
0 0.553125 0.46328125 0.03203125 0.06484375
0 0.40078125 0.465625 0.04609375 0.06484375
0 0.47421875 0.46796875 0.04140625 0.07421875
0 0.24296875 0.471875 0.03203125 0.04140625
0 0.43984375 0.471875 0.03671875 0.06484375
0 0.1640625 0.4765625 0.05078125 0.06484375
0 0.30078125 0.48125 0.03671875 0.06015625
0 0.21953125 0.48828125 0.05078125 0.06484375
0 0.7890625 0.490625 0.04140625 0.05078125
0 0.259375 0.5 0.03203125 0.05078125
0 0.5 0.5 0.05078125 0.07421875
0 0.278125 0.50703125 0.028125 0.06015625
0 0.02109375 0.51640625 0.04140625 0.09296875
0 0.59921875 0.51640625 0.05078125 0.06953125
0 0.18046875 0.52109375 0.04609375 0.05078125
0 0.35625 0.53046875 0.05078125 0.06953125
0 0.778125 0.54140625 0.05078125 0.06484375
0 0.4859375 0.56015625 0.04609375 0.096875
0 0.4140625 0.58359375 0.05078125 0.06484375
0 0.5390625 0.58359375 0.05078125 0.09296875
0 0.31953125 0.5859375 0.05078125 0.07421875
0 0.1921875 0.60390625 0.05546875 0.096875
0 0.60625 0.60625 0.06953125 0.10625
0 0.8078125 0.625 0.06484375 0.1015625
0 0.365625 0.6296875 0.05546875 0.07421875
0 0.9234375 0.65703125 0.06484375 0.08359375
0 0.2890625 0.66640625 0.06484375 0.07421875
0 0.97890625 0.67109375 0.04140625 0.09296875
0 0.41875 0.6828125 0.07421875 0.1015625
0 0.68984375 0.6828125 0.06484375 0.096875
0 0.14609375 0.696875 0.07890625 0.10625
0 0.57421875 0.721875 0.06484375 0.10625
0 0.08125 0.73828125 0.06953125 0.1015625
0 0.91875 0.74765625 0.06484375 0.10625
0 0.32421875 0.7734375 0.04609375 0.06953125
0 0.38671875 0.778125 0.05546875 0.08828125
0 0.2984375 0.78203125 0.06015625 0.115625
0 0.03046875 0.78671875 0.06015625 0.134375
0 0.46796875 0.79140625 0.06484375 0.1015625
0 0.1921875 0.8078125 0.08828125 0.125
0 0.43984375 0.821875 0.05546875 0.115625
0 0.8609375 0.846875 0.07421875 0.125
0 0.13671875 0.89609375 0.06484375 0.1203125
0 0.33125 0.8984375 0.08359375 0.15703125
0 0.73125 0.90078125 0.06484375 0.096875
0 0.08125 0.90078125 0.096875 0.1484375
0 0.528125 0.90703125 0.07421875 0.115625
0 0.971875 0.92578125 0.05078125 0.1484375
0 0.6390625 0.93515625 0.1109375 0.1203125
0 0.221875 0.94453125 0.10625 0.08828125
0 0.79140625 0.95859375 0.1109375 0.07890625
0 0.91171875 0.125 0.01875 0.01875
0 0.9375 0.1296875 0.0140625 0.0234375
0 0.95390625 0.13203125 0.0140625 0.0140625
0 0.92578125 0.134375 0.0140625 0.01875
0 0.89375 0.1390625 0.0140625 0.0140625
0 0.86796875 0.14140625 0.0140625 0.01875
0 0.909375 0.1484375 0.0140625 0.01875
0 0.93046875 0.15546875 0.0140625 0.0234375
0 0.87265625 0.15703125 0.01875 0.0234375
0 0.821875 0.159375 0.028125 0.01875
0 0.85625 0.16171875 0.028125 0.01875
0 0.95625 0.16640625 0.01875 0.028125
0 0.89609375 0.16875 0.0234375 0.028125
0 0.9421875 0.1734375 0.0140625 0.028125
0 0.909375 0.178125 0.0234375 0.03203125
0 0.85625 0.1828125 0.028125 0.03671875
0 0.8796875 0.1875 0.0234375 0.03203125
0 0.70625 0.18984375 0.028125 0.04140625
0 0.740625 0.18984375 0.0140625 0.01875
0 0.72890625 0.18984375 0.01875 0.03203125
0 0.9609375 0.18984375 0.0234375 0.03671875
0 0.81484375 0.1921875 0.01875 0.03203125
0 0.8359375 0.1921875 0.0234375 0.028125
0 0.78203125 0.19921875 0.028125 0.03203125
0 0.76171875 0.2109375 0.0234375 0.04140625
0 0.7453125 0.21328125 0.01875 0.028125
0 0.91875 0.215625 0.028125 0.03203125
0 0.83359375 0.215625 0.01875 0.03203125
0 0.875 0.21796875 0.03203125 0.04140625
0 0.971875 0.21796875 0.01875 0.03671875
0 0.8125 0.2265625 0.01875 0.028125
0 0.85390625 0.2265625 0.01875 0.028125
0 0.71953125 0.2359375 0.0234375 0.03203125
0 0.67578125 0.240625 0.028125 0.03671875
0 0.78671875 0.240625 0.01875 0.0234375
0 0.9375 0.2453125 0.03671875 0.05078125