0 0.9375 0.01171875 0.01875 0.0234375
0 0.428125 0.01171875 0.0140625 0.0234375
0 0.31953125 0.10859375 0.01875 0.0234375
0 0.70625 0.10859375 0.01875 0.028125
0 0.79140625 0.10859375 0.01875 0.028125
0 0.1640625 0.10859375 0.01875 0.0234375
0 0.278125 0.10859375 0.0140625 0.028125
0 0.634375 0.10859375 0.01875 0.03203125
0 0.96328125 0.01171875 0.01875 0.01875
0 0.1734375 0.01171875 0.01875 0.01875
0 0.6734375 0.115625 0.0140625 0.0234375
0 0.21953125 0.115625 0.01875 0.0234375
0 0.1484375 0.11796875 0.01875 0.01875
0 0.18515625 0.11796875 0.0140625 0.01875
0 0.33125 0.125 0.01875 0.01875
0 0.18515625 0.1296875 0.0140625 0.0234375
0 0.27578125 0.13203125 0.0140625 0.0234375
0 0.29140625 0.13671875 0.01875 0.01875
0 0.3265625 0.1390625 0.01875 0.0234375
0 0.53671875 0.14140625 0.01875 0.028125
0 0.98828125 0.14375 0.0140625 0.03671875
0 0.0625 0.14609375 0.0140625 0.01875
0 0.73359375 0.14609375 0.0234375 0.028125
0 0.3703125 0.0140625 0.0140625 0.0234375
0 0.71328125 0.0140625 0.0140625 0.01875
0 0.20859375 0.01640625 0.01875 0.0234375
0 0.1484375 0.1484375 0.01875 0.03203125
0 0.45625 0.15078125 0.01875 0.01875
0 0.31015625 0.01640625 0.0140625 0.0234375
0 0.79140625 0.15703125 0.0234375 0.01875
0 0.1828125 0.159375 0.0140625 0.01875
0 0.23828125 0.159375 0.0140625 0.0234375
0 0.39140625 0.1640625 0.01875 0.01875
0 0.21328125 0.16640625 0.0140625 0.01875
0 0.48828125 0.01640625 0.0140625 0.0234375
0 0.27109375 0.16875 0.01875 0.028125
0 0.0625 0.17109375 0.0140625 0.0234375
0 0.32890625 0.1734375 0.01875 0.028125
0 0.03046875 0.178125 0.01875 0.0234375
0 0.6390625 0.178125 0.01875 0.028125
0 0.1109375 0.1828125 0.0140625 0.0234375
0 0.15546875 0.18515625 0.01875 0.028125
0 0.73359375 0.18984375 0.028125 0.03203125
0 0.81953125 0.18984375 0.0234375 0.028125
0 0.20625 0.18984375 0.0140625 0.028125
0 0.21796875 0.19453125 0.0140625 0.0234375
0 0.44453125 0.196875 0.0234375 0.03203125
0 0.68984375 0.196875 0.01875 0.028125
0 0.87734375 0.196875 0.0234375 0.028125
0 0.16171875 0.02109375 0.0140625 0.01875
0 0.34453125 0.02109375 0.0140625 0.0140625
0 0.553125 0.02109375 0.0140625 0.0234375
0 0.01640625 0.20390625 0.0140625 0.01875
0 0.2453125 0.02109375 0.0140625 0.01875
0 0.28046875 0.02109375 0.0140625 0.0234375
0 0.3359375 0.02109375 0.0140625 0.0234375
0 0.2453125 0.215625 0.0234375 0.03203125
0 0.0859375 0.21796875 0.01875 0.0234375
0 0.32890625 0.21953125 0.01875 0.03203125
0 0.028125 0.02109375 0.009375 0.0140625
0 0.5390625 0.0234375 0.0140625 0.01875
0 0.1640625 0.2265625 0.0234375 0.03203125
0 0.3703125 0.2265625 0.01875 0.03203125
0 0.759375 0.0234375 0.01875 0.028125
0 0.02109375 0.23359375 0.0234375 0.028125
0 0.88203125 0.2359375 0.0234375 0.03671875
0 0.409375 0.23828125 0.0234375 0.0234375
0 0.46953125 0.23828125 0.01875 0.028125
0 0.49296875 0.23828125 0.0140625 0.0234375
0 0.09453125 0.0234375 0.0140625 0.01875
0 0.05546875 0.0234375 0.0140625 0.01875
0 0.740625 0.2453125 0.01875 0.03203125
0 0.64140625 0.24765625 0.028125 0.03203125
0 0.39140625 0.02578125 0.0140625 0.0234375
0 0.64140625 0.02578125 0.009375 0.0140625
0 0.115625 0.2546875 0.0234375 0.03203125
0 0.20625 0.25703125 0.01875 0.0234375
0 0.6828125 0.26171875 0.0234375 0.028125
0 0.28671875 0.26171875 0.0234375 0.03203125
0 0.52109375 0.2640625 0.0140625 0.028125
0 0.009375 0.26640625 0.01875 0.03203125
0 0.44921875 0.2734375 0.0234375 0.03671875
0 0.65703125 0.28046875 0.028125 0.03203125
0 0.8984375 0.284375 0.0234375 0.03671875
0 0.34921875 0.284375 0.0234375 0.03203125
0 0.56015625 0.29140625 0.0234375 0.028125
0 0.134375 0.03046875 0.01875 0.01875
0 0.7890625 0.31015625 0.028125 0.03671875
0 0.01171875 0.31015625 0.0234375 0.05546875
0 0.375 0.31015625 0.01875 0.028125
0 0.59921875 0.3125 0.028125 0.03203125
0 0.7109375 0.31484375 0.028125 0.03203125
0 0.35859375 0.31953125 0.01875 0.028125
0 0.2546875 0.31953125 0.0234375 0.03671875
0 0.9375 0.32421875 0.028125 0.03671875
0 0.17109375 0.3359375 0.0234375 0.03203125
0 0.86796875 0.34296875 0.03203125 0.04140625
0 0.715625 0.034375 0.01875 0.01875
0 0.06484375 0.3515625 0.028125 0.03203125
0 0.0390625 0.03671875 0.01875 0.0234375
0 0.41640625 0.03671875 0.01875 0.01875
0 0.78671875 0.35625 0.028125 0.03671875
0 0.10625 0.3703125 0.0234375 0.028125
0 0.39609375 0.3703125 0.03203125 0.04609375
0 0.28671875 0.38671875 0.028125 0.03671875
0 0.6015625 0.0390625 0.0140625 0.0234375
0 0.37265625 0.3984375 0.0234375 0.03671875
0 0.44921875 0.403125 0.03203125 0.04609375
0 0.965625 0.40546875 0.03203125 0.04140625
0 0.5625 0.40703125 0.028125 0.04140625
0 0.15078125 0.42109375 0.03203125 0.03671875
0 0.64375 0.42578125 0.03203125 0.03203125
0 0.64140625 0.04375 0.0140625 0.01875
0 0.80078125 0.04375 0.01875 0.028125
0 0.09453125 0.04375 0.01875 0.0234375
0 0.17109375 0.04375 0.01875 0.01875
0 0.51171875 0.04609375 0.0140625 0.01875
0 0.15078125 0.04609375 0.0140625 0.01875
0 0.76171875 0.4765625 0.03203125 0.04609375
0 0.7359375 0.0484375 0.0140625 0.0234375
0 0.89375 0.4859375 0.03203125 0.04609375
0 0.05078125 0.0484375 0.0140625 0.01875
0 0.9765625 0.5 0.03203125 0.05078125
0 0.615625 0.05078125 0.0140625 0.0234375
0 0.465625 0.05078125 0.01875 0.0234375
0 0.028125 0.053125 0.0140625 0.01875
0 0.30546875 0.53046875 0.03671875 0.05078125
0 0.4140625 0.5625 0.028125 0.04140625
0 0.846875 0.58125 0.03671875 0.05546875
0 0.51875 0.596875 0.03203125 0.05078125
0 0.61796875 0.6015625 0.03671875 0.05078125
0 0.7109375 0.6109375 0.04609375 0.06484375
0 0.5625 0.0625 0.01875 0.0234375
0 0.928125 0.64140625 0.03671875 0.05546875
0 0.13671875 0.64609375 0.028125 0.03671875
0 0.90078125 0.06484375 0.0234375 0.028125
0 0.17109375 0.67578125 0.028125 0.03671875
0 0.69921875 0.071875 0.01875 0.0234375
0 0.59453125 0.071875 0.01875 0.028125
0 0.39609375 0.009375 0.0234375 0.01875
0 0.4140625 0.009375 0.0140625 0.01875
0 0.259375 0.74765625 0.03203125 0.05078125
0 0.40078125 0.778125 0.03671875 0.05546875
0 0.1875 0.80078125 0.03671875 0.05546875
0 0.009375 0.08125 0.01875 0.03203125
0 0.94453125 0.8078125 0.04609375 0.06953125
0 0.51640625 0.009375 0.0140625 0.01875
0 0.5671875 0.009375 0.0140625 0.01875
0 0.68046875 0.009375 0.0140625 0.01875
0 0.63671875 0.009375 0.0140625 0.01875
0 0.9859375 0.0859375 0.0140625 0.0140625
0 0.46796875 0.85859375 0.03671875 0.06484375
0 0.865625 0.08828125 0.01875 0.028125
0 0.6390625 0.8703125 0.05546875 0.06484375
0 0.76875 0.8796875 0.05078125 0.04609375
0 0.83359375 0.08828125 0.01875 0.028125
0 0.44921875 0.09296875 0.0140625 0.0234375
0 0.83359375 0.01171875 0.01875 0.0234375
0 0.60859375 0.01171875 0.0140625 0.0234375
0 0.965625 0.09453125 0.0234375 0.0234375
0 0.9515625 0.096875 0.01875 0.03203125
0 0.41640625 0.096875 0.0140625 0.0234375
0 0.6109375 0.096875 0.01875 0.028125
0 0.384375 0.09921875 0.01875 0.01875