0 0.4234375 0.53671875 0.0046875 0.009375
0 0.490625 0.54140625 0.0046875 0.0046875
0 0.45390625 0.54140625 0.0046875 0.0046875
0 0.47421875 0.54140625 0.0046875 0.0046875
0 0.40703125 0.54140625 0.0046875 0.0046875
0 0.41171875 0.54609375 0.0046875 0.009375
0 0.47421875 0.55078125 0.0046875 0.0046875
0 0.4515625 0.55078125 0.0046875 0.009375
0 0.3890625 0.55078125 0.0046875 0.009375
0 0.4375 0.55078125 0.0046875 0.009375
0 0.3984375 0.553125 0.0046875 0.0046875
0 0.44453125 0.55546875 0.0046875 0.0046875
0 0.45859375 0.55546875 0.0046875 0.0046875
0 0.4234375 0.5578125 0.0046875 0.009375
0 0.46796875 0.5578125 0.0046875 0.009375
0 0.44921875 0.5578125 0.0046875 0.009375
0 0.3796875 0.5578125 0.009375 0.009375
0 0.48359375 0.5578125 0.0046875 0.009375
0 0.43515625 0.56015625 0.0046875 0.0046875
0 0.3984375 0.56015625 0.0046875 0.0046875
0 0.45625 0.56015625 0.0046875 0.009375
0 0.40703125 0.56015625 0.0046875 0.009375
0 0.52109375 0.56015625 0.0046875 0.0046875
0 0.32421875 0.5625 0.009375 0.009375
0 0.41171875 0.5625 0.0046875 0.009375
0 0.3515625 0.56484375 0.0046875 0.009375
0 0.48828125 0.56484375 0.0046875 0.009375
0 0.4421875 0.56484375 0.0046875 0.0046875
0 0.509375 0.56484375 0.0046875 0.009375
0 0.4953125 0.5671875 0.009375 0.009375
0 0.35859375 0.56953125 0.0046875 0.009375
0 0.52109375 0.57421875 0.0046875 0.009375
0 0.35390625 0.57421875 0.009375 0.009375
0 0.52578125 0.57421875 0.0046875 0.009375
0 0.42109375 0.57421875 0.0046875 0.009375
0 0.50234375 0.5765625 0.0046875 0.009375
0 0.46953125 0.57890625 0.0046875 0.0140625
0 0.384375 0.57890625 0.009375 0.0140625
0 0.509375 0.57890625 0.0046875 0.009375
0 0.42109375 0.58125 0.009375 0.0140625
0 0.39140625 0.58359375 0.0046875 0.009375
0 0.4859375 0.58359375 0.0046875 0.0046875
0 0.4515625 0.58359375 0.009375 0.0140625
0 0.43515625 0.58359375 0.0046875 0.0140625
0 0.49765625 0.58359375 0.0046875 0.009375
0 0.42578125 0.5859375 0.0046875 0.009375
0 0.56015625 0.58828125 0.0046875 0.009375
0 0.4765625 0.58828125 0.009375 0.009375
0 0.375 0.58828125 0.009375 0.0140625
0 0.51875 0.590625 0.0046875 0.009375
0 0.30546875 0.590625 0.0046875 0.009375
0 0.36796875 0.590625 0.0046875 0.009375
0 0.3515625 0.59296875 0.009375 0.009375
0 0.340625 0.59296875 0.009375 0.0140625
0 0.428125 0.59453125 0.009375 0.0140625
0 0.321875 0.59453125 0.009375 0.0140625
0 0.43984375 0.59453125 0.009375 0.0140625
0 0.48359375 0.596875 0.009375 0.009375
0 0.471875 0.596875 0.009375 0.009375
0 0.384375 0.596875 0.0046875 0.009375
0 0.4140625 0.596875 0.009375 0.0140625
0 0.4953125 0.596875 0.009375 0.009375
0 0.5765625 0.596875 0.009375 0.009375
0 0.5140625 0.59921875 0.009375 0.0140625
0 0.5046875 0.59921875 0.0046875 0.009375
0 0.40703125 0.59921875 0.0046875 0.009375
0 0.49765625 0.6015625 0.0046875 0.009375
0 0.56484375 0.6015625 0.0046875 0.0140625
0 0.3265625 0.6015625 0.009375 0.009375
0 0.3984375 0.6015625 0.009375 0.009375
0 0.44921875 0.60390625 0.009375 0.0140625
0 0.46328125 0.60390625 0.009375 0.0140625
0 0.34296875 0.60625 0.0046875 0.0140625
0 0.43046875 0.60625 0.0046875 0.009375
0 0.55546875 0.60625 0.009375 0.0140625
0 0.471875 0.60625 0.009375 0.0140625
0 0.41640625 0.60625 0.009375 0.009375
0 0.48125 0.6109375 0.0046875 0.0140625
0 0.39609375 0.6109375 0.009375 0.0140625
0 0.38203125 0.6109375 0.0046875 0.0140625
0 0.40546875 0.6109375 0.0046875 0.009375
0 0.528125 0.6109375 0.009375 0.0140625
0 0.59296875 0.61328125 0.009375 0.0140625
0 0.48828125 0.61328125 0.009375 0.0140625
0 0.340625 0.615625 0.009375 0.009375
0 0.4953125 0.615625 0.009375 0.009375
0 0.3703125 0.61796875 0.009375 0.01875
0 0.50703125 0.61796875 0.0046875 0.009375
0 0.5140625 0.61796875 0.009375 0.009375
0 0.45390625 0.6203125 0.009375 0.009375
0 0.5671875 0.6203125 0.009375 0.01875
0 0.5234375 0.6203125 0.009375 0.009375
0 0.57421875 0.625 0.009375 0.0140625
0 0.384375 0.625 0.009375 0.01875
0 0.35390625 0.62734375 0.0140625 0.01875
0 0.54609375 0.62734375 0.009375 0.01875
0 0.5 0.62734375 0.009375 0.0140625
0 0.446875 0.6296875 0.0140625 0.01875
0 0.31484375 0.63203125 0.0140625 0.0234375
0 0.53203125 0.63203125 0.0046875 0.0140625
0 0.36328125 0.634375 0.009375 0.0140625
0 0.47890625 0.634375 0.0140625 0.01875
0 0.51875 0.634375 0.0140625 0.01875
0 0.340625 0.634375 0.0140625 0.01875
0 0.465625 0.634375 0.009375 0.009375
0 0.509375 0.634375 0.0140625 0.01875
0 0.40546875 0.63671875 0.0140625 0.0234375
0 0.41875 0.63671875 0.0140625 0.0234375
0 0.39140625 0.64140625 0.0140625 0.0234375
0 0.303125 0.64375 0.0140625 0.0234375
0 0.590625 0.64375 0.0140625 0.028125
0 0.71796875 0.64609375 0.01875 0.0234375
0 0.6875 0.64609375 0.0140625 0.01875
0 0.45859375 0.64609375 0.0140625 0.0234375
0 0.48828125 0.64609375 0.0140625 0.01875
0 0.33125 0.6484375 0.009375 0.01875
0 0.5765625 0.6484375 0.0140625 0.0234375
0 0.64140625 0.65078125 0.0140625 0.01875
0 0.5 0.65078125 0.0140625 0.028125
0 0.46796875 0.65078125 0.0140625 0.01875
0 0.36796875 0.65078125 0.0140625 0.028125
0 0.028125 0.65546875 0.0234375 0.04609375
0 0.34453125 0.65703125 0.0140625 0.01875
0 0.5578125 0.659375 0.028125 0.03671875
0 0.66171875 0.6640625 0.03671875 0.06484375
0 0.53203125 0.66875 0.01875 0.03203125
0 0.11796875 0.66875 0.01875 0.0234375
0 0.19921875 0.67109375 0.0234375 0.03203125
0 0.7453125 0.6734375 0.028125 0.04609375
0 0.0671875 0.67578125 0.0140625 0.028125
0 0.34453125 0.67578125 0.01875 0.028125
0 0.8078125 0.67578125 0.0140625 0.0234375
0 0.321875 0.678125 0.0234375 0.04140625
0 0.9765625 0.678125 0.01875 0.028125
0 0.51171875 0.678125 0.01875 0.03203125
0 0.04609375 0.68046875 0.01875 0.028125
0 0.125 0.6828125 0.0140625 0.0140625
0 0.41640625 0.68515625 0.0234375 0.03203125
0 0.1015625 0.68515625 0.03203125 0.05078125
0 0.990625 0.6875 0.0140625 0.028125
0 0.14140625 0.68984375 0.01875 0.01875
0 0.90703125 0.68984375 0.01875 0.03671875
0 0.15703125 0.6921875 0.01875 0.03203125
0 0.46796875 0.6921875 0.0234375 0.04609375
0 0.81484375 0.6921875 0.0140625 0.0234375
0 0.86796875 0.7015625 0.0234375 0.03203125
0 0.696875 0.70390625 0.028125 0.03671875
0 0.12734375 0.70625 0.0140625 0.0234375
0 0.14140625 0.70625 0.01875 0.03203125
0 0.78046875 0.70625 0.01875 0.028125
0 0.8125 0.71328125 0.01875 0.028125
0 0.29140625 0.71796875 0.01875 0.05078125
0 0.19453125 0.71796875 0.03671875 0.04140625
0 0.16875 0.71796875 0.01875 0.03203125
0 0.7265625 0.71796875 0.028125 0.028125
0 0.37734375 0.71953125 0.03671875 0.07421875
0 0.928125 0.72421875 0.0234375 0.04140625
0 0.3171875 0.7359375 0.028125 0.05078125
0 0.79609375 0.75703125 0.04609375 0.06484375
0 0.72421875 0.75703125 0.028125 0.04140625
0 0.58828125 0.759375 0.0234375 0.03671875
0 0.75703125 0.7640625 0.03671875 0.05078125
0 0.04140625 0.7640625 0.0234375 0.04140625
0 0.196875 0.784375 0.03671875 0.07890625
0 0.0140625 0.78671875 0.028125 0.06484375
0 0.84453125 0.80078125 0.05078125 0.06484375
0 0.56484375 0.82890625 0.04140625 0.05546875
0 0.6390625 0.9375 0.17578125 0.115625