0 0.6875 0.09921875 0.06015625 0.096875
0 0.60390625 0.10390625 0.06015625 0.09296875
0 0.20859375 0.10625 0.05078125 0.14375
0 0.3359375 0.11796875 0.06953125 0.1484375
0 0.10390625 0.134375 0.07421875 0.17109375
0 0.25 0.15078125 0.07421875 0.15703125
0 0.96484375 0.15 0.0703125 0.115625
0 0.78203125 0.17578125 0.06953125 0.134375
0 0.06015625 0.1828125 0.08359375 0.06953125
0 0.45859375 0.23125 0.06953125 0.134375
0 0.64375 0.2546875 0.07890625 0.134375
0 0.97890625 0.303125 0.04140625 0.15703125
0 0.08125 0.3171875 0.09296875 0.153125
0 0.28671875 0.3359375 0.07421875 0.096875
0 0.82421875 0.365625 0.06015625 0.1109375
0 0.509375 0.384375 0.06484375 0.1390625
0 0.18984375 0.41875 0.07890625 0.153125
0 0.03671875 0.425 0.0734375 0.184375
0 0.88203125 0.446875 0.07421875 0.1484375
0 0.68046875 0.47890625 0.06953125 0.134375
0 0.46328125 0.50234375 0.07890625 0.1203125
0 0.30546875 0.50234375 0.07890625 0.1484375
0 0.12265625 0.5390625 0.06484375 0.14375
0 0.02109375 0.071875 0.04140625 0.134375
0 0.47421875 0.0765625 0.06953125 0.1015625