0 0.125 0.26171875 0.0234375 0.03203125
0 0.09296875 0.2640625 0.01875 0.04140625
0 0.5390625 0.26640625 0.01875 0.04140625
0 0.44921875 0.26875 0.01875 0.04140625
0 0.63671875 0.26875 0.0234375 0.03203125
0 0.009375 0.2734375 0.01875 0.03203125
0 0.8078125 0.028125 0.0234375 0.03671875
0 0.053125 0.28203125 0.0234375 0.04140625
0 0.909375 0.28671875 0.0234375 0.04140625
0 0.159375 0.28671875 0.01875 0.04140625
0 0.48359375 0.29375 0.0234375 0.03671875
0 0.60625 0.2984375 0.0234375 0.03203125
0 0.2109375 0.03046875 0.01875 0.03203125
0 0.971875 0.303125 0.028125 0.03671875
0 0.46953125 0.30546875 0.01875 0.03203125
0 0.778125 0.3078125 0.028125 0.03671875
0 0.56953125 0.3078125 0.028125 0.04140625
0 0.2734375 0.03203125 0.01875 0.028125
0 0.0671875 0.03203125 0.0234375 0.04140625
0 0.93515625 0.31484375 0.0234375 0.03203125
0 0.1203125 0.31953125 0.028125 0.03671875
0 0.53203125 0.31953125 0.0234375 0.04140625
0 0.375 0.32890625 0.01875 0.03203125
0 0.65078125 0.33125 0.01875 0.03671875
0 0.865625 0.33125 0.03203125 0.04140625
0 0.4140625 0.33359375 0.0234375 0.04140625
0 0.821875 0.33359375 0.0234375 0.04140625
0 0.29140625 0.34453125 0.0234375 0.03671875
0 0.68515625 0.34453125 0.01875 0.028125
0 0.39609375 0.34921875 0.0234375 0.05078125
0 0.26640625 0.3515625 0.028125 0.03671875
0 0.10390625 0.034375 0.0140625 0.03671875
0 0.33828125 0.35859375 0.028125 0.04140625
0 0.3125 0.365625 0.028125 0.04140625
0 0.67109375 0.365625 0.0234375 0.028125
0 0.96953125 0.36796875 0.01875 0.03671875
0 0.00703125 0.36796875 0.0140625 0.03671875
0 0.0859375 0.38203125 0.0234375 0.04140625
0 0.840625 0.0390625 0.0234375 0.028125
0 0.64140625 0.39140625 0.0234375 0.03671875
0 0.9515625 0.39375 0.01875 0.03671875
0 0.43515625 0.39375 0.0234375 0.03671875
0 0.278125 0.39609375 0.0234375 0.04140625
0 0.33125 0.0390625 0.0234375 0.03671875
0 0.696875 0.40703125 0.0234375 0.03671875
0 0.89140625 0.40703125 0.01875 0.028125
0 0.92578125 0.40703125 0.0234375 0.03671875
0 0.034375 0.40703125 0.01875 0.03671875
0 0.20859375 0.40703125 0.0234375 0.03203125
0 0.51171875 0.409375 0.01875 0.028125
0 0.86328125 0.41171875 0.01875 0.03671875
0 0.76640625 0.4234375 0.028125 0.03671875
0 0.72890625 0.4234375 0.01875 0.04140625
0 0.31484375 0.43046875 0.0234375 0.028125
0 0.46953125 0.4328125 0.0234375 0.028125
0 0.65078125 0.04375 0.01875 0.03671875
0 0.96796875 0.4421875 0.01875 0.028125
0 0.36796875 0.446875 0.0234375 0.04140625
0 0.40078125 0.446875 0.0234375 0.03203125
0 0.8078125 0.44921875 0.0140625 0.03671875
0 0.76171875 0.45390625 0.01875 0.03671875
0 0.82421875 0.45625 0.01875 0.03671875
0 0.60625 0.45859375 0.028125 0.03671875
0 0.971875 0.46796875 0.01875 0.0234375
0 0.465625 0.46796875 0.028125 0.028125
0 0.08125 0.4765625 0.0234375 0.04140625
0 0.009375 0.4765625 0.01875 0.03671875
0 0.2546875 0.48125 0.0234375 0.04609375
0 0.5578125 0.48125 0.0234375 0.028125
0 0.87265625 0.48359375 0.0140625 0.028125
0 0.64140625 0.48359375 0.0234375 0.03671875
0 0.053125 0.4859375 0.0234375 0.03671875
0 0.54140625 0.0484375 0.0234375 0.03203125
0 0.125 0.4953125 0.01875 0.04609375
0 0.7453125 0.4953125 0.0234375 0.03671875
0 0.29609375 0.49765625 0.0234375 0.028125
0 0.23359375 0.50703125 0.028125 0.04140625
0 0.33359375 0.509375 0.0234375 0.03671875
0 0.78671875 0.51171875 0.01875 0.03203125
0 0.1875 0.52109375 0.0234375 0.04140625
0 0.3171875 0.52578125 0.01875 0.03203125
0 0.15078125 0.52578125 0.028125 0.03671875
0 0.02578125 0.53046875 0.0234375 0.04140625
0 0.41875 0.534375 0.028125 0.04140625
0 0.4859375 0.534375 0.0234375 0.03671875
0 0.53671875 0.534375 0.0234375 0.03671875
0 0.97890625 0.534375 0.01875 0.028125
0 0.0671875 0.5390625 0.0140625 0.03671875
0 0.91171875 0.5390625 0.01875 0.03671875
0 0.95859375 0.5484375 0.01875 0.01875
0 0.0484375 0.55078125 0.01875 0.03203125
0 0.6921875 0.55078125 0.0234375 0.03203125
0 0.47890625 0.56015625 0.0234375 0.04140625
0 0.13203125 0.56484375 0.0234375 0.028125
0 0.50703125 0.05546875 0.01875 0.03203125
0 0.08125 0.5671875 0.028125 0.04140625
0 0.259375 0.5671875 0.0234375 0.03671875
0 0.409375 0.56953125 0.0234375 0.03203125
0 0.58125 0.571875 0.03203125 0.04140625
0 0.73125 0.0578125 0.01875 0.03203125
0 0.2265625 0.57421875 0.0234375 0.028125
0 0.92578125 0.57421875 0.0234375 0.03203125
0 0.4765625 0.0578125 0.0234375 0.03671875
0 0.96328125 0.58125 0.01875 0.04140625
0 0.1921875 0.06015625 0.0234375 0.03671875
0 0.625 0.06015625 0.0234375 0.03671875
0 0.94453125 0.59296875 0.0234375 0.04140625
0 0.1109375 0.59296875 0.028125 0.04140625
0 0.428125 0.59453125 0.028125 0.04140625
0 0.903125 0.59453125 0.028125 0.04140625
0 0.19921875 0.59453125 0.0234375 0.03203125
0 0.72890625 0.596875 0.0234375 0.03203125
0 0.6203125 0.59921875 0.01875 0.03671875
0 0.77109375 0.06015625 0.01875 0.028125
0 0.2359375 0.60859375 0.0234375 0.03671875
0 0.278125 0.60859375 0.028125 0.04609375
0 0.40078125 0.0625 0.0234375 0.028125
0 0.75 0.62734375 0.028125 0.03671875
0 0.85390625 0.62734375 0.0234375 0.04140625
0 0.784375 0.634375 0.01875 0.03203125
0 0.965625 0.634375 0.0234375 0.03203125
0 0.68984375 0.06484375 0.01875 0.03671875
0 0.340625 0.6390625 0.03203125 0.04140625
0 0.14140625 0.64375 0.01875 0.028125
0 0.26640625 0.65078125 0.028125 0.04140625
0 0.29140625 0.65078125 0.0234375 0.028125
0 0.41171875 0.65078125 0.028125 0.03203125
0 0.5859375 0.06484375 0.0234375 0.03671875
0 0.8890625 0.06484375 0.01875 0.028125
0 0.43046875 0.65078125 0.028125 0.04140625
0 0.01875 0.653125 0.0234375 0.04140625
0 0.19453125 0.65703125 0.028125 0.04140625
0 0.66640625 0.659375 0.01875 0.03203125
0 0.5140625 0.659375 0.0234375 0.03671875
0 0.696875 0.66875 0.01875 0.028125
0 0.8171875 0.0671875 0.0234375 0.03671875
0 0.01640625 0.00703125 0.0140625 0.0140625
0 0.03046875 0.68046875 0.01875 0.028125
0 0.2734375 0.06953125 0.01875 0.028125
0 0.05546875 0.6921875 0.0234375 0.03671875
0 0.58359375 0.6921875 0.028125 0.04609375
0 0.85625 0.06953125 0.0234375 0.03671875
0 0.51875 0.696875 0.028125 0.04140625
0 0.2359375 0.69921875 0.028125 0.04609375
0 0.70390625 0.7015625 0.0234375 0.03671875
0 0.61796875 0.7015625 0.028125 0.04140625
0 0.6734375 0.70390625 0.028125 0.03203125
0 0.4953125 0.70859375 0.028125 0.03203125
0 0.428125 0.7109375 0.0234375 0.03671875
0 0.8703125 0.71953125 0.0234375 0.04140625
0 0.76171875 0.721875 0.01875 0.028125
0 0.35390625 0.72890625 0.0234375 0.04140625
0 0.03203125 0.73125 0.0234375 0.04140625
0 0.3265625 0.73125 0.0234375 0.028125
0 0.384375 0.7359375 0.03203125 0.03203125
0 0.60390625 0.7359375 0.01875 0.01875
0 0.67578125 0.7359375 0.028125 0.04140625
0 0.7359375 0.73828125 0.01875 0.03203125
0 0.28046875 0.74296875 0.0234375 0.04140625
0 0.14609375 0.74296875 0.0234375 0.03203125
0 0.803125 0.7453125 0.028125 0.04140625
0 0.090625 0.75 0.028125 0.03671875
0 0.346875 0.0765625 0.0234375 0.03203125
0 0.60625 0.75703125 0.0234375 0.03671875
0 0.340625 0.759375 0.03203125 0.04140625
0 0.46796875 0.76171875 0.0234375 0.03671875
0 0.553125 0.76171875 0.0234375 0.03203125
0 0.49296875 0.76875 0.0234375 0.028125
0 0.375 0.7734375 0.028125 0.03671875
0 0.9765625 0.77578125 0.01875 0.03203125
0 0.446875 0.78046875 0.028125 0.04140625
0 0.93984375 0.7890625 0.028125 0.04140625
0 0.08828125 0.79375 0.028125 0.04140625
0 0.16640625 0.79375 0.0234375 0.04140625
0 0.903125 0.79375 0.0234375 0.03671875
0 0.74296875 0.79609375 0.01875 0.03671875
0 0.18046875 0.7984375 0.0234375 0.03671875
0 0.64609375 0.80078125 0.0234375 0.03203125
0 0.5625 0.80078125 0.01875 0.0234375
0 0.69921875 0.80078125 0.0234375 0.04140625
0 0.04140625 0.80078125 0.01875 0.03671875
0 0.86328125 0.80078125 0.0234375 0.03671875
0 0.50703125 0.80078125 0.0234375 0.04140625
0 0.12734375 0.803125 0.03203125 0.04140625
0 0.5390625 0.009375 0.0234375 0.01875
0 0.83125 0.8078125 0.01875 0.01875
0 0.43046875 0.81015625 0.028125 0.04140625
0 0.78046875 0.821875 0.0234375 0.03671875
0 0.0140625 0.82890625 0.028125 0.05546875
0 0.27578125 0.83125 0.028125 0.05078125
0 0.971875 0.83125 0.028125 0.028125
0 0.5578125 0.83125 0.0234375 0.04140625
0 0.07421875 0.83125 0.0234375 0.03671875
0 0.903125 0.83125 0.0234375 0.03203125
0 0.3078125 0.08359375 0.01875 0.028125
0 0.83828125 0.840625 0.01875 0.03203125
0 0.21328125 0.84921875 0.028125 0.04140625
0 0.9421875 0.8515625 0.0234375 0.03203125
0 0.37734375 0.0859375 0.0234375 0.03671875
0 0.25234375 0.85625 0.028125 0.04140625
0 0.33828125 0.85859375 0.028125 0.04609375
0 0.46328125 0.85859375 0.028125 0.04140625
0 0.36328125 0.86796875 0.0234375 0.03671875
0 0.3265625 0.08828125 0.01875 0.03203125
0 0.54140625 0.8796875 0.028125 0.04140625
0 0.57421875 0.884375 0.0234375 0.03671875
0 0.16640625 0.88671875 0.0234375 0.04140625
0 0.60625 0.8890625 0.028125 0.04140625
0 0.096875 0.89140625 0.01875 0.03203125
0 0.7734375 0.090625 0.0234375 0.03671875
0 0.89375 0.89609375 0.03671875 0.04140625
0 0.78046875 0.8984375 0.0234375 0.04140625
0 0.428125 0.8984375 0.0234375 0.04140625
0 0.82890625 0.90078125 0.03203125 0.05078125
0 0.590625 0.903125 0.028125 0.03671875
0 0.15703125 0.090625 0.01875 0.03671875
0 0.8609375 0.90546875 0.01875 0.03671875
0 0.6640625 0.90546875 0.0234375 0.04140625
0 0.45390625 0.90703125 0.0234375 0.04140625
0 0.278125 0.909375 0.028125 0.04140625
0 0.8890625 0.09296875 0.01875 0.028125
0 0.7640625 0.91640625 0.0234375 0.03203125
0 0.95390625 0.91875 0.028125 0.028125
0 0.403125 0.92109375 0.0234375 0.04140625
0 0.33359375 0.92109375 0.0234375 0.03671875
0 0.73828125 0.9234375 0.0234375 0.03671875
0 0.721875 0.92578125 0.028125 0.04140625
0 0.69453125 0.93046875 0.028125 0.04140625
0 0.6390625 0.93515625 0.01875 0.03671875
0 0.5765625 0.946875 0.0234375 0.03671875
0 0.509375 0.94921875 0.0234375 0.03671875
0 0.6015625 0.09453125 0.01875 0.03203125
0 0.46953125 0.9515625 0.0234375 0.04140625
0 0.778125 0.9515625 0.0234375 0.04140625
0 0.85390625 0.95859375 0.0234375 0.03203125
0 0.07421875 0.96796875 0.0234375 0.04140625
0 0.95390625 0.96796875 0.04609375 0.05546875
0 0.08828125 0.971875 0.01875 0.03671875
0 0.028125 0.97421875 0.03203125 0.05078125
0 0.74296875 0.9765625 0.03203125 0.04140625
0 0.32890625 0.97890625 0.03203125 0.04140625
0 0.14140625 0.98125 0.028125 0.03203125
0 0.8609375 0.98125 0.028125 0.03203125
0 0.17578125 0.98125 0.03671875 0.028125
0 0.696875 0.9859375 0.03203125 0.01875
0 0.653125 0.09921875 0.01875 0.0234375
0 0.73359375 0.1015625 0.0234375 0.03671875
0 0.02578125 0.10390625 0.0234375 0.03671875
0 0.3515625 0.11328125 0.01875 0.028125
0 0.40546875 0.1296875 0.0234375 0.028125
0 0.46796875 0.1296875 0.0234375 0.03203125
0 0.66171875 0.1296875 0.01875 0.03203125
0 0.8984375 0.1296875 0.0234375 0.03203125
0 0.83828125 0.13203125 0.01875 0.03203125
0 0.240625 0.1390625 0.01875 0.028125
0 0.7109375 0.14609375 0.0234375 0.03203125
0 0.36328125 0.15078125 0.0234375 0.028125
0 0.45859375 0.153125 0.01875 0.03203125
0 0.02109375 0.153125 0.0234375 0.04609375
0 0.32421875 0.159375 0.0234375 0.028125
0 0.159375 0.1640625 0.01875 0.03203125
0 0.4140625 0.1640625 0.0234375 0.04140625
0 0.2359375 0.1640625 0.0234375 0.04140625
0 0.48125 0.16640625 0.0234375 0.03671875
0 0.51171875 0.16875 0.01875 0.03203125
0 0.7984375 0.16875 0.01875 0.03203125
0 0.58828125 0.16875 0.028125 0.03671875
0 0.69453125 0.01875 0.028125 0.03671875
0 0.428125 0.17109375 0.01875 0.03671875
0 0.65078125 0.17109375 0.01875 0.028125
0 0.43046875 0.01875 0.0234375 0.03671875
0 0.14140625 0.17578125 0.01875 0.03671875
0 0.553125 0.18046875 0.0234375 0.03671875
0 0.821875 0.18046875 0.01875 0.03671875
0 0.4859375 0.01875 0.01875 0.028125
0 0.62265625 0.01875 0.01875 0.028125
0 0.94921875 0.1828125 0.0234375 0.03203125
0 0.70859375 0.18515625 0.0234375 0.03203125
0 0.0859375 0.18515625 0.0234375 0.04140625
0 0.3515625 0.18515625 0.01875 0.03671875
0 0.90703125 0.1875 0.01875 0.028125
0 0.58125 0.01875 0.01875 0.03671875
0 0.04140625 0.196875 0.0234375 0.04140625
0 0.30078125 0.19921875 0.028125 0.04140625
0 0.01875 0.20390625 0.0234375 0.04140625
0 0.653125 0.20625 0.01875 0.03671875
0 0.9140625 0.20859375 0.0234375 0.028125
0 0.74296875 0.2109375 0.0234375 0.03203125
0 0.84453125 0.21328125 0.01875 0.03671875
0 0.89375 0.215625 0.0234375 0.03671875
0 0.8125 0.215625 0.01875 0.028125
0 0.9609375 0.21796875 0.01875 0.03203125
0 0.53203125 0.21953125 0.01875 0.03203125
0 0.5625 0.21953125 0.01875 0.03671875
0 0.615625 0.22421875 0.01875 0.03203125
0 0.49765625 0.22890625 0.0234375 0.03203125
0 0.13671875 0.22890625 0.01875 0.03671875
0 0.26640625 0.23359375 0.0234375 0.03671875
0 0.68046875 0.2359375 0.0234375 0.04609375
0 0.09296875 0.2359375 0.0234375 0.03671875
0 0.303125 0.23828125 0.0234375 0.03203125
0 0.80546875 0.23828125 0.0234375 0.03203125
0 0.1828125 0.24296875 0.028125 0.03671875
0 0.48125 0.24765625 0.01875 0.04609375
0 0.45859375 0.24765625 0.0234375 0.03203125
0 0.51875 0.25 0.0234375 0.03671875
0 0.96953125 0.25 0.0234375 0.04140625
0 0.2359375 0.25234375 0.028125 0.04140625
0 0.60625 0.2546875 0.0234375 0.0234375
0 0.6640625 0.25703125 0.01875 0.03203125
0 0.55546875 0.259375 0.01875 0.03671875
0 0.74765625 0.259375 0.01875 0.03671875