0 0.26171875 0.10390625 0.0234375 0.028125
0 0.2109375 0.10625 0.0140625 0.0234375
0 0.5046875 0.10625 0.0234375 0.0234375
0 0.1921875 0.10625 0.028125 0.03671875
0 0.40546875 0.10625 0.03203125 0.05078125
0 0.04140625 0.10859375 0.009375 0.0234375
0 0.18046875 0.1109375 0.0140625 0.0234375
0 0.31015625 0.115625 0.028125 0.05546875
0 0.07890625 0.115625 0.04609375 0.06484375
0 0.74296875 0.11796875 0.05078125 0.07890625
0 0.96796875 0.11796875 0.01875 0.03203125
0 0.9375 0.1203125 0.03671875 0.06015625
0 0.028125 0.12734375 0.0234375 0.028125
0 0.15703125 0.12734375 0.028125 0.03203125
0 0.596875 0.134375 0.05078125 0.08359375
0 0.659375 0.13671875 0.03671875 0.04140625
0 0.86796875 0.1390625 0.05078125 0.08828125
0 0.48359375 0.01640625 0.0234375 0.0234375
0 0.365625 0.15703125 0.05078125 0.08359375
0 0.903125 0.16171875 0.03671875 0.06015625
0 0.5140625 0.1734375 0.05546875 0.08828125
0 0.30546875 0.20390625 0.06015625 0.09296875
0 0.659375 0.23125 0.06484375 0.09296875
0 0.97890625 0.0484375 0.028125 0.028125
0 0.62265625 0.0625 0.0140625 0.028125
0 0.4140625 0.06484375 0.01875 0.03203125
0 0.60625 0.0671875 0.0234375 0.0234375
0 0.6640625 0.0671875 0.0140625 0.0234375
0 0.6390625 0.06953125 0.028125 0.03203125
0 0.9859375 0.07421875 0.028125 0.04140625
0 0.0484375 0.0765625 0.01875 0.0234375
0 0.29609375 0.0765625 0.0234375 0.0234375
0 0.58359375 0.0765625 0.028125 0.03203125
0 0.09453125 0.08125 0.03671875 0.05078125
0 0.5 0.08125 0.01875 0.0234375
0 0.1296875 0.08359375 0.03203125 0.04140625
0 0.6734375 0.08359375 0.028125 0.03203125
0 0.79375 0.0859375 0.03203125 0.04609375
0 0.46953125 0.08828125 0.0234375 0.03203125
0 0.53203125 0.08828125 0.028125 0.05078125
0 0.78046875 0.08828125 0.0234375 0.04609375
0 0.2453125 0.090625 0.03671875 0.04609375
0 0.028125 0.090625 0.009375 0.0140625
0 0.84296875 0.09296875 0.03671875 0.05078125
0 0.51640625 0.009375 0.0140625 0.01875
0 0.221875 0.09453125 0.01875 0.03203125
0 0.32890625 0.09453125 0.0234375 0.03671875
0 0.60390625 0.096875 0.03671875 0.04140625
0 0.38203125 0.09921875 0.0234375 0.03203125
0 0.428125 0.09921875 0.01875 0.03203125
0 0.00703125 0.09921875 0.0140625 0.0234375
0 0.346875 0.09921875 0.01875 0.028125
0 0.16875 0.10390625 0.01875 0.028125
0 0.36328125 0.10390625 0.0140625 0.0140625