0 0.971875 0.16171875 0.04609375 0.1484375
0 0.76875 0.1734375 0.06484375 0.1109375
0 0.33359375 0.01875 0.06015625 0.03671875
0 0.634375 0.2015625 0.06015625 0.10625
0 0.12734375 0.22890625 0.06015625 0.09296875
0 0.0578125 0.2359375 0.07421875 0.134375
0 0.48515625 0.03203125 0.0640625 0.0640625
0 0.2640625 0.30546875 0.04140625 0.096875
0 0.51640625 0.3078125 0.05078125 0.09296875
0 0.17109375 0.33828125 0.04609375 0.125
0 0.62734375 0.36328125 0.06015625 0.1203125
0 0.346875 0.37265625 0.06015625 0.1109375
0 0.840625 0.38203125 0.06484375 0.125
0 0.12421875 0.0390625 0.0703125 0.078125
0 0.68046875 0.403125 0.06953125 0.14375
0 0.5 0.403125 0.06484375 0.06953125
0 0.9609375 0.4234375 0.06953125 0.125
0 0.79140625 0.0484375 0.07421875 0.096875
0 0.4953125 0.50234375 0.06484375 0.115625
0 0.3609375 0.50703125 0.06484375 0.1109375
0 0.17109375 0.58125 0.07421875 0.14375
0 0.97890625 0.58828125 0.03203125 0.1390625
0 0.6015625 0.0671875 0.05546875 0.125
0 0.7265625 0.68984375 0.08359375 0.1203125
0 0.92578125 0.7015625 0.08359375 0.15703125
0 0.61796875 0.72421875 0.06484375 0.1296875
0 0.20390625 0.77109375 0.07890625 0.14375
0 0.46328125 0.875 0.06953125 0.1296875
0 0.7890625 0.92578125 0.07421875 0.1296875
0 0.2890625 0.94921875 0.09296875 0.096875
0 0.61796875 0.95625 0.10625 0.07890625
0 0.52109375 0.97421875 0.09296875 0.04609375
0 0.2890625 0.11796875 0.06484375 0.096875
0 0.4328125 0.125 0.06953125 0.1203125
0 0.54609375 0.12734375 0.05078125 0.10625