0 0.2640625 0.2453125 0.0234375 0.03203125
0 0.43984375 0.24765625 0.0234375 0.03671875
0 0.0140625 0.259375 0.028125 0.04609375
0 0.06953125 0.26171875 0.028125 0.04140625
0 0.54140625 0.2640625 0.04140625 0.04609375
0 0.3984375 0.27578125 0.03671875 0.04609375
0 0.65078125 0.27578125 0.03671875 0.03671875
0 0.48125 0.278125 0.028125 0.04609375
0 0.13671875 0.284375 0.03203125 0.04609375
0 0.79375 0.284375 0.05078125 0.08359375
0 0.965625 0.28671875 0.06015625 0.07421875
0 0.29140625 0.2890625 0.04140625 0.06015625
0 0.17578125 0.29375 0.03203125 0.05078125
0 0.21796875 0.30078125 0.04609375 0.06953125
0 0.6640625 0.3078125 0.04140625 0.04609375
0 0.51875 0.31484375 0.04140625 0.08828125
0 0.053125 0.3265625 0.06015625 0.07421875
0 0.16875 0.32890625 0.05546875 0.06015625
0 0.39375 0.33828125 0.04140625 0.06015625
0 0.34296875 0.340625 0.05078125 0.07421875
0 0.2359375 0.346875 0.04140625 0.08359375
0 0.28046875 0.346875 0.0234375 0.03203125
0 0.81015625 0.35859375 0.04140625 0.05546875
0 0.97421875 0.365625 0.04609375 0.09296875
0 0.31953125 0.37734375 0.04609375 0.05546875
0 0.69921875 0.37734375 0.04609375 0.07421875
0 0.08359375 0.39140625 0.04609375 0.06015625
0 0.83359375 0.40546875 0.06015625 0.07890625
0 0.66875 0.40546875 0.05078125 0.07890625
0 0.278125 0.4140625 0.05546875 0.096875
0 0.1296875 0.43515625 0.05546875 0.07890625
0 0.4765625 0.44453125 0.05078125 0.07890625
0 0.55078125 0.47890625 0.05546875 0.096875
0 0.034375 0.48515625 0.06875 0.1296875
0 0.87734375 0.48828125 0.05546875 0.096875
0 0.45390625 0.51171875 0.06484375 0.04140625
0 0.2453125 0.534375 0.06015625 0.08359375
0 0.12734375 0.55078125 0.04609375 0.08828125
0 0.678125 0.56015625 0.06953125 0.115625
0 0.3796875 0.57890625 0.06953125 0.115625
0 0.87265625 0.60859375 0.06953125 0.1015625
0 0.1875 0.6109375 0.06484375 0.1203125
0 0.3890625 0.2015625 0.03203125 0.03671875
0 0.9609375 0.2015625 0.04609375 0.05546875
0 0.26171875 0.2109375 0.0140625 0.028125
0 0.72421875 0.21953125 0.028125 0.04609375
0 0.34453125 0.22421875 0.0234375 0.03671875
0 0.0859375 0.2265625 0.028125 0.05546875
0 0.29140625 0.23125 0.028125 0.03203125
0 0.52109375 0.23125 0.03203125 0.05078125
0 0.65546875 0.23359375 0.03203125 0.04140625
0 0.24296875 0.23359375 0.01875 0.03671875
0 0.05546875 0.240625 0.01875 0.01875
0 0.36328125 0.24296875 0.01875 0.03671875