0 0.3171875 0.2984375 0.03203125 0.1109375
0 0.0765625 0.31953125 0.04609375 0.153125
0 0.36796875 0.321875 0.04140625 0.1203125
0 0.8703125 0.33125 0.03671875 0.115625
0 0.24765625 0.33359375 0.04140625 0.096875
0 0.0234375 0.33359375 0.04609375 0.18515625
0 0.33125 0.340625 0.0234375 0.08828125
0 0.5234375 0.34296875 0.04140625 0.1296875
0 0.2890625 0.34921875 0.03203125 0.1203125
0 0.74765625 0.3609375 0.01875 0.08359375
0 0.98359375 0.36796875 0.0234375 0.17109375
0 0.40546875 0.37265625 0.04140625 0.096875
0 0.63671875 0.3796875 0.04140625 0.10625
0 0.12734375 0.384375 0.04609375 0.134375
0 0.4953125 0.403125 0.05078125 0.18984375
0 0.759375 0.41171875 0.03671875 0.153125
0 0.803125 0.41875 0.04140625 0.153125
0 0.70390625 0.41875 0.04140625 0.1296875
0 0.5390625 0.4234375 0.03203125 0.10625
0 0.15703125 0.42578125 0.04140625 0.134375
0 0.42109375 0.42578125 0.04140625 0.134375
0 0.46953125 0.43046875 0.03203125 0.125
0 0.26640625 0.43984375 0.04609375 0.16171875
0 0.3703125 0.4421875 0.05546875 0.153125
0 0.89609375 0.45625 0.06484375 0.19921875
0 0.59921875 0.45859375 0.04140625 0.14375
0 0.865625 0.4765625 0.03203125 0.16640625
0 0.68046875 0.51640625 0.05546875 0.19921875
0 0.23359375 0.51875 0.05078125 0.14375
0 0.82890625 0.73359375 0.05078125 0.1203125