0 0.0578125 0.16171875 0.1015625 0.153125
0 0.57890625 0.1828125 0.06484375 0.08359375
0 0.83359375 0.19921875 0.06484375 0.09296875
0 0.34453125 0.2015625 0.1015625 0.18984375
0 0.70859375 0.20625 0.08359375 0.1203125
0 0.28671875 0.26640625 0.1203125 0.18046875
0 0.78203125 0.28046875 0.08359375 0.096875
0 0.1640625 0.3171875 0.08359375 0.096875
0 0.634375 0.33125 0.096875 0.16640625
0 0.51875 0.340625 0.125 0.20859375
0 0.85625 0.3609375 0.096875 0.1296875
0 0.9765625 0.41875 0.04140625 0.1296875
0 0.75 0.465625 0.14375 0.19921875
0 0.1921875 0.49296875 0.1296875 0.18515625
0 0.8796875 0.625 0.1390625 0.20390625
0 0.4328125 0.68984375 0.134375 0.19921875
0 0.178125 0.071875 0.09296875 0.14375
0 0.053125 0.80546875 0.10625 0.21796875
0 0.6109375 0.85625 0.14375 0.19921875
0 0.1203125 0.090625 0.04609375 0.08359375
0 0.5578125 0.12265625 0.05078125 0.05546875
0 0.96953125 0.125 0.05078125 0.1296875
0 0.38671875 0.14609375 0.04140625 0.07890625
0 0.65546875 0.1484375 0.06484375 0.096875
0 0.45859375 0.153125 0.1109375 0.16640625