0 0.72421875 0.15078125 0.028125 0.05546875
0 0.6734375 0.15078125 0.028125 0.03671875
0 0.7640625 0.15078125 0.01875 0.04140625
0 0.58359375 0.15546875 0.028125 0.04140625
0 0.62265625 0.15703125 0.028125 0.04140625
0 0.80546875 0.15703125 0.028125 0.03203125
0 0.909375 0.01640625 0.0234375 0.03203125
0 0.1203125 0.16171875 0.028125 0.04140625
0 0.16171875 0.1640625 0.028125 0.04140625
0 0.51875 0.1640625 0.0234375 0.03671875
0 0.98828125 0.01875 0.01875 0.03671875
0 0.94921875 0.178125 0.0234375 0.04140625
0 0.98828125 0.1875 0.01875 0.04140625
0 0.6296875 0.1875 0.0234375 0.03671875
0 0.94453125 0.01875 0.01875 0.028125
0 0.02578125 0.18984375 0.028125 0.04609375
0 0.70390625 0.1921875 0.028125 0.04609375
0 0.8515625 0.1921875 0.028125 0.04609375
0 0.58125 0.196875 0.028125 0.04140625
0 0.7453125 0.196875 0.03203125 0.04609375
0 0.49296875 0.2015625 0.028125 0.05078125
0 0.8984375 0.2015625 0.028125 0.04609375
0 0.0765625 0.2015625 0.0234375 0.03671875
0 0.625 0.23359375 0.0234375 0.04140625
0 0.02109375 0.02578125 0.03203125 0.05078125
0 0.17109375 0.23359375 0.028125 0.04140625
0 0.95390625 0.23359375 0.028125 0.04609375
0 0.11796875 0.2359375 0.03203125 0.05078125
0 0.00703125 0.23828125 0.0140625 0.04140625
0 0.86328125 0.23828125 0.028125 0.04609375
0 0.80078125 0.23828125 0.028125 0.04140625
0 0.01640625 0.240625 0.0234375 0.03671875
0 0.66875 0.24296875 0.028125 0.04140625
0 0.75 0.24296875 0.01875 0.04140625
0 0.54140625 0.02578125 0.028125 0.03671875
0 0.5625 0.25 0.0234375 0.04609375
0 0.49296875 0.2640625 0.0234375 0.04140625
0 0.72890625 0.28671875 0.03203125 0.05078125
0 0.990625 0.2890625 0.0140625 0.04140625
0 0.009375 0.2890625 0.01875 0.04140625
0 0.77578125 0.29140625 0.01875 0.04140625
0 0.83125 0.29140625 0.028125 0.03671875
0 0.81484375 0.03046875 0.01875 0.03203125
0 0.55078125 0.29375 0.01875 0.03671875
0 0.88671875 0.29375 0.01875 0.04140625
0 0.62265625 0.29609375 0.0234375 0.04609375
0 0.9515625 0.29609375 0.0234375 0.04140625
0 0.034375 0.30546875 0.028125 0.05078125
0 0.48359375 0.30546875 0.01875 0.03203125
0 0.6828125 0.03203125 0.01875 0.03671875
0 0.75 0.03203125 0.0234375 0.028125
0 0.1015625 0.33359375 0.028125 0.04609375
0 0.06015625 0.3359375 0.028125 0.05078125
0 0.6296875 0.034375 0.0140625 0.03203125
0 0.9609375 0.340625 0.028125 0.04140625
0 0.60390625 0.340625 0.028125 0.04140625
0 0.5484375 0.340625 0.0234375 0.04609375
0 0.65703125 0.34296875 0.028125 0.03671875
0 0.92109375 0.34453125 0.028125 0.04140625
0 0.75234375 0.346875 0.028125 0.05546875
0 0.2734375 0.346875 0.0234375 0.028125
0 0.79140625 0.34921875 0.028125 0.03671875
0 0.44453125 0.3515625 0.0234375 0.03671875
0 0.01171875 0.35625 0.0234375 0.04609375
0 0.85390625 0.3609375 0.028125 0.03671875
0 0.69453125 0.36328125 0.028125 0.04609375
0 0.64609375 0.03671875 0.01875 0.03671875
0 0.9609375 0.03671875 0.028125 0.03671875
0 0.86796875 0.0390625 0.0234375 0.03671875
0 0.61796875 0.0390625 0.01875 0.028125
0 0.98828125 0.40703125 0.0140625 0.05546875
0 0.46796875 0.40546875 0.028125 0.04609375
0 0.79140625 0.40703125 0.028125 0.04609375
0 0.7359375 0.40703125 0.03203125 0.04609375
0 0.83125 0.40703125 0.0234375 0.04609375
0 0.88671875 0.41171875 0.028125 0.04609375
0 0.05546875 0.4140625 0.028125 0.03671875
0 0.9328125 0.4140625 0.0234375 0.04609375
0 0.6875 0.4140625 0.03203125 0.04609375
0 0.446875 0.41875 0.03203125 0.04140625
0 0.51875 0.42109375 0.0234375 0.05078125
0 0.64609375 0.42109375 0.03203125 0.05546875
0 0.33125 0.45625 0.0234375 0.03671875
0 0.4140625 0.4609375 0.03203125 0.04609375
0 0.903125 0.46328125 0.028125 0.04140625
0 0.66171875 0.465625 0.03671875 0.05546875
0 0.19453125 0.465625 0.028125 0.04140625
0 0.76640625 0.465625 0.03203125 0.05078125
0 0.15078125 0.46796875 0.0234375 0.03671875
0 0.06015625 0.46953125 0.028125 0.04140625
0 0.46796875 0.46953125 0.0234375 0.04140625
0 0.528125 0.471875 0.03203125 0.05078125
0 0.02578125 0.471875 0.03203125 0.05078125
0 0.909375 0.0484375 0.028125 0.04609375
0 0.98828125 0.51875 0.01875 0.06484375
0 0.4609375 0.51875 0.0234375 0.03671875
0 0.36328125 0.5234375 0.0234375 0.04140625
0 0.01171875 0.5234375 0.0234375 0.04140625
0 0.846875 0.528125 0.0234375 0.03671875
0 0.65078125 0.528125 0.0234375 0.03671875
0 0.76171875 0.528125 0.028125 0.05078125
0 0.590625 0.528125 0.028125 0.05078125
0 0.946875 0.534375 0.03203125 0.04140625
0 0.70625 0.53671875 0.03203125 0.04140625
0 0.16640625 0.5671875 0.028125 0.05078125
0 0.8125 0.5671875 0.028125 0.04609375
0 0.56484375 0.57890625 0.028125 0.04609375
0 0.240625 0.57890625 0.028125 0.04140625
0 0.9375 0.58125 0.03203125 0.05078125
0 0.28046875 0.58359375 0.028125 0.05078125
0 0.62265625 0.06015625 0.028125 0.04140625
0 0.071875 0.59296875 0.028125 0.04140625
0 0.62265625 0.59453125 0.028125 0.04609375
0 0.72421875 0.596875 0.028125 0.04609375
0 0.69921875 0.06015625 0.01875 0.028125
0 0.84921875 0.06015625 0.01875 0.028125
0 0.14140625 0.60390625 0.03203125 0.03671875
0 0.87265625 0.60625 0.028125 0.04140625
0 0.071875 0.6390625 0.03203125 0.04140625
0 0.95390625 0.6390625 0.028125 0.04609375
0 0.89140625 0.64375 0.03203125 0.05078125
0 0.509375 0.6484375 0.028125 0.04609375
0 0.1828125 0.6484375 0.03203125 0.04609375
0 0.134375 0.65546875 0.03203125 0.04609375
0 0.84296875 0.65703125 0.03203125 0.04609375
0 0.45859375 0.65703125 0.03203125 0.04609375
0 0.66875 0.66171875 0.03203125 0.05078125
0 0.71796875 0.6640625 0.028125 0.04140625
0 0.78671875 0.66640625 0.03203125 0.05546875
0 0.74296875 0.0671875 0.028125 0.04140625
0 0.9328125 0.70625 0.028125 0.05078125
0 0.721875 0.70859375 0.028125 0.04140625
0 0.36328125 0.7109375 0.03203125 0.05546875
0 0.98828125 0.715625 0.0140625 0.05078125
0 0.86796875 0.715625 0.03203125 0.05546875
0 0.1640625 0.71953125 0.01875 0.04140625
0 0.6203125 0.721875 0.028125 0.04609375
0 0.66640625 0.72421875 0.028125 0.04140625
0 0.8171875 0.72421875 0.03203125 0.05078125
0 0.18515625 0.72421875 0.028125 0.05078125
0 0.66640625 0.07421875 0.0234375 0.03671875
0 0.46328125 0.73359375 0.028125 0.04140625
0 0.403125 0.740625 0.0234375 0.05078125
0 0.96328125 0.77578125 0.03203125 0.06015625
0 0.803125 0.07890625 0.028125 0.04140625
0 0.63671875 0.78203125 0.03671875 0.05546875
0 0.88671875 0.78203125 0.03671875 0.05078125
0 0.2453125 0.7890625 0.028125 0.05078125
0 0.48125 0.7890625 0.0234375 0.04609375
0 0.06953125 0.7890625 0.03203125 0.04609375
0 0.30546875 0.79609375 0.03203125 0.04609375
0 0.1734375 0.79609375 0.03671875 0.05078125
0 0.83125 0.79609375 0.028125 0.04140625
0 0.79375 0.7984375 0.028125 0.04140625
0 0.4375 0.803125 0.028125 0.05078125
0 0.11328125 0.8078125 0.03671875 0.06484375
0 0.71796875 0.81015625 0.03203125 0.05546875
0 0.57421875 0.8125 0.03671875 0.05546875
0 0.3796875 0.81484375 0.03203125 0.05078125
0 0.68515625 0.8171875 0.028125 0.05546875
0 0.01640625 0.08359375 0.03203125 0.04609375
0 0.98359375 0.8515625 0.0234375 0.06484375
0 0.8515625 0.85859375 0.028125 0.04609375
0 0.9234375 0.86328125 0.03203125 0.04140625
0 0.47421875 0.86328125 0.03203125 0.05546875
0 0.215625 0.875 0.01875 0.03671875
0 0.26640625 0.8796875 0.028125 0.05546875
0 0.58359375 0.8796875 0.028125 0.05546875
0 0.403125 0.8796875 0.04609375 0.05078125
0 0.653125 0.884375 0.028125 0.06015625
0 0.18515625 0.89375 0.028125 0.05078125
0 0.3125 0.90703125 0.03203125 0.05546875
0 0.9328125 0.928125 0.03671875 0.06484375
0 0.928125 0.09453125 0.028125 0.03203125
0 0.84453125 0.9375 0.028125 0.05546875
0 0.79609375 0.9375 0.03203125 0.04609375
0 0.659375 0.9421875 0.028125 0.04140625
0 0.125 0.94453125 0.03671875 0.05546875
0 0.740625 0.946875 0.03671875 0.05546875
0 0.96796875 0.09453125 0.0234375 0.04140625
0 0.20390625 0.9515625 0.03203125 0.05078125
0 0.259375 0.9515625 0.03671875 0.05078125
0 0.98828125 0.95390625 0.01875 0.04140625
0 0.03203125 0.9515625 0.03671875 0.05078125
0 0.409375 0.96796875 0.04609375 0.05078125
0 0.465625 0.96953125 0.03671875 0.05546875
0 0.3609375 0.9765625 0.03671875 0.04609375
0 0.87734375 0.096875 0.03203125 0.04609375
0 0.840625 0.1015625 0.028125 0.05078125
0 0.653125 0.10625 0.0234375 0.04140625
0 0.615625 0.11328125 0.0234375 0.04140625
0 0.528125 0.125 0.028125 0.04609375
0 0.5765625 0.0140625 0.01875 0.028125
0 0.98828125 0.13671875 0.0140625 0.05078125
0 0.03203125 0.134375 0.028125 0.04140625
0 0.071875 0.14140625 0.028125 0.04140625
0 0.93984375 0.14375 0.028125 0.04140625
0 0.89140625 0.14609375 0.028125 0.04140625