0 0.375 0.25234375 0.0234375 0.04609375
0 0.54609375 0.2546875 0.01875 0.05078125
0 0.81953125 0.25703125 0.0234375 0.05546875
0 0.60390625 0.26171875 0.028125 0.06484375
0 0.11328125 0.28046875 0.01875 0.03203125
0 0.6828125 0.29140625 0.0234375 0.07421875
0 0.23125 0.29609375 0.0234375 0.04140625
0 0.45625 0.30078125 0.0234375 0.05078125
0 0.3890625 0.3078125 0.028125 0.05078125
0 0.88203125 0.31015625 0.0234375 0.05078125
0 0.115625 0.3171875 0.0234375 0.05078125
0 0.1734375 0.3171875 0.028125 0.06015625
0 0.30546875 0.3171875 0.0234375 0.05078125
0 0.846875 0.321875 0.03203125 0.06484375
0 0.0578125 0.32890625 0.0234375 0.06484375
0 0.34453125 0.32890625 0.0234375 0.06484375
0 0.5140625 0.32890625 0.028125 0.05078125
0 0.79140625 0.33125 0.028125 0.06484375
0 0.23359375 0.3359375 0.0234375 0.06015625
0 0.70390625 0.3359375 0.0234375 0.06484375
0 0.08828125 0.3359375 0.01875 0.06015625
0 0.2734375 0.33828125 0.0234375 0.05546875
0 0.4859375 0.34296875 0.028125 0.05078125
0 0.903125 0.34453125 0.0234375 0.06953125
0 0.66640625 0.346875 0.0234375 0.06015625
0 0.44921875 0.3515625 0.0234375 0.06015625
0 0.2109375 0.35859375 0.028125 0.06015625
0 0.32890625 0.35859375 0.0234375 0.05078125
0 0.5484375 0.3609375 0.01875 0.04609375
0 0.59921875 0.365625 0.0234375 0.05078125
0 0.09921875 0.375 0.0234375 0.06484375
0 0.71328125 0.3890625 0.028125 0.06015625
0 0.7546875 0.3890625 0.03203125 0.07890625
0 0.64375 0.403125 0.01875 0.04609375
0 0.39375 0.40546875 0.028125 0.08828125
0 0.83359375 0.40546875 0.03203125 0.06484375
0 0.24765625 0.40703125 0.0234375 0.05078125
0 0.1484375 0.41875 0.028125 0.05546875
0 0.3359375 0.42578125 0.03671875 0.06484375
0 0.18984375 0.43046875 0.0234375 0.05546875
0 0.45390625 0.48828125 0.0234375 0.06015625
0 0.40546875 0.4953125 0.03203125 0.06484375
0 0.09296875 0.5046875 0.03203125 0.06484375
0 0.6828125 0.51171875 0.0234375 0.06484375
0 0.53203125 0.52109375 0.028125 0.06953125
0 0.84453125 0.52109375 0.03203125 0.05078125
0 0.278125 0.5234375 0.028125 0.08359375
0 0.59296875 0.52578125 0.01875 0.06953125
0 0.48828125 0.53203125 0.028125 0.06953125
0 0.78203125 0.534375 0.03203125 0.07421875
0 0.6390625 0.53671875 0.03203125 0.07421875
0 0.70859375 0.5390625 0.01875 0.06484375