0 0.5578125 0.20625 0.06015625 0.115625
0 0.6875 0.23828125 0.04609375 0.096875
0 0.81484375 0.24765625 0.07421875 0.115625
0 0.4515625 0.2890625 0.06484375 0.096875
0 0.25234375 0.33125 0.05078125 0.08359375
0 0.96796875 0.35390625 0.05546875 0.14375
0 0.73359375 0.35390625 0.06484375 0.115625
0 0.803125 0.37734375 0.08359375 0.10625
0 0.4953125 0.37734375 0.06484375 0.10625
0 0.39609375 0.40078125 0.06015625 0.07890625
0 0.21328125 0.4234375 0.05078125 0.07890625
0 0.034375 0.45390625 0.06484375 0.10625
0 0.30078125 0.45390625 0.06953125 0.153125
0 0.10625 0.4953125 0.07890625 0.134375
0 0.4140625 0.5234375 0.06953125 0.1484375
0 0.803125 0.52578125 0.096875 0.17578125
0 0.22890625 0.5484375 0.07421875 0.1484375
0 0.50234375 0.615625 0.1015625 0.18515625
0 0.12265625 0.7015625 0.08359375 0.153125