0 0.23359375 0.34453125 0.0046875 0.0046875
0 0.99296875 0.365625 0.0140625 0.009375
0 0.90546875 0.37734375 0.0140625 0.0140625
0 0.9140625 0.3796875 0.009375 0.009375
0 0.94921875 0.3796875 0.009375 0.009375
0 0.965625 0.3796875 0.009375 0.009375
0 0.97890625 0.38203125 0.009375 0.009375
0 0.10859375 0.384375 0.0046875 0.009375
0 0.01171875 0.384375 0.009375 0.0140625
0 0.81015625 0.384375 0.0046875 0.009375
0 0.75 0.3890625 0.009375 0.009375
0 0.76875 0.3890625 0.009375 0.009375
0 0.09453125 0.3890625 0.0046875 0.009375
0 0.03046875 0.3890625 0.009375 0.0140625
0 0.9609375 0.3890625 0.009375 0.0140625
0 0.0390625 0.39140625 0.009375 0.009375
0 0.08125 0.39140625 0.009375 0.0140625
0 0.159375 0.39140625 0.009375 0.009375
0 0.778125 0.39140625 0.009375 0.009375
0 0.13203125 0.39375 0.0046875 0.0046875
0 0.803125 0.39375 0.0046875 0.0046875
0 0.81484375 0.39375 0.009375 0.009375
0 0.94921875 0.39375 0.009375 0.009375
0 0.15546875 0.39375 0.0046875 0.0140625
0 0.45390625 0.39609375 0.009375 0.009375
0 0.0625 0.39609375 0.009375 0.009375
0 0.70625 0.39609375 0.009375 0.009375
0 0.84296875 0.3984375 0.009375 0.009375
0 0.5390625 0.3984375 0.009375 0.0140625
0 0.590625 0.3984375 0.009375 0.0140625
0 0.93046875 0.3984375 0.009375 0.009375
0 0.76875 0.3984375 0.009375 0.009375
0 0.38203125 0.3984375 0.0046875 0.009375
0 0.5234375 0.3984375 0.009375 0.009375
0 0.61328125 0.3984375 0.009375 0.0140625
0 0.67109375 0.3984375 0.009375 0.0140625
0 0.75703125 0.3984375 0.009375 0.009375
0 0.85625 0.3984375 0.009375 0.0140625
0 0.9375 0.3984375 0.0046875 0.009375
0 0.6875 0.3984375 0.009375 0.009375
0 0.696875 0.3984375 0.009375 0.009375
0 0.83359375 0.40078125 0.009375 0.009375
0 0.86328125 0.40078125 0.009375 0.0140625
0 0.12265625 0.40078125 0.009375 0.009375
0 0.3609375 0.40078125 0.009375 0.009375
0 0.6390625 0.40078125 0.009375 0.009375
0 0.3359375 0.40078125 0.009375 0.009375
0 0.375 0.40078125 0.009375 0.009375
0 0.65703125 0.40078125 0.009375 0.009375
0 0.80078125 0.40078125 0.009375 0.009375
0 0.57890625 0.40078125 0.009375 0.009375
0 0.98828125 0.403125 0.0140625 0.05546875
0 0.5046875 0.403125 0.009375 0.009375
0 0.62265625 0.403125 0.0046875 0.009375
0 0.596875 0.403125 0.009375 0.009375
0 0.46953125 0.403125 0.009375 0.009375
0 0.13203125 0.403125 0.0046875 0.009375
0 0.25703125 0.403125 0.0046875 0.009375
0 0.5625 0.403125 0.009375 0.009375
0 0.63203125 0.403125 0.009375 0.0140625
0 0.14375 0.40546875 0.0046875 0.009375
0 0.69453125 0.40546875 0.009375 0.009375
0 0.70859375 0.40546875 0.0046875 0.0046875
0 0.1734375 0.40546875 0.0046875 0.0046875
0 0.303125 0.40546875 0.05078125 0.06484375
0 0.75234375 0.40546875 0.0140625 0.0140625
0 0.7890625 0.40546875 0.009375 0.009375
0 0.24765625 0.40546875 0.009375 0.009375
0 0.446875 0.40546875 0.009375 0.009375
0 0.846875 0.40703125 0.009375 0.009375
0 0.73125 0.40703125 0.009375 0.009375
0 0.33125 0.40703125 0.0046875 0.0046875
0 0.71328125 0.40703125 0.0046875 0.009375
0 0.89140625 0.40703125 0.009375 0.009375
0 0.35625 0.40703125 0.0046875 0.009375
0 0.59296875 0.40703125 0.009375 0.009375
0 0.340625 0.40703125 0.009375 0.0046875
0 0.43515625 0.40703125 0.009375 0.0046875
0 0.83828125 0.409375 0.009375 0.0140625
0 0.42109375 0.409375 0.009375 0.009375
0 0.55546875 0.409375 0.0046875 0.009375
0 0.6109375 0.409375 0.009375 0.009375
0 0.10625 0.409375 0.009375 0.009375
0 0.0390625 0.409375 0.009375 0.0140625
0 0.534375 0.409375 0.009375 0.009375
0 0.65078125 0.409375 0.009375 0.0140625
0 0.6640625 0.409375 0.0046875 0.009375
0 0.8984375 0.41171875 0.009375 0.009375
0 0.76640625 0.41171875 0.009375 0.009375
0 0.25 0.41171875 0.009375 0.009375
0 0.528125 0.41171875 0.009375 0.0140625
0 0.54375 0.4140625 0.009375 0.0140625
0 0.7015625 0.4140625 0.009375 0.009375
0 0.88671875 0.4140625 0.009375 0.009375
0 0.490625 0.4140625 0.009375 0.0140625
0 0.58125 0.4140625 0.0046875 0.009375
0 0.92109375 0.41640625 0.0140625 0.0140625
0 0.44453125 0.41640625 0.009375 0.0140625
0 0.72421875 0.41640625 0.009375 0.009375
0 0.42578125 0.41640625 0.009375 0.0140625
0 0.9765625 0.41875 0.009375 0.009375
0 0.5390625 0.41875 0.009375 0.009375
0 0.5578125 0.41875 0.009375 0.009375
0 0.52109375 0.41875 0.0046875 0.009375
0 0.6828125 0.41875 0.0140625 0.0140625
0 0.25234375 0.41875 0.0046875 0.009375
0 0.4859375 0.41875 0.009375 0.0140625
0 0.51171875 0.41875 0.0140625 0.0140625
0 0.64375 0.41875 0.009375 0.009375
0 0.240625 0.42109375 0.009375 0.0140625
0 0.5671875 0.42109375 0.009375 0.0140625
0 0.73359375 0.42109375 0.009375 0.009375
0 0.94921875 0.42109375 0.009375 0.0140625
0 0.45859375 0.42109375 0.009375 0.009375
0 0.18984375 0.4234375 0.0046875 0.009375
0 0.46953125 0.4234375 0.009375 0.0140625
0 0.715625 0.4234375 0.009375 0.0140625
0 0.43046875 0.4234375 0.0046875 0.009375
0 0.81484375 0.4234375 0.009375 0.009375
0 0.77578125 0.42578125 0.009375 0.009375
0 0.5484375 0.42578125 0.009375 0.0140625
0 0.32890625 0.428125 0.0140625 0.0140625
0 0.4859375 0.428125 0.009375 0.0140625
0 0.928125 0.428125 0.009375 0.0140625
0 0.90078125 0.428125 0.0140625 0.0140625
0 0.50234375 0.428125 0.0046875 0.009375
0 0.59921875 0.428125 0.009375 0.009375
0 0.77578125 0.43046875 0.009375 0.0046875
0 0.3984375 0.4328125 0.009375 0.009375
0 0.53046875 0.4328125 0.009375 0.0140625
0 0.53671875 0.4328125 0.0046875 0.009375
0 0.66171875 0.4328125 0.0140625 0.0140625
0 0.5578125 0.4328125 0.009375 0.0140625
0 0.62265625 0.4328125 0.009375 0.009375
0 0.73828125 0.4328125 0.009375 0.009375
0 0.9421875 0.4328125 0.009375 0.0140625
0 0.41875 0.4328125 0.0046875 0.0140625
0 0.91875 0.43515625 0.009375 0.0140625
0 0.9328125 0.43515625 0.009375 0.0140625
0 0.6484375 0.43515625 0.0140625 0.0140625
0 0.27578125 0.43515625 0.009375 0.0140625
0 0.71796875 0.43515625 0.009375 0.009375
0 0.51171875 0.43515625 0.009375 0.0140625
0 0.90703125 0.4375 0.009375 0.009375
0 0.471875 0.4375 0.009375 0.0140625
0 0.5 0.4375 0.009375 0.009375
0 0.44453125 0.4375 0.009375 0.0140625
0 0.43046875 0.4375 0.009375 0.009375
0 0.61796875 0.4375 0.009375 0.009375
0 0.7984375 0.4375 0.0140625 0.0140625
0 0.58125 0.43984375 0.009375 0.0140625
0 0.70390625 0.43984375 0.009375 0.0140625
0 0.8265625 0.43984375 0.0140625 0.0140625
0 0.81484375 0.43984375 0.009375 0.0140625
0 0.88671875 0.43984375 0.009375 0.009375
0 0.596875 0.4421875 0.009375 0.0140625
0 0.73125 0.4421875 0.009375 0.0140625
0 0.54140625 0.4421875 0.0140625 0.0140625
0 0.77109375 0.4421875 0.009375 0.009375
0 0.409375 0.4421875 0.0140625 0.0140625
0 0.49296875 0.44453125 0.0140625 0.0140625
0 0.91875 0.44453125 0.009375 0.0140625
0 0.1484375 0.44453125 0.009375 0.0140625
0 0.4765625 0.446875 0.009375 0.0140625
0 0.1390625 0.446875 0.0140625 0.0140625
0 0.08828125 0.446875 0.009375 0.009375
0 0.2015625 0.446875 0.009375 0.009375
0 0.65703125 0.446875 0.009375 0.0140625
0 0.06484375 0.44921875 0.009375 0.0140625
0 0.428125 0.44921875 0.009375 0.009375
0 0.88671875 0.44921875 0.009375 0.0140625
0 0.83828125 0.44921875 0.0140625 0.0140625
0 0.58359375 0.4515625 0.009375 0.009375
0 0.64375 0.4515625 0.0140625 0.0140625
0 0.93046875 0.4515625 0.009375 0.0140625
0 0.4609375 0.4515625 0.009375 0.0140625
0 0.528125 0.4515625 0.009375 0.0140625
0 0.115625 0.45390625 0.009375 0.0140625
0 0.803125 0.45390625 0.009375 0.0140625
0 0.40078125 0.45390625 0.0140625 0.0140625
0 0.63203125 0.45625 0.0140625 0.0140625
0 0.6640625 0.45625 0.009375 0.009375
0 0.740625 0.45625 0.009375 0.0140625
0 0.653125 0.45625 0.009375 0.0140625
0 0.4234375 0.45625 0.009375 0.0140625
0 0.7546875 0.45625 0.009375 0.009375
0 0.13671875 0.45859375 0.0140625 0.0140625
0 0.07421875 0.45859375 0.009375 0.0140625
0 0.53671875 0.4609375 0.009375 0.0140625
0 0.875 0.4609375 0.0140625 0.0140625
0 0.39140625 0.4609375 0.009375 0.0140625
0 0.04140625 0.4609375 0.009375 0.0140625
0 0.43984375 0.46328125 0.0140625 0.01875
0 0.509375 0.46328125 0.0140625 0.0140625
0 0.51640625 0.46328125 0.0140625 0.0140625
0 0.66875 0.46328125 0.009375 0.0140625
0 0.17578125 0.46328125 0.04140625 0.06484375
0 0.57421875 0.465625 0.009375 0.0140625
0 0.528125 0.465625 0.009375 0.0140625
0 0.75234375 0.465625 0.009375 0.0140625
0 0.1203125 0.465625 0.0140625 0.0140625
0 0.090625 0.46796875 0.0140625 0.0140625
0 0.653125 0.46796875 0.0140625 0.0140625
0 0.81015625 0.46796875 0.009375 0.01875
0 0.428125 0.46953125 0.0140625 0.0140625
0 0.90078125 0.471875 0.009375 0.0140625
0 0.73125 0.471875 0.0140625 0.0140625
0 0.8796875 0.471875 0.009375 0.0140625
0 0.659375 0.471875 0.0140625 0.0140625
0 0.784375 0.47421875 0.03203125 0.04609375
0 0.1109375 0.47421875 0.009375 0.0140625
0 0.7640625 0.47421875 0.009375 0.01875
0 0.84921875 0.47421875 0.0140625 0.0140625
0 0.22421875 0.47421875 0.009375 0.0140625
0 0.60625 0.4765625 0.04140625 0.04140625
0 0.571875 0.4765625 0.0140625 0.0140625
0 0.20859375 0.4765625 0.0140625 0.01875
0 0.66875 0.47890625 0.009375 0.0140625
0 0.75234375 0.47890625 0.0140625 0.0140625
0 0.55546875 0.48125 0.0140625 0.01875
0 0.5140625 0.48125 0.0140625 0.0140625
0 0.45625 0.48125 0.0140625 0.0140625
0 0.54375 0.48359375 0.0140625 0.0140625
0 0.721875 0.48359375 0.0140625 0.01875
0 0.5046875 0.48359375 0.0140625 0.009375
0 0.23359375 0.4859375 0.009375 0.009375
0 0.8984375 0.48828125 0.0234375 0.0234375
0 0.08359375 0.48828125 0.0140625 0.01875
0 0.52109375 0.490625 0.009375 0.009375
0 0.58125 0.490625 0.009375 0.0140625
0 0.64140625 0.490625 0.0140625 0.0140625
0 0.4515625 0.49296875 0.0140625 0.0140625
0 0.41171875 0.4953125 0.03203125 0.04140625
0 0.43046875 0.4953125 0.0140625 0.01875
0 0.56015625 0.4953125 0.0140625 0.01875
0 0.02109375 0.4953125 0.0140625 0.0140625
0 0.3890625 0.4953125 0.0140625 0.01875
0 0.46328125 0.4953125 0.009375 0.0140625
0 0.8515625 0.49765625 0.01875 0.0234375
0 0.68515625 0.49765625 0.028125 0.03671875
0 0.215625 0.5 0.0140625 0.0140625
0 0.9234375 0.5 0.0140625 0.01875
0 0.10625 0.5 0.01875 0.01875
0 0.74296875 0.5046875 0.0140625 0.0140625
0 0.66171875 0.5046875 0.01875 0.028125
0 0.4421875 0.5046875 0.0140625 0.01875
0 0.096875 0.5046875 0.01875 0.01875
0 0.35859375 0.50703125 0.0234375 0.03203125
0 0.86796875 0.51171875 0.03203125 0.04140625
0 0.2265625 0.5140625 0.01875 0.028125
0 0.53671875 0.51875 0.01875 0.01875
0 0.56484375 0.52109375 0.0140625 0.01875
0 0.46796875 0.53203125 0.04140625 0.04609375
0 0.75 0.53203125 0.03203125 0.03671875
0 0.03203125 0.54140625 0.028125 0.028125
0 0.89609375 0.5484375 0.04140625 0.05546875
0 0.01171875 0.5484375 0.0234375 0.04140625
0 0.34921875 0.5671875 0.028125 0.05078125
0 0.7890625 0.58125 0.06953125 0.09296875
0 0.41171875 0.58828125 0.03671875 0.05078125
0 0.69921875 0.59296875 0.04609375 0.06484375
0 0.5578125 0.6015625 0.06484375 0.096875
0 0.02578125 0.61796875 0.05078125 0.06484375
0 0.11796875 0.66640625 0.07421875 0.096875
0 0.06015625 0.803125 0.1203125 0.19921875