0 0.42578125 0.125 0.028125 0.04140625
0 0.4765625 0.1390625 0.03671875 0.06015625
0 0.1296875 0.15546875 0.03203125 0.06484375
0 0.5484375 0.1734375 0.01875 0.04140625
0 0.57890625 0.18515625 0.03671875 0.05546875
0 0.51640625 0.1921875 0.03203125 0.03671875
0 0.29375 0.19453125 0.0234375 0.05546875
0 0.4421875 0.19453125 0.0234375 0.0234375
0 0.375 0.196875 0.0234375 0.05546875
0 0.32421875 0.20625 0.0234375 0.05546875
0 0.278125 0.20859375 0.03203125 0.05546875
0 0.35625 0.2109375 0.0234375 0.04140625
0 0.43984375 0.21328125 0.0234375 0.04140625
0 0.01875 0.22421875 0.028125 0.06015625
0 0.67109375 0.22421875 0.028125 0.05078125
0 0.23359375 0.2265625 0.03671875 0.05546875
0 0.721875 0.240625 0.03203125 0.05546875
0 0.75234375 0.26171875 0.03671875 0.06015625
0 0.10859375 0.26171875 0.0234375 0.05078125
0 0.37265625 0.2640625 0.03203125 0.06484375
0 0.58359375 0.2734375 0.028125 0.06484375
0 0.284375 0.2734375 0.0234375 0.03203125
0 0.84296875 0.278125 0.03203125 0.05078125
0 0.6828125 0.28671875 0.028125 0.04609375
0 0.43046875 0.29609375 0.0234375 0.05078125
0 0.51875 0.2984375 0.028125 0.05078125
0 0.45390625 0.303125 0.0234375 0.05078125
0 0.096875 0.30546875 0.03203125 0.05546875
0 0.284375 0.30546875 0.03671875 0.05078125
0 0.64140625 0.31015625 0.03203125 0.04140625
0 0.74296875 0.321875 0.03203125 0.06015625
0 0.221875 0.33359375 0.03203125 0.05546875
0 0.15546875 0.33828125 0.03203125 0.04609375
0 0.6734375 0.34453125 0.03203125 0.05078125
0 0.58125 0.346875 0.03203125 0.05078125
0 0.47890625 0.346875 0.03203125 0.05078125
0 0.37265625 0.35625 0.03671875 0.05078125
0 0.6203125 0.35859375 0.03203125 0.06015625
0 0.29375 0.3609375 0.03671875 0.05078125
0 0.78046875 0.36328125 0.03203125 0.05546875
0 0.70625 0.3703125 0.03203125 0.05546875
0 0.53671875 0.3703125 0.03203125 0.06015625
0 0.21328125 0.375 0.03203125 0.06015625
0 0.3515625 0.3796875 0.03203125 0.06015625
0 0.409375 0.3890625 0.03203125 0.06015625
0 0.0234375 0.40078125 0.04140625 0.06953125
0 0.43046875 0.403125 0.028125 0.06015625
0 0.096875 0.40703125 0.04140625 0.06015625
0 0.82890625 0.409375 0.03203125 0.05078125
0 0.0578125 0.42578125 0.03203125 0.06015625
0 0.365625 0.4328125 0.03671875 0.06015625
0 0.5390625 0.43515625 0.03203125 0.05546875
0 0.6484375 0.43984375 0.028125 0.05078125
0 0.62265625 0.4421875 0.03203125 0.05078125
0 0.68984375 0.4515625 0.03203125 0.06484375
0 0.98359375 0.465625 0.0234375 0.07890625
0 0.32890625 0.471875 0.03203125 0.05546875
0 0.14375 0.48828125 0.03203125 0.05546875
0 0.196875 0.490625 0.028125 0.05078125
0 0.1640625 0.5 0.01875 0.03671875
0 0.01875 0.5 0.028125 0.06015625
0 0.76875 0.5234375 0.03203125 0.04140625
0 0.9421875 0.53203125 0.028125 0.05546875
0 0.153125 0.54375 0.03203125 0.06484375
0 0.196875 0.54375 0.03203125 0.05078125
0 0.47890625 0.54375 0.03671875 0.06484375
0 0.7984375 0.5484375 0.03203125 0.05078125
0 0.01640625 0.56015625 0.03203125 0.04140625
0 0.53046875 0.56484375 0.03671875 0.05078125
0 0.8265625 0.571875 0.03671875 0.05546875
0 0.27109375 0.57421875 0.028125 0.04140625
0 0.08828125 0.57890625 0.028125 0.05078125
0 0.31484375 0.58359375 0.03671875 0.05078125
0 0.653125 0.59453125 0.03671875 0.06015625
0 0.596875 0.596875 0.03671875 0.06015625
0 0.4859375 0.596875 0.028125 0.04609375
0 0.715625 0.596875 0.03671875 0.05546875
0 0.77109375 0.60625 0.03671875 0.05546875
0 0.42109375 0.60625 0.03671875 0.05078125
0 0.29609375 0.60859375 0.03671875 0.05546875
0 0.02578125 0.61796875 0.03203125 0.05078125
0 0.903125 0.634375 0.03671875 0.05546875
0 0.096875 0.6390625 0.03671875 0.04140625
0 0.5484375 0.64140625 0.03671875 0.06953125
0 0.5 0.65546875 0.03671875 0.06484375
0 0.87734375 0.66640625 0.03671875 0.06015625
0 0.67578125 0.66875 0.03671875 0.07421875
0 0.62265625 0.66875 0.028125 0.03671875
0 0.715625 0.68515625 0.03203125 0.06015625
0 0.009375 0.68984375 0.01875 0.04609375
0 0.0390625 0.68984375 0.03203125 0.06015625
0 0.07890625 0.696875 0.03203125 0.05078125
0 0.08125 0.0765625 0.03203125 0.04609375
0 0.278125 0.08359375 0.03671875 0.06015625
0 0.01875 0.09296875 0.03671875 0.06015625
0 0.4515625 0.10390625 0.03203125 0.04140625
0 0.153125 0.11796875 0.03203125 0.05546875
0 0.221875 0.11796875 0.03671875 0.06015625