0 0.7546875 0.26875 0.05546875 0.06484375
0 0.51640625 0.28671875 0.05078125 0.06484375
0 0.22890625 0.29375 0.05546875 0.05546875
0 0.57890625 0.29609375 0.05546875 0.06015625
0 0.45859375 0.29609375 0.05078125 0.05078125
0 0.63203125 0.3265625 0.06953125 0.06953125
0 0.78203125 0.32890625 0.08359375 0.07890625
0 0.428125 0.33125 0.07421875 0.06953125
0 0.31484375 0.33125 0.07890625 0.06484375
0 0.90703125 0.33359375 0.07890625 0.07890625
0 0.2546875 0.33828125 0.07421875 0.06953125
0 0.13203125 0.346875 0.1015625 0.08359375
0 0.2359375 0.39609375 0.08359375 0.07890625
0 0.5671875 0.465625 0.10625 0.10625
0 0.303125 0.5578125 0.10625 0.1203125