0 0.2359375 0.2453125 0.05546875 0.09296875
0 0.625 0.2734375 0.05078125 0.09296875
0 0.4421875 0.278125 0.05546875 0.096875
0 0.53671875 0.28203125 0.04140625 0.07421875
0 0.87265625 0.284375 0.07421875 0.1015625
0 0.77578125 0.29140625 0.06015625 0.10625
0 0.71796875 0.29140625 0.06953125 0.125
0 0.34453125 0.30546875 0.06953125 0.07421875
0 0.490625 0.30546875 0.06015625 0.09296875
0 0.40546875 0.31015625 0.06484375 0.09296875
0 0.6921875 0.31953125 0.06953125 0.1203125
0 0.29609375 0.33359375 0.05078125 0.09296875
0 0.57421875 0.34296875 0.06484375 0.10625
0 0.0578125 0.34921875 0.06953125 0.10625
0 0.15546875 0.37265625 0.05546875 0.09296875
0 0.22890625 0.3890625 0.06484375 0.08359375
0 0.840625 0.44921875 0.08359375 0.1203125