0 0.15546875 0.53203125 0.0046875 0.009375
0 0.16875 0.5390625 0.009375 0.009375
0 0.715625 0.54609375 0.0140625 0.0234375
0 0.8609375 0.5484375 0.009375 0.009375
0 0.77578125 0.55078125 0.009375 0.0140625
0 0.96796875 0.55078125 0.009375 0.01875
0 0.07421875 0.553125 0.028125 0.03671875
0 0.5484375 0.55546875 0.009375 0.0140625
0 0.45390625 0.55546875 0.009375 0.0140625
0 0.91640625 0.55546875 0.01875 0.028125
0 0.5 0.55546875 0.009375 0.009375
0 0.61796875 0.5578125 0.0046875 0.009375
0 0.84296875 0.5578125 0.0140625 0.01875
0 0.80078125 0.5578125 0.0140625 0.0234375
0 0.54375 0.5578125 0.0046875 0.009375
0 0.534375 0.5578125 0.0140625 0.01875
0 0.471875 0.5578125 0.009375 0.0140625
0 0.86796875 0.5578125 0.0140625 0.01875
0 0.59921875 0.5578125 0.0046875 0.009375
0 0.62265625 0.56015625 0.0046875 0.0140625
0 0.6484375 0.56015625 0.009375 0.009375
0 0.46328125 0.56015625 0.0046875 0.0046875
0 0.58125 0.56015625 0.0046875 0.009375
0 0.03671875 0.56015625 0.0046875 0.0046875
0 0.5234375 0.56015625 0.0046875 0.0046875
0 0.55546875 0.56015625 0.0046875 0.009375
0 0.23359375 0.56015625 0.0046875 0.0140625
0 0.59296875 0.5625 0.0046875 0.009375
0 0.20390625 0.5625 0.03671875 0.04140625
0 0.6390625 0.5625 0.009375 0.0140625
0 0.57421875 0.5625 0.0140625 0.01875
0 0.346875 0.5625 0.009375 0.009375
0 0.3890625 0.5625 0.0046875 0.009375
0 0.3515625 0.5625 0.0140625 0.0140625
0 0.51640625 0.5625 0.009375 0.0046875
0 0.76875 0.5625 0.0046875 0.0140625
0 0.3609375 0.5625 0.0046875 0.009375
0 0.61328125 0.5625 0.0046875 0.0046875
0 0.06015625 0.56484375 0.009375 0.0140625
0 0.10859375 0.56484375 0.009375 0.0140625
0 0.44453125 0.56484375 0.0140625 0.01875
0 0.66171875 0.56484375 0.0140625 0.01875
0 0.6734375 0.56484375 0.009375 0.01875
0 0.2890625 0.56484375 0.0140625 0.0140625
0 0.56484375 0.56484375 0.0046875 0.0046875
0 0.39375 0.56484375 0.0046875 0.0046875
0 0.18046875 0.56484375 0.009375 0.0046875
0 0.48359375 0.56484375 0.009375 0.0140625
0 0.259375 0.56484375 0.0046875 0.009375
0 0.2984375 0.56484375 0.009375 0.009375
0 0.58828125 0.56484375 0.009375 0.01875
0 0.7015625 0.5671875 0.0140625 0.01875
0 0.096875 0.5671875 0.009375 0.0140625
0 0.15078125 0.5671875 0.0140625 0.01875
0 0.28046875 0.5671875 0.0046875 0.009375
0 0.78203125 0.5671875 0.01875 0.028125
0 0.29375 0.5671875 0.0046875 0.009375
0 0.3703125 0.5671875 0.009375 0.009375
0 0.509375 0.5671875 0.0046875 0.0140625
0 0.403125 0.5671875 0.0046875 0.009375
0 0.00703125 0.5671875 0.0046875 0.009375
0 0.62734375 0.5671875 0.009375 0.009375
0 0.4140625 0.5671875 0.0046875 0.009375
0 0.85859375 0.5671875 0.01875 0.01875
0 0.15703125 0.56953125 0.009375 0.0140625
0 0.6875 0.56953125 0.0140625 0.01875
0 0.36796875 0.56953125 0.0046875 0.009375
0 0.384375 0.56953125 0.009375 0.009375
0 0.25234375 0.56953125 0.009375 0.0140625
0 0.303125 0.56953125 0.009375 0.0140625
0 0.240625 0.56953125 0.0046875 0.009375
0 0.37734375 0.56953125 0.009375 0.0140625
0 0.2453125 0.56953125 0.0046875 0.0046875
0 0.26640625 0.56953125 0.009375 0.0140625
0 0.22890625 0.571875 0.0140625 0.0140625
0 0.1734375 0.571875 0.0140625 0.01875
0 0.3125 0.571875 0.009375 0.009375
0 0.04609375 0.571875 0.009375 0.0140625
0 0.51875 0.571875 0.009375 0.0140625
0 0.028125 0.57421875 0.009375 0.01875
0 0.090625 0.57421875 0.0140625 0.01875
0 0.9765625 0.57421875 0.028125 0.04140625
0 0.33125 0.57421875 0.028125 0.03203125
0 0.0140625 0.57421875 0.009375 0.0140625
0 0.009375 0.57421875 0.01875 0.028125
0 0.05546875 0.5765625 0.009375 0.0140625
0 0.8171875 0.5765625 0.0234375 0.05078125
0 0.215625 0.5765625 0.009375 0.01875
0 0.35859375 0.5765625 0.009375 0.0140625
0 0.034375 0.5765625 0.009375 0.01875
0 0.11328125 0.57890625 0.009375 0.0140625
0 0.13203125 0.57890625 0.01875 0.028125
0 0.49765625 0.57890625 0.01875 0.03671875
0 0.60625 0.57890625 0.0140625 0.01875
0 0.66640625 0.58125 0.0140625 0.01875
0 0.4328125 0.5859375 0.0140625 0.0234375
0 0.740625 0.58828125 0.04140625 0.06484375