0 0.21953125 0.2890625 0.07421875 0.1203125
0 0.7265625 0.29140625 0.05546875 0.09296875
0 0.340625 0.3171875 0.07421875 0.1109375
0 0.45390625 0.32890625 0.06484375 0.115625
0 0.69453125 0.38203125 0.06953125 0.1390625
0 0.56484375 0.384375 0.07421875 0.1390625
0 0.8515625 0.4140625 0.06953125 0.1296875
0 0.15546875 0.42578125 0.08828125 0.1296875
0 0.24765625 0.43046875 0.07421875 0.1484375
0 0.7890625 0.53203125 0.08828125 0.1203125
0 0.46953125 0.553125 0.07890625 0.1296875
0 0.321875 0.61328125 0.07890625 0.1390625