0 0.02109375 0.01171875 0.03203125 0.0234375
0 0.2546875 0.11328125 0.06015625 0.1015625
0 0.6921875 0.125 0.05078125 0.096875
0 0.45859375 0.1296875 0.05078125 0.06953125
0 0.95625 0.13671875 0.06484375 0.1015625
0 0.05546875 0.13671875 0.06015625 0.1109375
0 0.16875 0.17109375 0.06484375 0.1109375
0 0.58359375 0.1734375 0.04140625 0.08828125
0 0.90078125 0.18984375 0.06484375 0.08828125
0 0.10859375 0.19453125 0.06015625 0.096875
0 0.35625 0.21796875 0.06953125 0.115625
0 0.70625 0.21796875 0.06484375 0.08828125
0 0.64609375 0.221875 0.06484375 0.09296875
0 0.46796875 0.23359375 0.06484375 0.096875
0 0.17578125 0.02578125 0.06484375 0.05078125
0 0.47890625 0.02578125 0.05078125 0.05078125
0 0.909375 0.2640625 0.05546875 0.06953125
0 0.79609375 0.2734375 0.06015625 0.09296875
0 0.0234375 0.28046875 0.04609375 0.1015625
0 0.95625 0.03046875 0.06484375 0.06015625
0 0.38203125 0.03046875 0.05078125 0.06015625
0 0.1875 0.3125 0.04609375 0.06953125
0 0.6015625 0.3171875 0.07421875 0.1015625
0 0.740625 0.3265625 0.06484375 0.10625
0 0.9421875 0.32890625 0.07421875 0.06484375
0 0.5140625 0.33828125 0.06484375 0.1015625
0 0.02109375 0.33828125 0.04140625 0.134375
0 0.23828125 0.35390625 0.06484375 0.096875
0 0.6921875 0.36328125 0.08359375 0.125
0 0.75859375 0.03671875 0.0609375 0.0734375
0 0.846875 0.384375 0.06953125 0.10625
0 0.4375 0.0390625 0.05546875 0.05078125
0 0.9609375 0.403125 0.06953125 0.09296875
0 0.1640625 0.428125 0.06015625 0.096875
0 0.3171875 0.43515625 0.07421875 0.115625
0 0.56015625 0.46328125 0.06015625 0.10625
0 0.47890625 0.46796875 0.04609375 0.06015625
0 0.56953125 0.0484375 0.05078125 0.07890625
0 0.696875 0.5 0.07421875 0.1296875
0 0.03046875 0.50234375 0.06015625 0.125
0 0.95859375 0.5046875 0.07421875 0.1015625
0 0.88671875 0.5046875 0.06953125 0.1296875
0 0.67109375 0.53671875 0.07890625 0.125
0 0.4328125 0.54140625 0.05546875 0.134375
0 0.27578125 0.553125 0.06484375 0.115625
0 0.278125 0.0578125 0.05546875 0.09296875
0 0.471875 0.5765625 0.07421875 0.134375
0 0.1640625 0.615625 0.06015625 0.1109375
0 0.9765625 0.64609375 0.03671875 0.134375
0 0.8078125 0.65546875 0.06953125 0.1203125
0 0.2546875 0.6921875 0.06953125 0.10625
0 0.92109375 0.71328125 0.07890625 0.10625
0 0.35625 0.73359375 0.06015625 0.134375
0 0.528125 0.75703125 0.08828125 0.1296875
0 0.66875 0.7640625 0.08828125 0.134375
0 0.08125 0.78203125 0.09296875 0.134375
0 0.9328125 0.82421875 0.07890625 0.125
0 0.471875 0.85390625 0.1015625 0.1109375
0 0.6640625 0.87265625 0.10625 0.06484375