0 0.37265625 0.1734375 0.06484375 0.1015625
0 0.178125 0.1734375 0.096875 0.14375
0 0.52578125 0.1875 0.06484375 0.08828125
0 0.70390625 0.18984375 0.06953125 0.1203125
0 0.59296875 0.19921875 0.06484375 0.1109375
0 0.2734375 0.20625 0.06953125 0.10625
0 0.82421875 0.23125 0.07890625 0.08828125
0 0.490625 0.28046875 0.08359375 0.125
0 0.7453125 0.33359375 0.06953125 0.1203125
0 0.84453125 0.34921875 0.08359375 0.1109375
0 0.22421875 0.37734375 0.096875 0.1203125
0 0.3359375 0.40546875 0.08828125 0.1390625
0 0.56484375 0.4515625 0.07421875 0.115625