0 0.90703125 0.153125 0.0046875 0.0046875
0 0.9140625 0.15546875 0.009375 0.0046875
0 0.96796875 0.15703125 0.009375 0.0046875
0 0.9375 0.15703125 0.009375 0.0046875
0 0.9328125 0.159375 0.009375 0.009375
0 0.875 0.159375 0.009375 0.009375
0 0.94921875 0.16171875 0.009375 0.0140625
0 0.86328125 0.1640625 0.009375 0.009375
0 0.89140625 0.1640625 0.0046875 0.0046875
0 0.909375 0.1640625 0.009375 0.009375
0 0.903125 0.16640625 0.009375 0.0140625
0 0.84453125 0.16875 0.009375 0.0140625
0 0.89609375 0.16875 0.009375 0.009375
0 0.82890625 0.17109375 0.0140625 0.01875
0 0.9234375 0.17109375 0.009375 0.0140625
0 0.88203125 0.17109375 0.009375 0.009375
0 0.96328125 0.17109375 0.009375 0.009375
0 0.8125 0.1734375 0.009375 0.0140625
0 0.784375 0.1734375 0.009375 0.0140625
0 0.95390625 0.17578125 0.0140625 0.0140625
0 0.85859375 0.178125 0.009375 0.0140625
0 0.96953125 0.178125 0.0140625 0.01875
0 0.840625 0.18046875 0.009375 0.01875
0 0.884375 0.1828125 0.009375 0.009375
0 0.8078125 0.1828125 0.009375 0.0140625
0 0.86796875 0.18515625 0.009375 0.0140625
0 0.8609375 0.18515625 0.009375 0.0140625
0 0.71796875 0.18984375 0.0140625 0.01875
0 0.91875 0.1921875 0.0140625 0.01875
0 0.82421875 0.196875 0.0140625 0.01875
0 0.88203125 0.196875 0.0140625 0.01875
0 0.84921875 0.196875 0.01875 0.01875
0 0.96796875 0.2015625 0.0140625 0.01875
0 0.903125 0.2015625 0.0140625 0.01875
0 0.9375 0.20390625 0.0140625 0.028125
0 0.97890625 0.20625 0.0140625 0.0140625
0 0.7546875 0.20859375 0.0140625 0.0234375
0 0.9140625 0.21328125 0.0140625 0.0234375
0 0.86328125 0.21328125 0.0140625 0.0234375
0 0.89140625 0.215625 0.0140625 0.0234375
0 0.71328125 0.21796875 0.0140625 0.028125
0 0.6734375 0.21953125 0.01875 0.03203125
0 0.79140625 0.221875 0.01875 0.028125
0 0.9765625 0.22421875 0.0234375 0.028125
0 0.81484375 0.2265625 0.01875 0.03203125
0 0.84296875 0.23125 0.01875 0.03203125
0 0.77578125 0.23125 0.01875 0.03671875
0 0.9515625 0.23359375 0.01875 0.0140625
0 0.8796875 0.23828125 0.01875 0.01875
0 0.73125 0.2453125 0.0234375 0.03671875
0 0.8515625 0.25703125 0.03203125 0.03671875
0 0.92578125 0.25703125 0.028125 0.03671875
0 0.75 0.26171875 0.028125 0.04140625
0 0.028125 0.26875 0.04140625 0.06953125
0 0.95625 0.27109375 0.028125 0.04609375
0 0.88203125 0.2734375 0.03671875 0.05078125
0 0.5859375 0.27578125 0.03671875 0.05078125
0 0.98125 0.27578125 0.028125 0.06015625
0 0.62734375 0.278125 0.03671875 0.05078125
0 0.928125 0.2890625 0.028125 0.03671875
0 0.75 0.30078125 0.03671875 0.05078125
0 0.82890625 0.3078125 0.03671875 0.06484375
0 0.33125 0.3796875 0.05078125 0.06484375
0 0.6734375 0.38203125 0.03203125 0.06015625
0 0.57421875 0.384375 0.05078125 0.07890625
0 0.02578125 0.39140625 0.04609375 0.1015625
0 0.78203125 0.43515625 0.04140625 0.06015625
0 0.63671875 0.46328125 0.06953125 0.09296875
0 0.68984375 0.4953125 0.04140625 0.05078125
0 0.95546875 0.5546875 0.0890625 0.1625
0 0.7109375 0.55546875 0.06484375 0.08828125
0 0.49296875 0.5625 0.08359375 0.134375
0 0.8265625 0.56953125 0.06015625 0.08828125
0 0.27109375 0.57421875 0.08828125 0.10625
0 0.08359375 0.5859375 0.08828125 0.03671875
0 0.64140625 0.596875 0.09296875 0.153125
0 0.76640625 0.60390625 0.1015625 0.134375
0 0.32890625 0.64140625 0.08359375 0.134375
0 0.41171875 0.66171875 0.134375 0.18515625
0 0.13671875 0.68984375 0.10625 0.134375
0 0.90703125 0.69453125 0.1015625 0.1203125
0 0.884375 0.78046875 0.096875 0.17578125
0 0.06015625 0.79140625 0.096875 0.18515625
0 0.66875 0.85390625 0.153125 0.08828125