0 0.34453125 0.625 0.009375 0.0140625
0 0.38671875 0.625 0.03203125 0.04609375
0 0.634375 0.62734375 0.01875 0.03671875
0 0.03203125 0.6296875 0.028125 0.028125
0 0.278125 0.6296875 0.028125 0.03203125
0 0.33125 0.6296875 0.0140625 0.028125
0 0.2984375 0.63203125 0.009375 0.0140625
0 0.1203125 0.63203125 0.0140625 0.028125
0 0.46328125 0.634375 0.009375 0.0140625
0 0.16640625 0.634375 0.0140625 0.0234375
0 0.490625 0.63671875 0.0234375 0.05078125
0 0.5859375 0.63671875 0.009375 0.0140625
0 0.51875 0.63671875 0.0234375 0.04609375
0 0.30546875 0.63671875 0.0046875 0.0234375
0 0.596875 0.6390625 0.009375 0.0140625
0 0.428125 0.6390625 0.009375 0.0140625
0 0.44921875 0.6390625 0.0234375 0.03671875
0 0.3171875 0.64140625 0.009375 0.0234375
0 0.35390625 0.64609375 0.0234375 0.03671875
0 0.54375 0.6484375 0.028125 0.05078125
0 0.79140625 0.65078125 0.01875 0.04140625
0 0.26875 0.653125 0.0234375 0.04609375
0 0.41171875 0.65546875 0.0234375 0.01875
0 0.6203125 0.65546875 0.0234375 0.03671875
0 0.196875 0.65546875 0.03203125 0.06015625
0 0.01640625 0.6734375 0.03203125 0.115625
0 0.89609375 0.69453125 0.028125 0.05078125
0 0.06484375 0.59296875 0.03203125 0.05078125
0 0.62265625 0.60390625 0.0140625 0.028125
0 0.4859375 0.60859375 0.0140625 0.0140625
0 0.23828125 0.6109375 0.0234375 0.03671875
0 0.2109375 0.61328125 0.01875 0.03671875
0 0.19453125 0.615625 0.0234375 0.03203125
0 0.909375 0.615625 0.0234375 0.05546875
0 0.6734375 0.615625 0.0140625 0.028125
0 0.09921875 0.615625 0.0234375 0.03203125
0 0.409375 0.61796875 0.01875 0.028125
0 0.4515625 0.6203125 0.01875 0.01875
0 0.68984375 0.6203125 0.01875 0.03671875
0 0.15703125 0.62265625 0.01875 0.05078125
0 0.73125 0.62265625 0.0140625 0.028125
0 0.1390625 0.62265625 0.0234375 0.05078125
0 0.56953125 0.62265625 0.0234375 0.04140625