0 0.73125 0.12265625 0.009375 0.009375
0 0.60625 0.134375 0.0046875 0.0046875
0 0.740625 0.134375 0.009375 0.0046875
0 0.70390625 0.134375 0.009375 0.0140625
0 0.490625 0.13671875 0.009375 0.009375
0 0.51640625 0.13671875 0.009375 0.0140625
0 0.58828125 0.13671875 0.009375 0.009375
0 0.44453125 0.13671875 0.0046875 0.009375
0 0.50234375 0.1390625 0.0046875 0.009375
0 0.221875 0.14609375 0.0140625 0.01875
0 0.16640625 0.15078125 0.0140625 0.01875
0 0.28671875 0.15703125 0.01875 0.01875
0 0.26171875 0.16171875 0.01875 0.0234375
0 0.2015625 0.16640625 0.0140625 0.01875
0 0.32890625 0.16640625 0.0234375 0.028125
0 0.2265625 0.16875 0.0140625 0.028125
0 0.1640625 0.1734375 0.01875 0.03671875
0 0.19453125 0.178125 0.0234375 0.028125
0 0.3984375 0.1828125 0.03203125 0.03671875
0 0.240625 0.1875 0.01875 0.028125
0 0.29375 0.21328125 0.01875 0.03203125
0 0.3265625 0.21328125 0.028125 0.04140625
0 0.35859375 0.21328125 0.0234375 0.028125
0 0.3078125 0.21796875 0.0234375 0.03671875
0 0.465625 0.21953125 0.03203125 0.04140625
0 0.53203125 0.221875 0.028125 0.03203125
0 0.50703125 0.221875 0.028125 0.04140625
0 0.58828125 0.221875 0.028125 0.04609375
0 0.803125 0.23125 0.01875 0.03671875
0 0.7640625 0.23828125 0.0234375 0.03203125
0 0.62265625 0.240625 0.03203125 0.04140625
0 0.22421875 0.25 0.03203125 0.04609375
0 0.11328125 0.28671875 0.03203125 0.05546875
0 0.134375 0.29140625 0.03671875 0.06484375
0 0.81953125 0.29140625 0.03671875 0.05078125
0 0.76171875 0.29140625 0.03203125 0.04140625
0 0.3125 0.29609375 0.028125 0.05078125
0 0.17109375 0.2984375 0.03203125 0.04609375
0 0.20390625 0.30078125 0.01875 0.03671875
0 0.6109375 0.31484375 0.03203125 0.04609375
0 0.98828125 0.3171875 0.0140625 0.06015625
0 0.44453125 0.31953125 0.04140625 0.04140625
0 0.57890625 0.33828125 0.03671875 0.05546875
0 0.8984375 0.34296875 0.04609375 0.05078125
0 0.153125 0.34453125 0.03671875 0.07421875
0 0.30078125 0.34453125 0.04609375 0.06484375
0 0.6640625 0.34453125 0.04140625 0.06484375
0 0.19921875 0.34453125 0.04140625 0.06484375
0 0.54375 0.3515625 0.03671875 0.05078125
0 0.81015625 0.3515625 0.04140625 0.05078125
0 0.74765625 0.35625 0.03671875 0.06015625
0 0.928125 0.3609375 0.03671875 0.06015625
0 0.01171875 0.36328125 0.0234375 0.05546875
0 0.446875 0.3703125 0.03203125 0.05546875
0 0.55546875 0.37265625 0.028125 0.03203125
0 0.63671875 0.37265625 0.04609375 0.05546875
0 0.33828125 0.3796875 0.03671875 0.05078125
0 0.48828125 0.38671875 0.04140625 0.06484375
0 0.865625 0.39609375 0.04140625 0.06484375
0 0.7890625 0.3984375 0.04609375 0.06953125
0 0.2265625 0.403125 0.04609375 0.05546875
0 0.58125 0.409375 0.04140625 0.06953125
0 0.9421875 0.41875 0.04609375 0.06484375
0 0.3703125 0.42109375 0.04140625 0.06484375
0 0.90703125 0.45390625 0.06015625 0.06484375
0 0.21796875 0.4609375 0.04609375 0.07421875
0 0.10625 0.5140625 0.05546875 0.07421875
0 0.43515625 0.51640625 0.06015625 0.08359375
0 0.63203125 0.53046875 0.07421875 0.08359375
0 0.79140625 0.5484375 0.06015625 0.08828125
0 0.946875 0.553125 0.06484375 0.07421875
0 0.94453125 0.6390625 0.06015625 0.09296875
0 0.94921875 0.81015625 0.09296875 0.14375