0 0.5578125 0.303125 0.03671875 0.04609375
0 0.49296875 0.30546875 0.03203125 0.03671875
0 0.64609375 0.3078125 0.03671875 0.05078125
0 0.46953125 0.3171875 0.01875 0.028125
0 0.346875 0.321875 0.03671875 0.04609375
0 0.41640625 0.32421875 0.028125 0.03203125
0 0.3171875 0.32890625 0.03671875 0.05078125
0 0.26171875 0.32890625 0.05078125 0.04609375
0 0.3984375 0.32890625 0.03203125 0.028125
0 0.56953125 0.33359375 0.0234375 0.028125
0 0.82890625 0.33828125 0.05078125 0.06484375
0 0.18515625 0.33828125 0.05078125 0.06015625
0 0.13203125 0.34921875 0.05078125 0.06015625
0 0.48359375 0.3515625 0.04140625 0.04140625
0 0.9421875 0.35390625 0.03671875 0.04140625
0 0.590625 0.35625 0.03671875 0.03671875
0 0.2265625 0.3609375 0.04140625 0.04140625
0 0.64609375 0.3609375 0.028125 0.04609375
0 0.8890625 0.36796875 0.03203125 0.05078125
0 0.42109375 0.3703125 0.05078125 0.04609375
0 0.08125 0.375 0.06953125 0.05078125
0 0.68984375 0.37734375 0.04140625 0.04140625
0 0.8078125 0.38203125 0.03671875 0.05078125
0 0.31484375 0.39609375 0.04609375 0.05078125
0 0.77578125 0.3984375 0.05546875 0.04609375
0 0.53203125 0.3984375 0.04140625 0.05546875
0 0.26640625 0.40078125 0.05546875 0.06484375
0 0.9140625 0.403125 0.05078125 0.06953125
0 0.69453125 0.40546875 0.03671875 0.03671875
0 0.19453125 0.40703125 0.07421875 0.05078125
0 0.07421875 0.41171875 0.06953125 0.06015625
0 0.590625 0.4140625 0.06015625 0.06953125
0 0.86328125 0.42109375 0.03671875 0.04609375
0 0.66875 0.4375 0.05546875 0.03671875
0 0.34296875 0.4421875 0.05546875 0.03203125
0 0.7546875 0.44453125 0.05546875 0.05078125
0 0.5 0.4515625 0.06015625 0.05546875
0 0.23359375 0.45390625 0.06953125 0.05546875
0 0.87265625 0.471875 0.06484375 0.08828125
0 0.68984375 0.4765625 0.05546875 0.07890625
0 0.43984375 0.47890625 0.04609375 0.05546875
0 0.36328125 0.48125 0.04140625 0.03671875
0 0.340625 0.52578125 0.06484375 0.06953125
0 0.528125 0.553125 0.06015625 0.07890625