0 0.3703125 0.26171875 0.08828125 0.16171875
0 0.465625 0.3078125 0.06953125 0.1203125
0 0.64375 0.321875 0.03203125 0.06484375
0 0.13671875 0.3515625 0.0140625 0.0234375
0 0.6734375 0.35625 0.03203125 0.04140625
0 0.0765625 0.3609375 0.0140625 0.028125
0 0.18515625 0.3609375 0.028125 0.04140625
0 0.15546875 0.36328125 0.01875 0.028125
0 0.11328125 0.36328125 0.0234375 0.03671875
0 0.1296875 0.36796875 0.01875 0.0234375
0 0.0484375 0.36796875 0.028125 0.028125
0 0.91875 0.3703125 0.04140625 0.07421875
0 0.20859375 0.37265625 0.0140625 0.0234375
0 0.09921875 0.375 0.0140625 0.028125
0 0.94921875 0.37734375 0.04609375 0.07890625
0 0.79375 0.37734375 0.05078125 0.1015625
0 0.821875 0.3796875 0.03671875 0.09296875
0 0.85390625 0.3890625 0.028125 0.0234375
0 0.875 0.3984375 0.01875 0.0234375
0 0.05078125 0.3984375 0.04609375 0.05078125
0 0.97890625 0.403125 0.04140625 0.10625
0 0.59921875 0.409375 0.06484375 0.1296875
0 0.85390625 0.42109375 0.028125 0.04140625
0 0.821875 0.5484375 0.06484375 0.10625