0 0.2703125 0.0390625 0.040625 0.078125
0 0.1734375 0.0390625 0.03203125 0.05546875
0 0.47890625 0.0578125 0.04140625 0.07890625
0 0.12734375 0.06015625 0.03203125 0.08359375
0 0.090625 0.06953125 0.03671875 0.07421875
0 0.04375 0.06953125 0.05078125 0.10625
0 0.403125 0.071875 0.04140625 0.07421875
0 0.53046875 0.0859375 0.05078125 0.07421875
0 0.64140625 0.090625 0.03203125 0.07421875
0 0.8171875 0.09453125 0.03203125 0.06015625
0 0.90546875 0.1015625 0.04609375 0.08828125
0 0.33359375 0.10859375 0.06953125 0.115625
0 0.78671875 0.11328125 0.028125 0.06953125
0 0.7359375 0.115625 0.03203125 0.04609375
0 0.44921875 0.13203125 0.05078125 0.096875
0 0.20390625 0.134375 0.06484375 0.134375
0 0.69921875 0.14375 0.0234375 0.04609375
0 0.6015625 0.15078125 0.05078125 0.09296875
0 0.98125 0.15078125 0.028125 0.07890625
0 0.7640625 0.153125 0.01875 0.04140625
0 0.72890625 0.1640625 0.03671875 0.05546875
0 0.65703125 0.1875 0.04140625 0.08359375
0 0.93984375 0.1921875 0.04609375 0.10625
0 0.86796875 0.2109375 0.06484375 0.115625
0 0.75234375 0.22890625 0.05078125 0.08359375
0 0.54140625 0.27578125 0.06484375 0.115625