0 0.6109375 0.10390625 0.03671875 0.07421875
0 0.71796875 0.10625 0.03671875 0.08359375
0 0.42109375 0.1109375 0.028125 0.05546875
0 0.46953125 0.11328125 0.04140625 0.08359375
0 0.12265625 0.125 0.03671875 0.08359375
0 0.36796875 0.12734375 0.028125 0.06015625
0 0.66640625 0.1296875 0.01875 0.06015625
0 0.403125 0.13203125 0.03203125 0.07890625
0 0.5671875 0.1390625 0.028125 0.06953125
0 0.090625 0.14140625 0.05078125 0.07421875
0 0.034375 0.14375 0.06015625 0.1109375
0 0.33125 0.15703125 0.04609375 0.09296875
0 0.0765625 0.01640625 0.0234375 0.03203125
0 0.02578125 0.01640625 0.028125 0.03203125
0 0.7640625 0.1640625 0.03203125 0.06484375
0 0.6875 0.16875 0.04140625 0.07890625
0 0.803125 0.18984375 0.03203125 0.07890625
0 0.59921875 0.1921875 0.04140625 0.1015625
0 0.53046875 0.20859375 0.04140625 0.09296875
0 0.90078125 0.21796875 0.04140625 0.09296875
0 0.2265625 0.0234375 0.04140625 0.04609375
0 0.284375 0.23125 0.04140625 0.08828125
0 0.1828125 0.24296875 0.04140625 0.096875
0 0.9859375 0.25234375 0.01875 0.07890625
0 0.93046875 0.2546875 0.04140625 0.07890625
0 0.64609375 0.27578125 0.03671875 0.08359375
0 0.49296875 0.27578125 0.05078125 0.15703125
0 0.10625 0.03046875 0.03671875 0.06015625
0 0.14609375 0.03046875 0.03203125 0.05546875
0 0.31953125 0.03203125 0.03671875 0.06015625
0 0.81953125 0.346875 0.06484375 0.1390625
0 0.41875 0.346875 0.06015625 0.16171875
0 0.346875 0.4375 0.07421875 0.16640625
0 0.01171875 0.04375 0.0234375 0.06484375
0 0.9609375 0.4859375 0.06015625 0.1015625
0 0.2265625 0.053125 0.03203125 0.06015625
0 0.0578125 0.05546875 0.04609375 0.09296875
0 0.39140625 0.05546875 0.028125 0.06015625
0 0.9765625 0.625 0.04609375 0.16640625
0 0.25 0.778125 0.1390625 0.29609375
0 0.86796875 0.8515625 0.1484375 0.2640625
0 0.25703125 0.08828125 0.03671875 0.06484375
0 0.1921875 0.09296875 0.04140625 0.07890625
0 0.528125 0.09296875 0.0234375 0.05546875