0 0.33125 0.134375 0.0234375 0.03203125
0 0.29140625 0.14140625 0.01875 0.01875
0 0.26640625 0.14609375 0.01875 0.028125
0 0.196875 0.15078125 0.01875 0.028125
0 0.3609375 0.153125 0.0234375 0.03203125
0 0.1484375 0.15546875 0.01875 0.0234375
0 0.39140625 0.15546875 0.0234375 0.03203125
0 0.22421875 0.15546875 0.0234375 0.028125
0 0.090625 0.1640625 0.01875 0.03203125
0 0.071875 0.16640625 0.0140625 0.03203125
0 0.4375 0.16640625 0.0234375 0.04140625
0 0.10390625 0.17109375 0.0140625 0.028125
0 0.48828125 0.178125 0.0234375 0.028125
0 0.053125 0.1828125 0.01875 0.028125
0 0.403125 0.1921875 0.01875 0.028125
0 0.45390625 0.2109375 0.028125 0.03671875
0 0.5234375 0.21796875 0.028125 0.03671875
0 0.43515625 0.23359375 0.03203125 0.04140625
0 0.57421875 0.25 0.03203125 0.04609375
0 0.69921875 0.2546875 0.03203125 0.05078125
0 0.77109375 0.259375 0.01875 0.028125
0 0.63203125 0.259375 0.028125 0.04140625
0 0.59921875 0.26171875 0.028125 0.05078125
0 0.76640625 0.3125 0.03671875 0.06015625
0 0.303125 0.31953125 0.01875 0.01875
0 0.25234375 0.32421875 0.028125 0.03671875
0 0.35625 0.33359375 0.028125 0.04140625
0 0.27578125 0.34296875 0.0234375 0.04609375
0 0.18046875 0.34921875 0.028125 0.04609375
0 0.2984375 0.35390625 0.03203125 0.05078125
0 0.215625 0.3609375 0.03203125 0.04609375
0 0.240625 0.3609375 0.03671875 0.05078125
0 0.3703125 0.3796875 0.03671875 0.05078125
0 0.45390625 0.38671875 0.04140625 0.06015625
0 0.56484375 0.39140625 0.028125 0.05078125
0 0.590625 0.403125 0.03671875 0.06015625
0 0.653125 0.42578125 0.03671875 0.06953125
0 0.76875 0.4375 0.05078125 0.07890625
0 0.909375 0.43984375 0.04609375 0.07421875
0 0.840625 0.4515625 0.05078125 0.07421875
0 0.71796875 0.4515625 0.05078125 0.08359375
0 0.98125 0.4609375 0.03671875 0.07890625
0 0.9421875 0.48828125 0.04609375 0.07421875
0 0.76171875 0.56015625 0.06953125 0.08828125
0 0.865625 0.56953125 0.05078125 0.07890625
0 0.9671875 0.590625 0.065625 0.115625
0 0.909375 0.6109375 0.06953125 0.10625
0 0.05546875 0.6109375 0.04609375 0.04140625
0 0.7984375 0.61328125 0.07421875 0.1015625
0 0.66171875 0.63671875 0.07421875 0.1203125
0 0.4953125 0.64609375 0.06953125 0.115625
0 0.35859375 0.65078125 0.09296875 0.1296875
0 0.24765625 0.659375 0.08359375 0.125
0 0.19921875 0.67578125 0.04140625 0.05546875
0 0.05546875 0.7109375 0.08828125 0.1390625
0 0.1296875 0.7640625 0.04140625 0.05078125