0 0.43515625 0.52578125 0.009375 0.009375
0 0.5 0.52578125 0.009375 0.0140625
0 0.28046875 0.52578125 0.0046875 0.009375
0 0.1921875 0.52578125 0.0046875 0.0140625
0 0.2890625 0.52578125 0.0046875 0.0140625
0 0.6015625 0.52578125 0.0140625 0.01875
0 0.91640625 0.52578125 0.01875 0.03671875
0 0.8609375 0.528125 0.01875 0.03203125
0 0.22421875 0.528125 0.009375 0.0140625
0 0.24765625 0.528125 0.0046875 0.0140625
0 0.715625 0.528125 0.009375 0.01875
0 0.25234375 0.528125 0.0046875 0.0140625
0 0.43984375 0.528125 0.0140625 0.01875
0 0.06953125 0.528125 0.009375 0.009375
0 0.33359375 0.53046875 0.0140625 0.028125
0 0.26875 0.53046875 0.0046875 0.0140625
0 0.87265625 0.53046875 0.0140625 0.0234375
0 0.409375 0.53046875 0.009375 0.01875
0 0.240625 0.53203125 0.0046875 0.0046875
0 0.26171875 0.53203125 0.0046875 0.0046875
0 0.78203125 0.53203125 0.0140625 0.03203125
0 0.17109375 0.534375 0.0140625 0.0234375
0 0.3796875 0.534375 0.009375 0.009375
0 0.4234375 0.534375 0.0140625 0.03203125
0 0.06015625 0.534375 0.009375 0.009375
0 0.21953125 0.534375 0.009375 0.01875
0 0.30078125 0.534375 0.009375 0.0140625
0 0.84921875 0.534375 0.0140625 0.03203125
0 0.20625 0.534375 0.009375 0.01875
0 0.740625 0.534375 0.028125 0.03671875
0 0.034375 0.534375 0.009375 0.0140625
0 0.0140625 0.534375 0.009375 0.009375
0 0.23359375 0.534375 0.0046875 0.0140625
0 0.0234375 0.53671875 0.009375 0.0140625
0 0.27578125 0.53671875 0.0046875 0.009375
0 0.3984375 0.53671875 0.0140625 0.01875
0 0.97421875 0.53671875 0.04140625 0.07421875
0 0.22890625 0.53671875 0.0046875 0.009375
0 0.0578125 0.53671875 0.0046875 0.0046875
0 0.00703125 0.53671875 0.0046875 0.0046875
0 0.28203125 0.53671875 0.0046875 0.0140625
0 0.65546875 0.5390625 0.01875 0.04140625
0 0.0484375 0.5390625 0.009375 0.0140625
0 0.5578125 0.5390625 0.0140625 0.028125
0 0.26640625 0.5390625 0.009375 0.01875
0 0.19921875 0.5390625 0.009375 0.01875
0 0.571875 0.54140625 0.01875 0.01875
0 0.240625 0.54375 0.009375 0.0140625
0 0.32421875 0.54609375 0.0140625 0.028125
0 0.82890625 0.54609375 0.03203125 0.06484375
0 0.0671875 0.54609375 0.0046875 0.009375
0 0.14609375 0.54609375 0.01875 0.028125
0 0.06015625 0.5484375 0.0046875 0.009375
0 0.37265625 0.55078125 0.01875 0.028125
0 0.446875 0.55078125 0.0140625 0.0234375
0 0.45859375 0.553125 0.01875 0.03203125
0 0.1015625 0.55546875 0.01875 0.0234375
0 0.590625 0.55546875 0.01875 0.04140625
0 0.3890625 0.5578125 0.0140625 0.028125
0 0.946875 0.5578125 0.028125 0.05078125
0 0.0859375 0.56015625 0.0140625 0.01875
0 0.01171875 0.5625 0.0140625 0.0234375
0 0.05546875 0.5625 0.01875 0.0234375
0 0.0390625 0.5625 0.009375 0.0140625
0 0.89375 0.56484375 0.03203125 0.06015625
0 0.509375 0.56484375 0.01875 0.04140625
0 0.5671875 0.56484375 0.028125 0.05078125
0 0.25703125 0.56484375 0.0140625 0.0234375
0 0.54609375 0.5671875 0.01875 0.04140625
0 0.70625 0.56953125 0.01875 0.04140625
0 0.696875 0.57421875 0.01875 0.04140625
0 0.61796875 0.58359375 0.03671875 0.06015625
0 0.409375 0.58828125 0.04140625 0.06484375
0 0.73359375 0.59296875 0.028125 0.06953125
0 0.865625 0.6109375 0.028125 0.04140625
0 0.37734375 0.61328125 0.0234375 0.04609375
0 0.9765625 0.61328125 0.03671875 0.07890625
0 0.92578125 0.6203125 0.04140625 0.04609375
0 0.6640625 0.62734375 0.028125 0.03671875
0 0.1296875 0.6296875 0.04140625 0.06484375
0 0.30078125 0.6390625 0.03671875 0.06015625
0 0.03046875 0.67109375 0.04140625 0.07421875
0 0.48125 0.67578125 0.028125 0.05546875
0 0.384375 0.6875 0.05078125 0.1015625
0 0.95390625 0.71953125 0.06015625 0.1390625
0 0.56015625 0.7265625 0.06484375 0.115625
0 0.78671875 0.759375 0.05078125 0.06484375
0 0.10625 0.77109375 0.06953125 0.1203125
0 0.83828125 0.92109375 0.134375 0.1296875
0 0.26875 0.96796875 0.06015625 0.06015625
0 0.9140625 0.4609375 0.0140625 0.0140625
0 0.81015625 0.46328125 0.0140625 0.01875
0 0.89140625 0.46796875 0.0140625 0.01875
0 0.70390625 0.471875 0.0046875 0.009375
0 0.84921875 0.47421875 0.009375 0.0140625
0 0.85859375 0.47421875 0.009375 0.009375
0 0.7453125 0.4765625 0.0046875 0.009375
0 0.92578125 0.4765625 0.0140625 0.0234375
0 0.71953125 0.4765625 0.009375 0.0140625
0 0.659375 0.47890625 0.009375 0.009375
0 0.83828125 0.48125 0.0140625 0.0140625
0 0.77578125 0.48125 0.0046875 0.009375
0 0.95859375 0.48125 0.01875 0.01875
0 0.73359375 0.48359375 0.0046875 0.009375
0 0.68984375 0.48359375 0.0046875 0.0140625
0 0.78203125 0.48359375 0.0046875 0.0140625
0 0.89609375 0.48359375 0.009375 0.01875
0 0.6828125 0.48359375 0.0046875 0.009375
0 0.7890625 0.4859375 0.009375 0.0140625
0 0.63203125 0.4859375 0.0046875 0.009375
0 0.69921875 0.4859375 0.009375 0.0140625
0 0.70859375 0.4859375 0.009375 0.0140625
0 0.88203125 0.4859375 0.009375 0.01875
0 0.65078125 0.4859375 0.009375 0.0140625
0 0.659375 0.4859375 0.009375 0.009375
0 0.74296875 0.4859375 0.009375 0.0140625
0 0.81953125 0.4859375 0.009375 0.009375
0 0.87265625 0.4859375 0.0140625 0.01875
0 0.63671875 0.48828125 0.0046875 0.009375
0 0.8515625 0.490625 0.009375 0.0140625
0 0.61796875 0.490625 0.009375 0.0140625
0 0.64375 0.49296875 0.0046875 0.009375
0 0.7546875 0.49296875 0.009375 0.009375
0 0.528125 0.49296875 0.009375 0.01875
0 0.56015625 0.4953125 0.0046875 0.0140625
0 0.534375 0.4953125 0.009375 0.0140625
0 0.625 0.4953125 0.0046875 0.009375
0 0.7359375 0.4953125 0.009375 0.0140625
0 0.5859375 0.4953125 0.0046875 0.009375
0 0.66171875 0.4953125 0.009375 0.0140625
0 0.96953125 0.4953125 0.0140625 0.01875
0 0.5484375 0.4953125 0.0046875 0.009375
0 0.63203125 0.4953125 0.009375 0.009375
0 0.63671875 0.4953125 0.0046875 0.009375
0 0.71796875 0.4953125 0.0140625 0.01875
0 0.596875 0.49765625 0.009375 0.009375
0 0.6921875 0.49765625 0.009375 0.009375
0 0.47421875 0.49765625 0.009375 0.009375
0 0.70390625 0.5 0.009375 0.0140625
0 0.56953125 0.5 0.0046875 0.0140625
0 0.50234375 0.5 0.0046875 0.009375
0 0.465625 0.5 0.0046875 0.0140625
0 0.7640625 0.5 0.0140625 0.0234375
0 0.6203125 0.50234375 0.009375 0.0140625
0 0.7453125 0.50234375 0.009375 0.01875
0 0.39375 0.50234375 0.0046875 0.0046875
0 0.65546875 0.50234375 0.009375 0.0140625
0 0.9140625 0.50234375 0.0140625 0.0140625
0 0.98828125 0.50703125 0.0140625 0.0234375
0 0.6109375 0.5046875 0.009375 0.01875
0 0.534375 0.5046875 0.009375 0.009375
0 0.428125 0.5046875 0.009375 0.0140625
0 0.60390625 0.5046875 0.0140625 0.01875
0 0.45390625 0.50703125 0.0046875 0.0140625
0 0.57421875 0.50703125 0.009375 0.0140625
0 0.509375 0.50703125 0.0046875 0.01875
0 0.61796875 0.509375 0.009375 0.0140625
0 0.50234375 0.509375 0.0046875 0.0140625
0 0.64609375 0.509375 0.0140625 0.01875
0 0.83828125 0.509375 0.0140625 0.0234375
0 0.9515625 0.509375 0.01875 0.028125
0 0.51875 0.509375 0.01875 0.028125
0 0.7546875 0.509375 0.009375 0.0140625
0 0.4609375 0.509375 0.0046875 0.0046875
0 0.55546875 0.509375 0.0046875 0.0140625
0 0.44453125 0.51171875 0.009375 0.01875
0 0.3515625 0.51171875 0.009375 0.0140625
0 0.3984375 0.51171875 0.009375 0.009375
0 0.54375 0.51171875 0.01875 0.028125
0 0.67109375 0.51171875 0.0140625 0.0234375
0 0.21328125 0.51171875 0.009375 0.009375
0 0.33359375 0.51171875 0.009375 0.009375
0 0.38671875 0.51171875 0.0046875 0.0140625
0 0.63203125 0.51171875 0.009375 0.0140625
0 0.38203125 0.51171875 0.009375 0.01875
0 0.48359375 0.51171875 0.0140625 0.028125
0 0.58828125 0.51171875 0.01875 0.0234375
0 0.803125 0.5140625 0.0234375 0.03671875
0 0.159375 0.5140625 0.0046875 0.0140625
0 0.40703125 0.5140625 0.0046875 0.0140625
0 0.49296875 0.5140625 0.0046875 0.01875
0 0.4375 0.5140625 0.009375 0.009375
0 0.32421875 0.5140625 0.009375 0.0140625
0 0.16640625 0.5140625 0.0046875 0.0046875
0 0.47421875 0.5140625 0.009375 0.01875
0 0.56484375 0.5140625 0.009375 0.01875
0 0.2546875 0.5140625 0.0046875 0.009375
0 0.0859375 0.5140625 0.009375 0.0140625
0 0.42109375 0.5140625 0.009375 0.0140625
0 0.3703125 0.51640625 0.009375 0.01875
0 0.23125 0.51640625 0.009375 0.009375
0 0.36328125 0.51640625 0.0140625 0.01875
0 0.09296875 0.51640625 0.0046875 0.0140625
0 0.2640625 0.51875 0.0046875 0.009375
0 0.18046875 0.51875 0.009375 0.009375
0 0.25 0.52109375 0.0046875 0.0046875
0 0.27578125 0.52109375 0.0046875 0.0046875
0 0.93046875 0.52109375 0.028125 0.04140625
0 0.7015625 0.52109375 0.0140625 0.0234375
0 0.89609375 0.52109375 0.01875 0.04140625
0 0.615625 0.5234375 0.009375 0.0140625
0 0.18515625 0.5234375 0.0046875 0.009375
0 0.28203125 0.5234375 0.0046875 0.009375
0 0.240625 0.5234375 0.0046875 0.009375
0 0.3125 0.5234375 0.009375 0.01875
0 0.46328125 0.5234375 0.009375 0.01875
0 0.3515625 0.5234375 0.0140625 0.028125
0 0.6875 0.5234375 0.0140625 0.01875
0 0.22890625 0.5234375 0.0046875 0.009375
0 0.40078125 0.52578125 0.009375 0.01875