0 0.43984375 0.3890625 0.009375 0.009375
0 0.0234375 0.41640625 0.01875 0.0234375
0 0.7265625 0.41640625 0.009375 0.0140625
0 0.153125 0.42109375 0.009375 0.01875
0 0.1921875 0.4234375 0.0140625 0.01875
0 0.95625 0.4234375 0.009375 0.0140625
0 0.32421875 0.42578125 0.01875 0.03203125
0 0.93984375 0.43046875 0.0140625 0.0234375
0 0.0765625 0.43046875 0.009375 0.01875
0 0.81953125 0.43046875 0.009375 0.01875
0 0.57421875 0.43515625 0.0140625 0.0234375
0 0.48828125 0.43515625 0.0140625 0.0234375
0 0.40546875 0.43515625 0.01875 0.0234375
0 0.92578125 0.4375 0.0140625 0.0234375
0 0.59921875 0.4375 0.009375 0.009375
0 0.18046875 0.43984375 0.0140625 0.0234375
0 0.03203125 0.43984375 0.028125 0.0234375
0 0.25234375 0.43984375 0.01875 0.0234375
0 0.68984375 0.4421875 0.0140625 0.01875
0 0.77109375 0.44453125 0.0140625 0.028125
0 0.70390625 0.44921875 0.0234375 0.0234375
0 0.16171875 0.44921875 0.0140625 0.028125
0 0.1015625 0.44921875 0.0140625 0.028125
0 0.33125 0.44921875 0.009375 0.0140625
0 0.2734375 0.44921875 0.0140625 0.028125
0 0.14375 0.44921875 0.028125 0.03671875
0 0.72421875 0.44921875 0.01875 0.028125
0 0.865625 0.4515625 0.01875 0.028125
0 0.54140625 0.45390625 0.01875 0.03203125
0 0.06015625 0.45390625 0.01875 0.0234375
0 0.20390625 0.45625 0.01875 0.028125
0 0.29375 0.45625 0.028125 0.05078125
0 0.82890625 0.45625 0.01875 0.0234375
0 0.43515625 0.45625 0.0234375 0.03203125
0 0.7890625 0.45859375 0.0234375 0.03203125
0 0.884375 0.4609375 0.028125 0.04609375
0 0.75703125 0.4609375 0.01875 0.03671875
0 0.5140625 0.46328125 0.01875 0.03203125
0 0.465625 0.46796875 0.01875 0.028125
0 0.62265625 0.46953125 0.028125 0.04140625
0 0.72421875 0.471875 0.01875 0.028125
0 0.82421875 0.471875 0.0140625 0.01875
0 0.81015625 0.47421875 0.01875 0.03671875
0 0.05078125 0.47421875 0.0234375 0.028125
0 0.34453125 0.4765625 0.04140625 0.05078125
0 0.13671875 0.48359375 0.0140625 0.028125
0 0.375 0.48359375 0.03203125 0.05078125
0 0.40703125 0.48359375 0.028125 0.04140625
0 0.02109375 0.4859375 0.03671875 0.06015625
0 0.240625 0.48828125 0.01875 0.03203125
0 0.2015625 0.490625 0.0234375 0.04140625
0 0.09921875 0.490625 0.03671875 0.05078125
0 0.95390625 0.49296875 0.06484375 0.08359375
0 0.259375 0.49296875 0.0234375 0.05078125
0 0.428125 0.49296875 0.01875 0.028125
0 0.78671875 0.4953125 0.0234375 0.04140625
0 0.74296875 0.49765625 0.0234375 0.03203125
0 0.4953125 0.5 0.028125 0.04140625
0 0.7015625 0.5 0.03671875 0.06015625
0 0.22890625 0.509375 0.0234375 0.03671875
0 0.46328125 0.51171875 0.028125 0.04140625
0 0.846875 0.51171875 0.0234375 0.04140625
0 0.17578125 0.51640625 0.028125 0.05078125
0 0.8890625 0.51875 0.03203125 0.05546875
0 0.14375 0.52109375 0.01875 0.028125
0 0.80546875 0.5234375 0.04140625 0.04140625
0 0.6109375 0.528125 0.04140625 0.06953125
0 0.43515625 0.53203125 0.03203125 0.04140625
0 0.384375 0.54375 0.028125 0.06015625
0 0.53203125 0.5484375 0.03671875 0.03671875
0 0.64140625 0.5484375 0.0234375 0.03203125
0 0.053125 0.5578125 0.03671875 0.05078125
0 0.22890625 0.5671875 0.03671875 0.05078125
0 0.32890625 0.5671875 0.06015625 0.08359375
0 0.153125 0.56953125 0.06953125 0.04140625
0 0.71953125 0.57421875 0.05078125 0.08359375
0 0.57890625 0.5765625 0.04609375 0.05078125
0 0.01640625 0.58359375 0.03203125 0.08359375
0 0.428125 0.590625 0.04140625 0.06484375
0 0.2890625 0.59453125 0.04140625 0.06484375
0 0.0765625 0.615625 0.03671875 0.06015625
0 0.48828125 0.61796875 0.06015625 0.1109375
0 0.3703125 0.625 0.06484375 0.04140625
0 0.1875 0.625 0.06953125 0.09296875
0 0.60390625 0.64140625 0.06015625 0.096875
0 0.9671875 0.675 0.065625 0.153125
0 0.16171875 0.68046875 0.06015625 0.115625
0 0.79140625 0.71953125 0.08828125 0.15703125
0 0.38203125 0.740625 0.07890625 0.134375
0 0.0625 0.78671875 0.07890625 0.16171875
0 0.56953125 0.86328125 0.08828125 0.1109375