0 0.740625 0.10625 0.06015625 0.09296875
0 0.31015625 0.1109375 0.05078125 0.05078125
0 0.4765625 0.1109375 0.07421875 0.1203125
0 0.90078125 0.11328125 0.04140625 0.10625
0 0.42109375 0.11796875 0.07890625 0.1484375
0 0.50703125 0.1484375 0.05078125 0.09296875
0 0.58125 0.15546875 0.08359375 0.134375
0 0.22890625 0.16171875 0.07421875 0.134375
0 0.153125 0.16640625 0.08359375 0.1296875
0 0.6296875 0.18515625 0.06015625 0.10625
0 0.28671875 0.1875 0.06484375 0.1203125
0 0.68984375 0.1921875 0.04140625 0.08359375
0 0.375 0.20625 0.09296875 0.153125
0 0.7265625 0.31484375 0.08828125 0.14375
0 0.28671875 0.3609375 0.08359375 0.14375
0 0.79140625 0.3984375 0.09296875 0.153125
0 0.52578125 0.471875 0.06015625 0.08359375
0 0.0484375 0.471875 0.096875 0.16171875
0 0.4859375 0.5140625 0.08359375 0.115625
0 0.153125 0.5234375 0.1109375 0.19921875
0 0.5625 0.6203125 0.115625 0.15703125
0 0.85625 0.06484375 0.07890625 0.115625
0 0.93984375 0.06953125 0.07421875 0.1203125
0 0.61328125 0.090625 0.04609375 0.07421875