0 0.82421875 0.08828125 0.08828125 0.14375
0 0.72890625 0.9 0.1390625 0.2
0 0.31875 0.9046875 0.125 0.190625
0 0.94453125 0.909375 0.1015625 0.17109375
0 0.528125 0.9234375 0.115625 0.1484375
0 0.41875 0.93984375 0.1203125 0.1109375
0 0.11796875 0.94453125 0.14375 0.1015625
0 0.42578125 0.10390625 0.04609375 0.1484375
0 0.965625 0.12265625 0.06015625 0.14375
0 0.490625 0.15703125 0.115625 0.134375
0 0.79375 0.16640625 0.08828125 0.17109375
0 0.2734375 0.19453125 0.10625 0.1484375
0 0.72421875 0.22421875 0.08828125 0.17578125
0 0.63203125 0.22890625 0.08359375 0.16640625
0 0.153125 0.240625 0.06953125 0.115625
0 0.94453125 0.259375 0.08828125 0.1484375
0 0.5 0.340625 0.08828125 0.19453125
0 0.83359375 0.365625 0.1296875 0.17109375
0 0.2984375 0.36796875 0.07890625 0.18046875
0 0.678125 0.37265625 0.08828125 0.17109375
0 0.16875 0.4140625 0.08828125 0.17578125
0 0.06953125 0.41875 0.08359375 0.1015625
0 0.18203125 0.04375 0.0609375 0.0875
0 0.3984375 0.43515625 0.1015625 0.20390625
0 0.9671875 0.4515625 0.065625 0.23125
0 0.59921875 0.5140625 0.096875 0.23125
0 0.0578125 0.51875 0.07890625 0.1296875
0 0.80546875 0.52578125 0.125 0.18046875
0 0.659375 0.053125 0.07421875 0.10625
0 0.1296875 0.0578125 0.07890625 0.115625
0 0.29609375 0.6015625 0.115625 0.20859375
0 0.44453125 0.6109375 0.1109375 0.18984375
0 0.48359375 0.0625 0.125 0.115625
0 0.909375 0.625 0.1203125 0.14375
0 0.27109375 0.06484375 0.1015625 0.1296875
0 0.70859375 0.6484375 0.096875 0.17109375
0 0.06015625 0.70859375 0.096875 0.23125
0 0.9765625 0.759375 0.03671875 0.1203125
0 0.66640625 0.76875 0.08828125 0.25
0 0.12265625 0.78203125 0.06953125 0.134375
0 0.56015625 0.803125 0.115625 0.19453125
0 0.8796875 0.84453125 0.08828125 0.2265625