0 0.653125 0.29609375 0.0140625 0.0140625
0 0.04140625 0.29609375 0.009375 0.0140625
0 0.534375 0.29609375 0.0046875 0.009375
0 0.51875 0.2984375 0.0046875 0.009375
0 0.55078125 0.2984375 0.0046875 0.0046875
0 0.06484375 0.2984375 0.009375 0.0140625
0 0.31015625 0.30078125 0.009375 0.009375
0 0.08125 0.30078125 0.009375 0.009375
0 0.41640625 0.30078125 0.009375 0.009375
0 0.17109375 0.30078125 0.0046875 0.009375
0 0.153125 0.303125 0.0046875 0.009375
0 0.54140625 0.303125 0.009375 0.0140625
0 0.2109375 0.303125 0.0046875 0.009375
0 0.32421875 0.303125 0.009375 0.0140625
0 0.4328125 0.303125 0.009375 0.0140625
0 0.56015625 0.303125 0.0046875 0.0140625
0 0.24765625 0.303125 0.0046875 0.0140625
0 0.27109375 0.303125 0.009375 0.0140625
0 0.571875 0.30546875 0.0046875 0.0140625
0 0.22421875 0.30546875 0.009375 0.009375
0 0.34453125 0.30546875 0.0046875 0.0046875
0 0.36796875 0.30546875 0.0046875 0.0140625
0 0.28203125 0.30546875 0.009375 0.0140625
0 0.21328125 0.30546875 0.009375 0.0046875
0 0.465625 0.30546875 0.009375 0.009375
0 0.23125 0.30546875 0.009375 0.0140625
0 0.1640625 0.3078125 0.0046875 0.009375
0 0.20390625 0.3078125 0.0046875 0.0140625
0 0.2984375 0.3078125 0.009375 0.0140625
0 0.39140625 0.3078125 0.009375 0.009375
0 0.37734375 0.3078125 0.009375 0.0140625
0 0.55078125 0.3078125 0.009375 0.0140625
0 0.36328125 0.3078125 0.009375 0.0140625
0 0.38671875 0.3078125 0.009375 0.0140625
0 0.528125 0.3078125 0.009375 0.0140625
0 0.08125 0.3078125 0.009375 0.0140625
0 0.83359375 0.3078125 0.0140625 0.01875
0 0.446875 0.31015625 0.009375 0.0140625
0 0.178125 0.31015625 0.0046875 0.009375
0 0.3359375 0.31015625 0.0046875 0.009375
0 0.3984375 0.31015625 0.009375 0.009375
0 0.26640625 0.3125 0.009375 0.01875
0 0.42578125 0.3125 0.0046875 0.009375
0 0.18515625 0.3125 0.0046875 0.009375
0 0.1921875 0.3125 0.0046875 0.009375
0 0.91171875 0.3125 0.0140625 0.01875
0 0.01171875 0.3125 0.009375 0.0140625
0 0.4421875 0.3125 0.009375 0.009375
0 0.0234375 0.3125 0.0140625 0.0140625
0 0.68984375 0.31484375 0.0140625 0.01875
0 0.7109375 0.31484375 0.0140625 0.0140625
0 0.6296875 0.31484375 0.0140625 0.0140625
0 0.3515625 0.31484375 0.009375 0.009375
0 0.24296875 0.31484375 0.009375 0.0140625
0 0.0484375 0.31484375 0.009375 0.009375
0 0.04140625 0.31484375 0.009375 0.01875
0 0.09453125 0.3171875 0.0140625 0.01875
0 0.21796875 0.3171875 0.009375 0.0140625
0 0.75 0.3171875 0.0140625 0.01875
0 0.15546875 0.3171875 0.009375 0.0140625
0 0.34296875 0.3171875 0.009375 0.0140625
0 0.29140625 0.31953125 0.0140625 0.0140625
0 0.0578125 0.31953125 0.009375 0.01875
0 0.18515625 0.31953125 0.009375 0.009375
0 0.14609375 0.321875 0.01875 0.0234375
0 0.45625 0.321875 0.009375 0.009375
0 0.0390625 0.321875 0.009375 0.0140625
0 0.125 0.321875 0.009375 0.01875
0 0.32890625 0.321875 0.0140625 0.0140625
0 0.31953125 0.321875 0.0046875 0.0140625
0 0.48828125 0.321875 0.0140625 0.009375
0 0.571875 0.321875 0.0046875 0.0140625
0 0.0859375 0.321875 0.009375 0.0140625
0 0.24765625 0.32421875 0.0140625 0.0140625
0 0.7734375 0.32421875 0.0140625 0.01875
0 0.86328125 0.32421875 0.0140625 0.028125
0 0.64609375 0.32421875 0.0140625 0.0140625
0 0.875 0.32421875 0.0140625 0.0234375
0 0.409375 0.32421875 0.009375 0.009375
0 0.59296875 0.32421875 0.009375 0.0140625
0 0.90546875 0.32421875 0.0140625 0.0140625
0 0.93515625 0.3265625 0.0140625 0.01875
0 0.5484375 0.3265625 0.009375 0.0140625
0 0.22890625 0.3265625 0.009375 0.0140625
0 0.44921875 0.3265625 0.009375 0.0140625
0 0.52578125 0.3265625 0.009375 0.0140625
0 0.62265625 0.3265625 0.009375 0.0140625
0 0.178125 0.32890625 0.0140625 0.0140625
0 0.43984375 0.32890625 0.0140625 0.01875
0 0.5578125 0.32890625 0.009375 0.0140625
0 0.846875 0.32890625 0.0140625 0.0234375
0 0.45859375 0.32890625 0.0140625 0.0140625
0 0.10859375 0.32890625 0.009375 0.01875
0 0.20625 0.32890625 0.01875 0.0234375
0 0.42109375 0.32890625 0.009375 0.01875
0 0.0484375 0.32890625 0.0140625 0.01875
0 0.509375 0.32890625 0.0140625 0.0140625
0 0.009375 0.32890625 0.009375 0.01875
0 0.92109375 0.32890625 0.0140625 0.01875
0 0.29140625 0.33125 0.01875 0.01875
0 0.5671875 0.33125 0.009375 0.01875
0 0.60859375 0.33125 0.009375 0.0140625
0 0.40078125 0.33125 0.009375 0.0140625
0 0.79375 0.33125 0.0140625 0.0140625
0 0.36328125 0.33359375 0.0140625 0.0234375
0 0.4859375 0.33359375 0.009375 0.01875
0 0.70859375 0.33359375 0.01875 0.01875
0 0.1875 0.3359375 0.0234375 0.01875
0 0.4765625 0.3359375 0.009375 0.01875
0 0.40703125 0.33828125 0.0140625 0.0140625
0 0.98125 0.33828125 0.0140625 0.0234375
0 0.58125 0.33828125 0.0140625 0.0234375
0 0.346875 0.340625 0.01875 0.03203125
0 0.465625 0.340625 0.0140625 0.0234375
0 0.8078125 0.340625 0.0140625 0.0234375
0 0.07890625 0.340625 0.0140625 0.01875
0 0.59921875 0.34296875 0.0140625 0.01875
0 0.615625 0.34296875 0.0140625 0.01875
0 0.240625 0.34453125 0.01875 0.0234375
0 0.79140625 0.34453125 0.0140625 0.01875
0 0.55546875 0.34453125 0.009375 0.0140625
0 0.51875 0.34453125 0.0140625 0.01875
0 0.94453125 0.346875 0.01875 0.03203125
0 0.534375 0.346875 0.009375 0.0140625
0 0.2640625 0.346875 0.0234375 0.03671875
0 0.09921875 0.34921875 0.0140625 0.0234375
0 0.284375 0.3515625 0.01875 0.028125
0 0.04609375 0.35390625 0.0234375 0.028125
0 0.990625 0.35625 0.0140625 0.03203125
0 0.375 0.35625 0.01875 0.0234375
0 0.18515625 0.35859375 0.01875 0.03203125
0 0.50703125 0.3609375 0.0234375 0.028125
0 0.32890625 0.3609375 0.0140625 0.0234375
0 0.60390625 0.36328125 0.01875 0.028125
0 0.8515625 0.36796875 0.03203125 0.028125
0 0.409375 0.36796875 0.0234375 0.04140625
0 0.3515625 0.3703125 0.0234375 0.028125
0 0.76875 0.37265625 0.03671875 0.04609375
0 0.64375 0.3796875 0.03671875 0.04609375
0 0.68515625 0.3796875 0.0234375 0.04140625
0 0.66640625 0.3796875 0.0140625 0.05078125
0 0.4375 0.38203125 0.0140625 0.01875
0 0.15078125 0.38671875 0.0140625 0.04140625
0 0.15703125 0.39140625 0.0234375 0.04609375
0 0.46953125 0.39375 0.01875 0.0234375
0 0.7890625 0.39375 0.01875 0.03671875
0 0.0625 0.39609375 0.028125 0.04609375
0 0.33828125 0.39609375 0.0234375 0.03671875
0 0.9140625 0.3984375 0.03203125 0.05078125
0 0.73125 0.3984375 0.028125 0.03671875
0 0.54609375 0.403125 0.028125 0.04140625
0 0.57421875 0.42109375 0.028125 0.04609375
0 0.52578125 0.43515625 0.03203125 0.05546875
0 0.403125 0.5 0.028125 0.04140625