0 0.625 0.0140625 0.0234375 0.028125
0 0.04140625 0.18515625 0.03203125 0.04609375
0 0.5390625 0.2109375 0.04140625 0.03203125
0 0.071875 0.215625 0.0234375 0.04609375
0 0.34921875 0.25703125 0.05078125 0.05546875
0 0.0390625 0.259375 0.04609375 0.05078125
0 0.53203125 0.259375 0.03671875 0.05078125
0 0.21796875 0.2640625 0.03671875 0.04609375
0 0.78203125 0.27109375 0.03671875 0.06015625
0 0.18046875 0.28046875 0.03203125 0.05546875
0 0.81015625 0.2890625 0.04140625 0.05546875
0 0.65078125 0.3078125 0.04140625 0.04140625
0 0.33828125 0.3125 0.04140625 0.05078125
0 0.45859375 0.33125 0.04140625 0.06484375
0 0.11796875 0.34296875 0.03671875 0.06015625
0 0.18984375 0.3609375 0.03671875 0.06015625
0 0.53671875 0.40078125 0.04140625 0.06484375
0 0.6390625 0.409375 0.04140625 0.06484375
0 0.240625 0.428125 0.04140625 0.06015625
0 0.38671875 0.4765625 0.04609375 0.06484375
0 0.5 0.05078125 0.04140625 0.05078125
0 0.81015625 0.509375 0.04140625 0.06015625
0 0.21796875 0.05078125 0.03203125 0.04609375
0 0.59921875 0.5390625 0.04140625 0.05546875
0 0.6390625 0.05546875 0.03203125 0.03671875
0 0.91171875 0.553125 0.04140625 0.06015625
0 0.1875 0.06015625 0.028125 0.04140625
0 0.303125 0.0671875 0.028125 0.03203125
0 0.56953125 0.0671875 0.028125 0.03671875
0 0.76171875 0.71953125 0.05546875 0.04140625
0 0.87265625 0.07421875 0.03203125 0.04140625
0 0.97890625 0.07421875 0.028125 0.04140625
0 0.946875 0.0765625 0.03671875 0.04140625
0 0.74296875 0.08359375 0.03671875 0.04140625
0 0.3703125 0.08359375 0.0234375 0.05078125
0 0.26875 0.096875 0.028125 0.04140625
0 0.8515625 0.1015625 0.03671875 0.04609375