0 0.98828125 0.02578125 0.01875 0.04609375
0 0.346875 0.2546875 0.09296875 0.153125
0 0.08125 0.028125 0.06015625 0.05546875
0 0.59296875 0.26640625 0.096875 0.153125
0 0.77109375 0.028125 0.03671875 0.05546875
0 0.47890625 0.29375 0.08359375 0.16171875
0 0.96015625 0.03203125 0.0421875 0.0640625
0 0.80078125 0.03203125 0.04609375 0.04609375
0 0.14375 0.03203125 0.03671875 0.04609375
0 0.125 0.3359375 0.10625 0.18515625
0 0.37265625 0.03671875 0.03671875 0.04140625
0 0.840625 0.0390625 0.04140625 0.06953125
0 0.2515625 0.04375 0.05625 0.0875
0 0.4484375 0.04375 0.059375 0.0875
0 0.19453125 0.053125 0.03671875 0.06015625
0 0.5578125 0.053125 0.05078125 0.08359375
0 0.8359375 0.53203125 0.15703125 0.259375
0 0.3125 0.5859375 0.153125 0.2265625
0 0.7546875 0.06015625 0.05078125 0.03671875
0 0.3171875 0.06015625 0.06484375 0.06953125
0 0.928125 0.06484375 0.05546875 0.07421875
0 0.11328125 0.071875 0.04140625 0.06484375
0 0.0578125 0.07421875 0.05078125 0.08828125
0 0.884375 0.07421875 0.05078125 0.07890625
0 0.80546875 0.0765625 0.03671875 0.04140625
0 0.98125 0.08125 0.03203125 0.03203125
0 0.1640625 0.08125 0.06015625 0.08828125
0 0.91171875 0.009375 0.0234375 0.01875
0 0.7453125 0.01171875 0.03203125 0.0234375
0 0.61328125 0.096875 0.096875 0.1390625
0 0.034375 0.10078125 0.06875 0.1578125
0 0.4140625 0.1109375 0.06953125 0.10625
0 0.85859375 0.0140625 0.028125 0.028125
0 0.3125 0.13671875 0.06953125 0.08359375
0 0.18046875 0.01640625 0.03671875 0.03203125
0 0.88203125 0.01640625 0.01875 0.03203125
0 0.84453125 0.15078125 0.07890625 0.14375
0 0.15703125 0.153125 0.05078125 0.08828125
0 0.08359375 0.15546875 0.096875 0.1109375
0 0.7734375 0.159375 0.08828125 0.134375
0 0.7546875 0.01640625 0.01875 0.028125
0 0.8890625 0.16640625 0.06015625 0.09296875
0 0.20625 0.01875 0.04609375 0.03671875
0 0.95859375 0.19921875 0.07890625 0.17578125
0 0.7109375 0.0234375 0.05078125 0.04609375
0 0.01875 0.0234375 0.03671875 0.04609375
0 0.23125 0.21953125 0.07421875 0.10625
0 0.71796875 0.22890625 0.1296875 0.20859375