0 0.34453125 0.509375 0.0234375 0.03671875
0 0.090625 0.5140625 0.03203125 0.04609375
0 0.33359375 0.51875 0.01875 0.028125
0 0.06953125 0.52109375 0.03671875 0.05078125
0 0.53046875 0.52109375 0.028125 0.04609375
0 0.4609375 0.528125 0.03203125 0.04140625
0 0.23359375 0.528125 0.028125 0.04140625
0 0.6640625 0.53046875 0.03671875 0.05078125
0 0.0234375 0.53046875 0.03203125 0.05078125
0 0.16875 0.534375 0.03203125 0.05546875
0 0.29609375 0.534375 0.03203125 0.04609375
0 0.3796875 0.53671875 0.03671875 0.04140625
0 0.99296875 0.54140625 0.0046875 0.028125
0 0.134375 0.54375 0.028125 0.028125
0 0.91875 0.54375 0.03203125 0.05078125
0 0.40546875 0.54375 0.03671875 0.06484375
0 0.21796875 0.54609375 0.028125 0.05078125
0 0.9375 0.55078125 0.0234375 0.04140625
0 0.571875 0.55078125 0.03671875 0.05078125
0 0.96328125 0.553125 0.01875 0.03671875
0 0.72421875 0.553125 0.03671875 0.06015625
0 0.48828125 0.5578125 0.04140625 0.06015625