0 0.29609375 0.428125 0.01875 0.0234375
0 0.41875 0.4328125 0.009375 0.0140625
0 0.6109375 0.4328125 0.0046875 0.0140625
0 0.534375 0.4375 0.0046875 0.0046875
0 0.35625 0.4375 0.0046875 0.009375
0 0.36328125 0.4375 0.0046875 0.0046875
0 0.50234375 0.4375 0.0046875 0.0046875
0 0.55546875 0.4375 0.0046875 0.0046875
0 0.60390625 0.4375 0.009375 0.009375
0 0.615625 0.4375 0.0046875 0.0046875
0 0.32421875 0.43984375 0.0046875 0.0046875
0 0.51875 0.43984375 0.0046875 0.0046875
0 0.528125 0.43984375 0.0046875 0.0046875
0 0.4515625 0.43984375 0.0046875 0.0046875
0 0.5578125 0.43984375 0.0046875 0.0046875
0 0.59296875 0.44453125 0.0046875 0.009375
0 0.45859375 0.44453125 0.009375 0.0046875
0 0.259375 0.446875 0.0046875 0.0046875
0 0.4765625 0.446875 0.0046875 0.0046875
0 0.4421875 0.446875 0.0046875 0.0046875
0 0.26875 0.446875 0.0046875 0.009375
0 0.48828125 0.446875 0.0046875 0.0046875
0 0.33828125 0.446875 0.0046875 0.009375
0 0.46953125 0.446875 0.0046875 0.009375
0 0.32421875 0.44921875 0.0046875 0.0046875
0 0.39140625 0.44921875 0.0046875 0.0046875
0 0.43515625 0.44921875 0.0046875 0.0046875
0 0.2265625 0.44921875 0.0046875 0.0046875
0 0.48359375 0.44921875 0.0046875 0.0046875
0 0.51171875 0.44921875 0.0046875 0.0046875
0 0.56484375 0.44921875 0.0046875 0.0046875
0 0.23359375 0.4515625 0.0046875 0.0046875
0 0.3171875 0.4515625 0.0046875 0.009375
0 0.57421875 0.4515625 0.0046875 0.009375
0 0.4375 0.4515625 0.0046875 0.0046875
0 0.4421875 0.4515625 0.0046875 0.0046875
0 0.4953125 0.4515625 0.0046875 0.0046875
0 0.52109375 0.4515625 0.0046875 0.0046875
0 0.4515625 0.4515625 0.0046875 0.0046875
0 0.25 0.45390625 0.009375 0.009375
0 0.3515625 0.45390625 0.0140625 0.0140625
0 0.553125 0.45390625 0.0046875 0.009375
0 0.634375 0.45390625 0.0046875 0.009375
0 0.2734375 0.45390625 0.0046875 0.009375
0 0.5484375 0.45390625 0.0046875 0.009375
0 0.5625 0.45390625 0.0046875 0.0046875
0 0.40078125 0.45625 0.009375 0.009375
0 0.53203125 0.45625 0.0046875 0.0046875
0 0.53671875 0.45625 0.0046875 0.0046875
0 0.2265625 0.45625 0.0046875 0.0046875
0 0.2640625 0.45625 0.0046875 0.009375
0 0.56953125 0.45625 0.0046875 0.0046875
0 0.62734375 0.45625 0.0046875 0.009375
0 0.64140625 0.45625 0.0046875 0.0046875
0 0.1921875 0.45625 0.0046875 0.009375
0 0.25703125 0.45625 0.0046875 0.0046875
0 0.47421875 0.45625 0.009375 0.0046875
0 0.91171875 0.45625 0.0046875 0.0046875
0 0.32421875 0.45625 0.0046875 0.0046875
0 0.37734375 0.45625 0.0046875 0.0046875
0 0.44921875 0.45625 0.0046875 0.0046875
0 0.928125 0.45859375 0.0046875 0.0046875
0 0.23359375 0.45859375 0.0046875 0.009375
0 0.45859375 0.45859375 0.0046875 0.009375
0 0.93515625 0.45859375 0.009375 0.0140625
0 0.38203125 0.45859375 0.0046875 0.0046875
0 0.6203125 0.45859375 0.009375 0.009375
0 0.94921875 0.45859375 0.0046875 0.009375
0 0.90078125 0.4609375 0.0046875 0.0046875
0 0.240625 0.4609375 0.0046875 0.009375
0 0.4375 0.4609375 0.0046875 0.0046875
0 0.14375 0.4609375 0.0140625 0.0234375
0 0.89375 0.4609375 0.009375 0.009375
0 0.903125 0.4609375 0.0046875 0.0046875
0 0.20390625 0.4609375 0.0046875 0.009375
0 0.1296875 0.4609375 0.009375 0.0140625
0 0.465625 0.4609375 0.0140625 0.0140625
0 0.50234375 0.4609375 0.0140625 0.01875
0 0.51875 0.4609375 0.0046875 0.009375
0 0.5625 0.4609375 0.009375 0.009375
0 0.59921875 0.4609375 0.009375 0.0140625
0 0.2546875 0.46328125 0.0046875 0.009375
0 0.49296875 0.46328125 0.0046875 0.0140625
0 0.59296875 0.46328125 0.009375 0.0140625
0 0.06953125 0.46328125 0.0140625 0.01875
0 0.221875 0.46328125 0.0046875 0.0140625
0 0.5140625 0.46328125 0.0046875 0.0046875
0 0.95625 0.46328125 0.009375 0.009375
0 0.91875 0.46328125 0.009375 0.009375
0 0.215625 0.46328125 0.009375 0.0140625
0 0.4859375 0.46328125 0.009375 0.0140625
0 0.25 0.465625 0.009375 0.009375
0 0.3703125 0.465625 0.0046875 0.009375
0 0.28203125 0.465625 0.009375 0.0140625
0 0.04140625 0.465625 0.01875 0.01875
0 0.27109375 0.465625 0.0046875 0.0140625
0 0.57421875 0.46796875 0.009375 0.009375
0 0.615625 0.46796875 0.009375 0.0140625
0 0.53671875 0.46796875 0.0140625 0.0140625
0 0.5625 0.46796875 0.009375 0.0046875
0 0.90703125 0.46953125 0.0046875 0.0046875
0 0.34296875 0.46953125 0.0140625 0.0140625
0 0.625 0.46953125 0.0046875 0.0046875
0 0.63671875 0.46953125 0.009375 0.009375
0 0.1734375 0.46953125 0.009375 0.0140625
0 0.05078125 0.46953125 0.0140625 0.01875
0 0.58828125 0.46953125 0.0140625 0.0140625
0 0.5234375 0.471875 0.009375 0.009375
0 0.25 0.471875 0.009375 0.009375
0 0.02578125 0.47421875 0.0140625 0.0234375
0 0.4421875 0.47421875 0.0140625 0.01875
0 0.01171875 0.47890625 0.0234375 0.04140625
0 0.19453125 0.47890625 0.0140625 0.01875
0 0.3609375 0.47890625 0.009375 0.0140625
0 0.2453125 0.47890625 0.0046875 0.0140625
0 0.375 0.47890625 0.009375 0.0140625
0 0.1203125 0.47890625 0.009375 0.01875
0 0.38203125 0.47890625 0.0046875 0.009375
0 0.45390625 0.47890625 0.009375 0.01875
0 0.4234375 0.48125 0.009375 0.0234375
0 0.58125 0.48125 0.0140625 0.0140625
0 0.0671875 0.48125 0.01875 0.0234375
0 0.1828125 0.48125 0.0140625 0.01875
0 0.2359375 0.48359375 0.0140625 0.01875
0 0.615625 0.48359375 0.0140625 0.01875
0 0.15078125 0.48359375 0.0140625 0.01875
0 0.34453125 0.48359375 0.0140625 0.0234375
0 0.5625 0.48359375 0.01875 0.0234375
0 0.4328125 0.490625 0.01875 0.03203125
0 0.39375 0.490625 0.0140625 0.01875
0 0.29140625 0.4953125 0.01875 0.0234375
0 0.03671875 0.4953125 0.01875 0.028125
0 0.25 0.49765625 0.0140625 0.01875
0 0.26875 0.49765625 0.0140625 0.0234375
0 0.57890625 0.5 0.01875 0.028125
0 0.18046875 0.5 0.01875 0.0234375
0 0.68984375 0.5 0.01875 0.01875
0 0.196875 0.50234375 0.01875 0.0234375
0 0.08828125 0.50234375 0.01875 0.0234375
0 0.12265625 0.50234375 0.0140625 0.028125
0 0.446875 0.50703125 0.0140625 0.01875
0 0.00703125 0.50703125 0.0140625 0.0234375
0 0.54375 0.51171875 0.028125 0.03671875
0 0.52109375 0.51640625 0.01875 0.03203125
0 0.5046875 0.51640625 0.01875 0.028125
0 0.384375 0.51640625 0.01875 0.0234375
0 0.6734375 0.51875 0.01875 0.028125
0 0.2453125 0.52109375 0.0234375 0.01875
0 0.22890625 0.52109375 0.0140625 0.01875
0 0.48359375 0.5234375 0.0234375 0.03671875
0 0.2109375 0.528125 0.0234375 0.03203125
0 0.7453125 0.534375 0.028125 0.03671875
0 0.11328125 0.53671875 0.03203125 0.03203125
0 0.090625 0.5390625 0.01875 0.03203125
0 0.01171875 0.5390625 0.0234375 0.04140625
0 0.365625 0.54140625 0.03203125 0.03671875
0 0.159375 0.54609375 0.0234375 0.03203125
0 0.6015625 0.5578125 0.028125 0.03203125
0 0.27578125 0.56484375 0.0234375 0.03203125
0 0.54375 0.56953125 0.028125 0.04140625
0 0.0234375 0.57890625 0.04609375 0.06015625
0 0.8078125 0.58125 0.03671875 0.06015625
0 0.21796875 0.58828125 0.0234375 0.03203125
0 0.1828125 0.60625 0.03203125 0.05078125
0 0.11328125 0.61328125 0.03203125 0.06015625
0 0.6296875 0.6203125 0.04140625 0.06015625
0 0.92578125 0.63671875 0.05546875 0.07890625
0 0.78203125 0.64375 0.05078125 0.07421875
0 0.74765625 0.6484375 0.05078125 0.07421875
0 0.5484375 0.65546875 0.05078125 0.08359375
0 0.409375 0.7453125 0.05546875 0.09296875
0 0.2640625 0.78671875 0.05078125 0.07421875
0 0.1203125 0.803125 0.07890625 0.1390625