0 0.79609375 0.2546875 0.04140625 0.06953125
0 0.06953125 0.25703125 0.03671875 0.06015625
0 0.66875 0.259375 0.04140625 0.06484375
0 0.28046875 0.2640625 0.03203125 0.06015625
0 0.52578125 0.2734375 0.03671875 0.06015625
0 0.2359375 0.29140625 0.03203125 0.05078125
0 0.16640625 0.303125 0.03671875 0.06953125
0 0.67578125 0.03203125 0.03203125 0.05546875
0 0.45859375 0.31953125 0.04609375 0.05546875
0 0.1109375 0.32421875 0.04140625 0.06484375
0 0.32890625 0.33359375 0.04140625 0.06953125
0 0.69453125 0.36328125 0.04140625 0.06953125
0 0.971875 0.3703125 0.04609375 0.1390625
0 0.51640625 0.37265625 0.03671875 0.07421875
0 0.22421875 0.384375 0.03671875 0.07421875
0 0.63671875 0.0390625 0.03671875 0.06015625
0 0.61328125 0.39609375 0.05078125 0.096875
0 0.778125 0.39609375 0.05546875 0.1015625
0 0.71796875 0.40078125 0.03203125 0.05078125
0 0.2359375 0.04140625 0.028125 0.04609375
0 0.43984375 0.4234375 0.05546875 0.096875
0 0.92578125 0.04375 0.03671875 0.06015625
0 0.64609375 0.43984375 0.05078125 0.08828125
0 0.89140625 0.44453125 0.04609375 0.07890625
0 0.28203125 0.44921875 0.06015625 0.09296875
0 0.740625 0.47421875 0.06484375 0.09296875
0 0.40078125 0.490625 0.04140625 0.06015625
0 0.06484375 0.49296875 0.05078125 0.096875
0 0.2359375 0.53046875 0.06953125 0.09296875
0 0.6109375 0.54609375 0.06484375 0.1203125
0 0.84921875 0.5578125 0.06484375 0.1203125
0 0.92109375 0.571875 0.06484375 0.096875
0 0.36796875 0.615625 0.06953125 0.134375
0 0.08828125 0.0625 0.01875 0.03203125
0 0.25 0.66171875 0.08828125 0.1109375
0 0.034375 0.66875 0.06484375 0.134375
0 0.2015625 0.0671875 0.03203125 0.06015625
0 0.70390625 0.7015625 0.06953125 0.1390625
0 0.8515625 0.07421875 0.04140625 0.04140625
0 0.27109375 0.73828125 0.07421875 0.125
0 0.20625 0.803125 0.06953125 0.07890625
0 0.12265625 0.08359375 0.0234375 0.04140625
0 0.74296875 0.08828125 0.04140625 0.06015625
0 0.32421875 0.090625 0.03203125 0.04609375
0 0.2453125 0.090625 0.0234375 0.03671875
0 0.071875 0.946875 0.115625 0.096875
0 0.45390625 0.10390625 0.0234375 0.04140625
0 0.54375 0.10390625 0.028125 0.04609375
0 0.4859375 0.115625 0.03203125 0.06015625
0 0.865625 0.115625 0.03203125 0.04609375
0 0.8265625 0.115625 0.03671875 0.06015625
0 0.14609375 0.1296875 0.03203125 0.05078125
0 0.0578125 0.1296875 0.03671875 0.05546875
0 0.20390625 0.13203125 0.01875 0.03203125
0 0.4234375 0.14375 0.03671875 0.06484375
0 0.096875 0.14375 0.03671875 0.05546875
0 0.31484375 0.14609375 0.03671875 0.06015625
0 0.8515625 0.01640625 0.04140625 0.03203125
0 0.1875 0.1640625 0.03203125 0.04609375
0 0.221875 0.1640625 0.03203125 0.05546875
0 0.76640625 0.01875 0.03203125 0.03671875
0 0.83828125 0.19921875 0.028125 0.04609375
0 0.94921875 0.20390625 0.03203125 0.05546875
0 0.8890625 0.20859375 0.028125 0.04140625
0 0.49296875 0.20859375 0.028125 0.03203125
0 0.01640625 0.21328125 0.03203125 0.05078125
0 0.590625 0.0234375 0.03203125 0.04609375
0 0.6296875 0.221875 0.04140625 0.05546875
0 0.9859375 0.0234375 0.028125 0.04609375
0 0.54140625 0.22890625 0.03203125 0.03203125
0 0.8359375 0.24765625 0.03671875 0.05546875
0 0.70859375 0.24765625 0.03671875 0.06015625