0 0.6875 0.13203125 0.009375 0.0046875
0 0.4140625 0.1390625 0.01875 0.0046875
0 0.70859375 0.1390625 0.009375 0.0046875
0 0.278125 0.1390625 0.0140625 0.009375
0 0.69453125 0.1390625 0.009375 0.0046875
0 0.38671875 0.14140625 0.0140625 0.0046875
0 0.72421875 0.14140625 0.009375 0.0046875
0 0.3171875 0.14375 0.009375 0.0046875
0 0.35625 0.14375 0.0046875 0.0046875
0 0.3703125 0.14375 0.0140625 0.0046875
0 0.715625 0.14609375 0.009375 0.0046875
0 0.596875 0.14609375 0.009375 0.0046875
0 0.303125 0.1484375 0.009375 0.0046875
0 0.803125 0.1484375 0.009375 0.0046875
0 0.8265625 0.1484375 0.0140625 0.009375
0 0.6828125 0.1484375 0.0140625 0.0046875
0 0.88203125 0.15078125 0.0140625 0.009375
0 0.85859375 0.15078125 0.009375 0.0046875
0 0.87265625 0.15078125 0.009375 0.0046875
0 0.70625 0.15078125 0.0140625 0.0046875
0 0.73359375 0.15078125 0.009375 0.0046875
0 0.78203125 0.15078125 0.0140625 0.009375
0 0.83828125 0.15078125 0.01875 0.009375
0 0.946875 0.15078125 0.0140625 0.009375
0 0.403125 0.153125 0.03671875 0.009375
0 0.13203125 0.153125 0.03203125 0.0234375
0 0.58828125 0.15546875 0.0140625 0.009375
0 0.90078125 0.15703125 0.01875 0.0140625
0 0.64375 0.15703125 0.01875 0.009375
0 0.85859375 0.159375 0.0140625 0.0140625
0 0.94453125 0.159375 0.0140625 0.009375
0 0.36796875 0.16171875 0.0140625 0.009375
0 0.70390625 0.16171875 0.009375 0.009375
0 0.71328125 0.16171875 0.0140625 0.009375
0 0.803125 0.1640625 0.01875 0.009375
0 0.62265625 0.16640625 0.0234375 0.0140625
0 0.66875 0.16640625 0.0234375 0.01875
0 0.15703125 0.16640625 0.03671875 0.03203125
0 0.3265625 0.16640625 0.03671875 0.028125
0 0.77578125 0.16875 0.01875 0.009375
0 0.01640625 0.17109375 0.03203125 0.03671875
0 0.90546875 0.17109375 0.0140625 0.009375
0 0.3609375 0.17109375 0.01875 0.0140625
0 0.26640625 0.1734375 0.009375 0.009375
0 0.821875 0.1734375 0.0140625 0.009375
0 0.06953125 0.17578125 0.07421875 0.04609375
0 0.85390625 0.17578125 0.04140625 0.01875
0 0.28203125 0.17578125 0.0140625 0.0140625
0 0.240625 0.178125 0.03671875 0.03203125
0 0.88671875 0.178125 0.01875 0.0140625
0 0.29609375 0.18046875 0.01875 0.009375
0 0.19453125 0.1828125 0.04609375 0.03203125
0 0.73359375 0.1828125 0.03203125 0.028125
0 0.40078125 0.18515625 0.03671875 0.03203125
0 0.78671875 0.18984375 0.01875 0.01875
0 0.9140625 0.1921875 0.0140625 0.0140625
0 0.56953125 0.1921875 0.07421875 0.04140625
0 0.46328125 0.1921875 0.04609375 0.028125
0 0.36796875 0.196875 0.04140625 0.028125
0 0.909375 0.2015625 0.0140625 0.009375
0 0.840625 0.2015625 0.05546875 0.03671875
0 0.01640625 0.20390625 0.03203125 0.0234375
0 0.65078125 0.21953125 0.06484375 0.04140625
0 0.8078125 0.24765625 0.05546875 0.04140625
0 0.4609375 0.28046875 0.03203125 0.028125
0 0.17109375 0.29375 0.05546875 0.03671875
0 0.4140625 0.29375 0.05546875 0.03203125