0 0.81484375 0.496875 0.10234375 0.134375
0 0.14609375 0.60078125 0.0203125 0.5671875
0 0.209375 0.50234375 0.025 0.37109375
0 0.2703125 0.509375 0.01171875 0.41328125
0 0.33046875 0.51171875 0.01796875 0.39375
0 0.38984375 0.5265625 0.034375 0.3421875
0 0.5140625 0.59765625 0.01875 0.56953125
0 0.57578125 0.6140625 0.015625 0.57890625
0 0.6328125 0.47890625 0.0140625 0.3
0 0.69609375 0.61484375 0.0109375 0.53828125
0 0.7546875 0.6078125 0.0109375 0.55234375
0 0.82109375 0.51640625 0.01015625 0.36953125
0 0.8796875 0.5734375 0.00625 0.46484375